5.00   5.00   5.00   5.00   5.00   5.00   5.00   5.00   5.00   5.00   5.00   5.00   5.00   5.00   5.00   5.00   5.00   5.00   5.00   5.00   5.00   5.00   5.00   5.00   5.00   5.00   5.00   5.00   5.00   5.00   5.00   5.00   5.00   5.00   5.00   5.00   5.00   5.00   5.00   5.00   5.00   5.00   5.00   5.00   5.00   5.00   5.00   5.00   5.00   5.00   5.00   5.00   5.00   5.00   5.00   5.00   5.00   5.00   5.00   5.00   5.00   5.00   5.00   5.00   5.00   5.00   5.00   5.00   5.00   5.00   5.00   5.00   5.00   5.00   5.00   5.00   5.00   5.00   
0.06   0.75   0.06   0.06   0.06   0.06   0.06   0.06   0.06   0.06   0.06   0.75   0.06   0.06   0.99   0.06   0.86   0.06   0.06   0.06   0.06   0.06   0.06   0.06   0.06   0.06   0.99   0.06   0.06   0.06   0.06   0.06   0.06   0.06   0.06   0.99   0.75   0.86   0.06   0.06   0.06   0.99   0.06   0.06   0.06   0.06   0.06   0.86   0.06   0.99   0.06   0.06   0.06   0.99   0.86   0.86   0.99   0.06   0.86   0.86   0.86   0.86   0.06   0.06   0.06   0.06   0.06   0.06   0.75   0.06   0.86   0.06   0.86   0.86   0.86   0.99   0.86   0.86   
0.06   0.75   0.06   0.06   0.06   0.06   0.06   0.06   0.06   0.06   0.06   0.75   0.06   0.06   0.99   0.06   0.86   0.06   0.06   0.06   0.06   0.06   0.06   0.06   0.06   0.06   0.99   0.06   0.06   0.06   0.06   0.06   0.06   0.06   0.06   0.99   0.75   0.86   0.06   0.06   0.06   0.99   0.06   0.06   0.06   0.06   0.06   0.86   0.06   0.99   0.06   0.06   0.06   0.99   0.86   0.86   0.99   0.06   0.86   0.86   0.86   0.86   0.06   0.06   0.06   0.06   0.06   0.06   0.75   0.06   0.86   0.06   0.86   0.86   0.86   0.99   0.86   0.86   
0.06   0.30   0.15   0.07   0.16   0.38   0.17   0.31   0.03   0.57   0.25   0.06   0.10   0.13   0.66   0.57   0.17   0.16   0.30   0.27   0.36   0.10   0.06   0.47   0.22   0.38   0.84   0.11   0.10   0.15   0.14   0.90   0.64   0.19   0.40   0.65   0.88   0.86   0.11   0.02   0.69   0.90   0.97   0.42   0.77   0.15   0.15   0.52   0.48   0.69   0.33   0.17   0.05   0.54   0.48   0.42   0.66   0.11   0.78   0.88   0.49   0.90   0.77   0.93   0.79   0.19   0.59   0.86   0.71   0.65   0.78   0.92   0.89   0.82   0.92   0.86   0.84   0.40   
0.00   0.86   0.01   0.00   0.01   0.03   0.01   0.02   0.00   0.84   0.01   0.26   0.01   0.01   1.00   0.84   0.86   0.01   0.02   0.02   0.02   0.00   0.00   0.04   0.01   0.03   1.00   0.01   0.01   0.01   0.01   0.97   0.87   0.01   0.03   1.00   0.99   0.99   0.01   0.00   0.90   1.00   0.99   0.03   0.93   0.01   0.01   0.97   0.04   1.00   0.02   0.01   0.00   0.99   0.96   0.96   1.00   0.01   0.99   1.00   0.97   1.00   0.93   0.98   0.94   0.01   0.85   0.96   0.97   0.88   0.99   0.98   1.00   0.99   1.00   1.00   0.99   0.95   

5.00   5.00   5.00   5.00   5.00   5.00   5.00   5.00   5.00   5.00   5.00   5.00   5.00   5.00   5.00   5.00   5.00   5.00   5.00   5.00   5.00   5.00   5.00   5.00   5.00   5.00   5.00   5.00   5.00   5.00   5.00   5.00   5.00   5.00   5.00   5.00   5.00   5.00   5.00   5.00   5.00   5.00   5.00   5.00   5.00   5.00   5.00   5.00   5.00   5.00   5.00   5.00   5.00   5.00   5.00   5.00   5.00   5.00   5.00   5.00   5.00   5.00   5.00   5.00   5.00   5.00   5.00   5.00   5.00   5.00   5.00   5.00   5.00   5.00   5.00   5.00   5.00   5.00   
0.05   0.67   0.05   0.05   0.05   0.05   0.05   0.05   0.05   0.05   0.05   0.67   0.05   0.05   0.92   0.05   0.81   0.05   0.05   0.05   0.05   0.05   0.05   0.05   0.05   0.05   0.92   0.05   0.05   0.05   0.05   0.05   0.05   0.05   0.05   0.99   0.89   0.95   0.05   0.05   0.76   0.99   0.76   0.05   0.05   0.05   0.05   0.81   0.05   0.99   0.05   0.05   0.05   0.92   0.81   0.95   0.92   0.76   0.95   0.95   0.81   0.95   0.76   0.05   0.05   0.05   0.05   0.05   0.89   0.05   0.95   0.05   0.81   0.81   0.95   0.99   0.95   0.95   
0.05   0.67   0.05   0.05   0.05   0.05   0.05   0.05   0.05   0.05   0.05   0.67   0.05   0.05   0.92   0.05   0.81   0.05   0.05   0.05   0.05   0.05   0.05   0.05   0.05   0.05   0.92   0.05   0.05   0.05   0.05   0.05   0.05   0.05   0.05   0.99   0.89   0.95   0.05   0.05   0.76   0.99   0.76   0.05   0.05   0.05   0.05   0.81   0.05   0.99   0.05   0.05   0.05   0.92   0.81   0.95   0.92   0.76   0.95   0.95   0.81   0.95   0.76   0.05   0.05   0.05   0.05   0.05   0.89   0.05   0.95   0.05   0.81   0.81   0.95   0.99   0.95   0.95   
0.50   0.16   0.07   0.50   0.05   0.54   0.06   0.31   0.50   0.82   0.04   0.01   0.50   0.50   0.50   0.30   0.08   0.02   0.13   0.32   0.21   0.50   0.50   0.47   0.10   0.11   0.50   0.50   0.50   0.06   0.04   0.98   0.76   0.07   0.21   0.50   0.97   0.50   0.50   0.50   0.88   0.50   1.00   0.30   0.94   0.03   0.03   0.49   0.44   0.50   0.23   0.04   0.50   0.50   0.44   0.27   0.50   0.50   0.83   0.50   0.69   0.50   0.89   0.99   0.93   0.24   0.67   0.92   0.81   0.73   0.88   0.98   0.50   0.94   0.50   0.50   0.50   0.41   
0.04   0.25   0.00   0.04   0.00   0.05   0.00   0.02   0.04   0.90   0.00   0.02   0.04   0.04   0.99   0.02   0.22   0.00   0.01   0.02   0.01   0.04   0.04   0.04   0.00   0.01   0.99   0.04   0.04   0.00   0.00   0.99   0.86   0.00   0.01   0.99   1.00   0.96   0.04   0.04   0.98   0.99   1.00   0.02   0.97   0.00   0.00   0.89   0.03   0.99   0.01   0.00   0.04   0.99   0.87   0.93   0.99   0.04   0.99   0.96   0.95   0.96   0.99   0.99   0.96   0.01   0.08   0.96   0.99   0.84   1.00   0.99   0.96   0.99   0.96   0.99   0.96   0.96   

5.00   5.00   5.00   5.00   5.00   5.00   5.00   5.00   5.00   5.00   5.00   5.00   5.00   5.00   5.00   5.00   5.00   5.00   5.00   5.00   5.00   5.00   5.00   5.00   5.00   5.00   5.00   5.00   5.00   5.00   5.00   5.00   5.00   5.00   5.00   5.00   5.00   5.00   5.00   5.00   5.00   5.00   5.00   5.00   5.00   5.00   5.00   5.00   5.00   5.00   5.00   5.00   5.00   5.00   5.00   5.00   5.00   5.00   5.00   5.00   5.00   5.00   5.00   5.00   5.00   5.00   5.00   5.00   5.00   5.00   5.00   5.00   5.00   5.00   5.00   5.00   5.00   5.00   
0.02   0.08   0.02   0.21   0.02   0.02   0.21   0.21   0.02   0.21   0.02   0.63   0.21   0.21   0.86   0.21   0.59   0.21   0.02   0.21   0.21   0.02   0.21   0.21   0.21   0.21   0.86   0.02   0.02   0.02   0.02   0.21   0.02   0.02   0.02   0.99   0.95   0.95   0.02   0.21   0.84   0.99   0.84   0.02   0.21   0.02   0.21   0.07   0.21   0.99   0.21   0.21   0.21   0.86   0.07   0.95   0.86   0.84   0.95   0.23   0.59   0.95   0.84   0.21   0.21   0.21   0.21   0.21   0.95   0.02   0.95   0.02   0.07   0.07   0.95   0.99   0.95   0.95   
0.02   0.08   0.02   0.21   0.02   0.02   0.21   0.21   0.02   0.21   0.02   0.63   0.21   0.21   0.86   0.21   0.59   0.21   0.02   0.21   0.21   0.02   0.21   0.21   0.21   0.21   0.86   0.02   0.02   0.02   0.02   0.21   0.02   0.02   0.02   0.99   0.95   0.95   0.02   0.21   0.84   0.99   0.84   0.02   0.21   0.02   0.21   0.07   0.21   0.99   0.21   0.21   0.21   0.86   0.07   0.95   0.86   0.84   0.95   0.23   0.59   0.95   0.84   0.21   0.21   0.21   0.21   0.21   0.95   0.02   0.95   0.02   0.07   0.07   0.95   0.99   0.95   0.95   
0.50   0.14   0.50   0.50   0.50   0.50   0.50   0.09   0.50   0.93   0.50   0.01   0.50   0.50   0.50   0.35   0.12   0.50   0.50   0.18   0.31   0.50   0.50   0.20   0.50   0.50   0.50   0.50   0.50   0.50   0.50   1.00   0.68   0.50   0.32   0.50   0.50   0.50   0.50   0.50   0.95   0.50   0.50   0.41   0.98   0.50   0.50   0.39   0.21   0.50   0.65   0.50   0.50   0.50   0.46   0.49   0.50   0.50   0.50   0.50   0.88   0.50   0.96   0.50   0.97   0.39   0.70   0.96   0.83   0.73   0.50   0.99   0.50   0.98   0.50   0.50   0.50   0.83   
0.04   0.04   0.04   0.04   0.04   0.02   0.04   0.03   0.04   0.95   0.04   0.01   0.04   0.04   0.99   0.13   0.14   0.04   0.04   0.06   0.12   0.04   0.04   0.07   0.04   0.04   0.99   0.04   0.04   0.04   0.04   1.00   0.04   0.04   0.01   0.99   0.95   0.95   0.04   0.04   0.99   0.99   0.89   0.02   0.99   0.04   0.04   0.13   0.07   0.99   0.74   0.04   0.04   0.99   0.16   0.96   0.99   0.04   0.96   0.95   0.97   0.95   1.00   0.04   0.98   0.16   0.78   0.98   0.99   0.06   0.96   0.98   0.95   0.97   0.95   0.99   0.95   0.99   

5.00   5.00   5.00   5.00   5.00   5.00   5.00   5.00   5.00   5.00   5.00   5.00   5.00   5.00   5.00   5.00   5.00   5.00   5.00   5.00   5.00   5.00   5.00   5.00   5.00   5.00   5.00   5.00   5.00   5.00   5.00   5.00   5.00   5.00   5.00   5.00   5.00   5.00   5.00   5.00   5.00   5.00   5.00   5.00   5.00   5.00   5.00   5.00   5.00   5.00   5.00   5.00   5.00   5.00   5.00   5.00   5.00   5.00   5.00   5.00   5.00   5.00   5.00   5.00   5.00   5.00   5.00   5.00   5.00   5.00   5.00   5.00   5.00   5.00   5.00   5.00   5.00   5.00   
0.02   0.08   0.02   0.20   0.02   0.02   0.20   0.20   0.02   0.20   0.02   0.62   0.20   0.20   0.85   0.20   0.57   0.20   0.02   0.20   0.20   0.02   0.20   0.24   0.20   0.24   0.87   0.02   0.02   0.02   0.02   0.24   0.02   0.02   0.03   0.99   0.94   0.95   0.02   0.24   0.83   0.99   0.83   0.02   0.24   0.02   0.20   0.07   0.20   0.99   0.24   0.24   0.20   0.85   0.07   0.95   0.85   0.86   0.95   0.24   0.57   0.95   0.83   0.20   0.20   0.20   0.20   0.20   0.94   0.02   0.95   0.02   0.07   0.07   0.95   0.99   0.95   0.95   
0.02   0.08   0.02   0.20   0.02   0.02   0.20   0.20   0.02   0.20   0.02   0.62   0.20   0.20   0.85   0.20   0.57   0.20   0.02   0.20   0.20   0.02   0.20   0.24   0.20   0.24   0.87   0.02   0.02   0.02   0.02   0.24   0.02   0.02   0.03   0.99   0.94   0.95   0.02   0.24   0.83   0.99   0.83   0.02   0.24   0.02   0.20   0.07   0.20   0.99   0.24   0.24   0.20   0.85   0.07   0.95   0.85   0.86   0.95   0.24   0.57   0.95   0.83   0.20   0.20   0.20   0.20   0.20   0.94   0.02   0.95   0.02   0.07   0.07   0.95   0.99   0.95   0.95   
0.50   0.10   0.50   0.50   0.50   0.61   0.50   0.11   0.50   0.89   0.50   0.01   0.50   0.50   0.50   0.34   0.13   0.50   0.50   0.21   0.37   0.50   0.50   0.17   0.50   0.50   0.50   0.50   0.50   0.50   0.50   0.50   0.74   0.50   0.26   0.50   0.50   0.50   0.50   0.50   0.50   0.50   0.50   0.35   0.97   0.50   0.50   0.37   0.17   0.50   0.54   0.50   0.50   0.50   0.38   0.54   0.50   0.50   0.50   0.50   0.84   0.50   0.50   0.50   0.97   0.35   0.70   0.92   0.85   0.78   0.50   0.99   0.50   0.98   0.50   0.50   0.50   0.85   
0.04   0.02   0.04   0.04   0.04   0.03   0.04   0.03   0.04   0.92   0.04   0.02   0.04   0.04   0.99   0.12   0.14   0.04   0.04   0.06   0.13   0.04   0.04   0.05   0.04   0.04   0.99   0.04   0.04   0.04   0.04   0.20   0.05   0.04   0.01   0.99   0.95   0.94   0.04   0.04   0.88   0.99   0.88   0.01   0.98   0.04   0.04   0.11   0.05   0.99   0.63   0.04   0.04   0.99   0.12   0.97   0.99   0.04   0.96   0.94   0.95   0.94   0.88   0.04   0.97   0.12   0.76   0.94   0.99   0.06   0.96   0.97   0.94   0.97   0.94   0.99   0.94   0.99   

5.00   5.00   5.00   5.00   5.00   5.00   5.00   5.00   5.00   5.00   5.00   5.00   5.00   5.00   5.00   5.00   5.00   5.00   5.00   5.00   5.00   5.00   5.00   5.00   5.00   5.00   5.00   5.00   5.00   5.00   5.00   5.00   5.00   5.00   5.00   5.00   5.00   5.00   5.00   5.00   5.00   5.00   5.00   5.00   5.00   5.00   5.00   5.00   5.00   5.00   5.00   5.00   5.00   5.00   5.00   5.00   5.00   5.00   5.00   5.00   5.00   5.00   5.00   5.00   5.00   5.00   5.00   5.00   5.00   5.00   5.00   5.00   5.00   5.00   5.00   5.00   5.00   5.00   
0.06   0.03   0.06   0.25   0.06   0.06   0.05   0.25   0.06   0.25   0.01   0.63   0.25   0.25   0.83   0.25   0.63   0.25   0.01   0.05   0.25   0.01   0.25   0.31   0.05   0.05   0.86   0.06   0.01   0.01   0.01   0.31   0.06   0.06   0.07   0.99   0.95   0.96   0.06   0.31   0.88   0.99   0.88   0.01   0.31   0.06   0.05   0.03   0.25   0.99   0.31   0.31   0.25   0.83   0.03   0.96   0.83   0.90   0.96   0.50   0.63   0.96   0.88   0.25   0.25   0.25   0.25   0.25   0.95   0.06   0.96   0.06   0.12   0.12   0.96   0.99   0.96   0.96   
0.06   0.03   0.06   0.25   0.06   0.06   0.05   0.25   0.06   0.25   0.01   0.63   0.25   0.25   0.83   0.25   0.63   0.25   0.01   0.05   0.25   0.01   0.25   0.31   0.05   0.05   0.86   0.06   0.01   0.01   0.01   0.31   0.06   0.06   0.07   0.99   0.95   0.96   0.06   0.31   0.88   0.99   0.88   0.01   0.31   0.06   0.05   0.03   0.25   0.99   0.31   0.31   0.25   0.83   0.03   0.96   0.83   0.90   0.96   0.50   0.63   0.96   0.88   0.25   0.25   0.25   0.25   0.25   0.95   0.06   0.96   0.06   0.12   0.12   0.96   0.99   0.96   0.96   
0.50   0.08   0.50   0.50   0.50   0.56   0.50   0.08   0.50   0.87   0.50   0.01   0.50   0.50   0.50   0.29   0.10   0.50   0.50   0.17   0.32   0.50   0.50   0.14   0.50   0.50   0.50   0.50   0.50   0.50   0.50   0.50   0.70   0.50   0.22   0.50   0.50   0.50   0.50   0.50   0.50   0.50   0.50   0.30   0.97   0.50   0.50   0.31   0.13   0.50   0.49   0.50   0.50   0.50   0.32   0.48   0.50   0.50   0.50   0.50   0.82   0.50   0.50   0.50   0.96   0.30   0.66   0.91   0.83   0.74   0.50   0.99   0.50   0.98   0.50   0.50   0.50   0.83   
0.03   0.00   0.03   0.03   0.03   0.07   0.03   0.03   0.03   0.91   0.03   0.01   0.03   0.03   0.99   0.11   0.09   0.03   0.03   0.01   0.12   0.03   0.03   0.06   0.03   0.03   0.99   0.03   0.03   0.03   0.03   0.20   0.12   0.03   0.02   0.99   0.96   0.95   0.03   0.03   0.91   0.99   0.91   0.00   0.98   0.03   0.03   0.02   0.05   0.99   0.64   0.03   0.03   0.99   0.02   0.96   0.99   0.03   0.97   0.95   0.94   0.95   0.91   0.03   0.97   0.11   0.74   0.94   0.99   0.15   0.97   0.97   0.95   0.96   0.95   0.99   0.95   0.99   

5.00   5.00   5.00   5.00   5.00   5.00   5.00   5.00   5.00   5.00   5.00   5.00   5.00   5.00   5.00   5.00   5.00   5.00   5.00   5.00   5.00   5.00   5.00   5.00   5.00   5.00   5.00   5.00   5.00   5.00   5.00   5.00   5.00   5.00   5.00   5.00   5.00   5.00   5.00   5.00   5.00   5.00   5.00   5.00   5.00   5.00   5.00   5.00   5.00   5.00   5.00   5.00   5.00   5.00   5.00   5.00   5.00   5.00   5.00   5.00   5.00   5.00   5.00   5.00   5.00   5.00   5.00   5.00   5.00   5.00   5.00   5.00   5.00   5.00   5.00   5.00   5.00   5.00   
0.05   0.03   0.05   0.23   0.05   0.05   0.06   0.23   0.05   0.23   0.01   0.72   0.23   0.23   0.97   0.23   0.60   0.23   0.01   0.06   0.23   0.01   0.23   0.40   0.06   0.07   0.98   0.05   0.01   0.01   0.01   0.94   0.05   0.05   0.06   0.95   0.92   0.90   0.05   0.40   0.82   1.00   0.97   0.01   0.40   0.05   0.06   0.02   0.23   0.95   0.40   0.94   0.23   0.87   0.02   0.90   0.97   0.98   0.90   0.18   0.95   0.90   0.97   0.23   0.23   0.23   0.23   0.23   0.99   0.05   0.90   0.05   0.08   0.08   0.90   0.95   0.90   0.98   
0.05   0.03   0.05   0.23   0.05   0.05   0.06   0.23   0.05   0.23   0.01   0.72   0.23   0.23   0.97   0.23   0.60   0.23   0.01   0.06   0.23   0.01   0.23   0.40   0.06   0.07   0.98   0.05   0.01   0.01   0.01   0.94   0.05   0.05   0.06   0.95   0.92   0.90   0.05   0.40   0.82   1.00   0.97   0.01   0.40   0.05   0.06   0.02   0.23   0.95   0.40   0.94   0.23   0.87   0.02   0.90   0.97   0.98   0.90   0.18   0.95   0.90   0.97   0.23   0.23   0.23   0.23   0.23   0.99   0.05   0.90   0.05   0.08   0.08   0.90   0.95   0.90   0.98   
0.50   0.50   0.50   0.50   0.50   0.70   0.50   0.11   0.50   0.86   0.50   0.03   0.50   0.50   0.50   0.30   0.14   0.50   0.50   0.19   0.28   0.50   0.50   0.48   0.50   0.50   0.50   0.50   0.50   0.50   0.50   0.50   0.79   0.50   0.23   0.50   0.50   0.50   0.50   0.50   0.50   0.50   0.50   0.50   0.97   0.50   0.50   0.19   0.16   0.50   0.51   0.50   0.50   0.50   0.26   0.42   0.50   0.50   0.50   0.50   0.84   0.50   0.50   0.50   0.97   0.42   0.63   0.95   0.84   0.73   0.50   0.99   0.50   0.98   0.50   0.50   0.50   0.88   
0.03   0.05   0.03   0.03   0.03   0.13   0.03   0.04   0.03   0.90   0.03   0.02   0.03   0.03   0.99   0.12   0.13   0.03   0.03   0.02   0.11   0.03   0.03   0.65   0.03   0.03   0.99   0.03   0.03   0.03   0.03   0.21   0.19   0.03   0.03   0.99   0.96   0.95   0.03   0.03   0.92   0.99   0.92   0.01   0.98   0.03   0.03   0.01   0.06   0.99   0.67   0.03   0.03   0.99   0.02   0.91   0.99   0.03   0.97   0.95   0.98   0.95   0.92   0.03   0.98   0.18   0.71   0.96   1.00   0.15   0.97   0.98   0.95   0.97   0.95   0.99   0.95   1.00   

5.00   5.00   5.00   5.00   5.00   5.00   5.00   5.00   5.00   5.00   5.00   5.00   5.00   5.00   5.00   5.00   5.00   5.00   5.00   5.00   5.00   5.00   5.00   5.00   5.00   5.00   5.00   5.00   5.00   5.00   5.00   5.00   5.00   5.00   5.00   5.00   5.00   5.00   5.00   5.00   5.00   5.00   5.00   5.00   5.00   5.00   5.00   5.00   5.00   5.00   5.00   5.00   5.00   5.00   5.00   5.00   5.00   5.00   5.00   5.00   5.00   5.00   5.00   5.00   5.00   5.00   5.00   5.00   5.00   5.00   5.00   5.00   5.00   5.00   5.00   5.00   5.00   5.00   
0.07   0.02   0.07   0.11   0.35   0.35   0.02   0.11   0.07   0.11   0.01   0.18   0.11   0.11   0.92   0.11   0.78   0.53   0.01   0.02   0.11   0.01   0.11   0.12   0.02   0.02   0.92   0.07   0.01   0.01   0.01   0.21   0.35   0.07   0.07   0.99   0.95   0.97   0.07   0.12   0.92   0.99   0.95   0.01   0.55   0.07   0.02   0.14   0.11   0.99   0.12   0.21   0.11   0.33   0.03   0.97   0.92   0.96   0.97   0.92   0.88   0.97   0.95   0.53   0.53   0.53   0.53   0.11   0.98   0.35   0.97   0.35   0.59   0.59   0.97   0.99   0.97   0.99   
0.07   0.02   0.07   0.11   0.35   0.35   0.02   0.11   0.07   0.11   0.01   0.18   0.11   0.11   0.92   0.11   0.78   0.53   0.01   0.02   0.11   0.01   0.11   0.12   0.02   0.02   0.92   0.07   0.01   0.01   0.01   0.21   0.35   0.07   0.07   0.99   0.95   0.97   0.07   0.12   0.92   0.99   0.95   0.01   0.55   0.07   0.02   0.14   0.11   0.99   0.12   0.21   0.11   0.33   0.03   0.97   0.92   0.96   0.97   0.92   0.88   0.97   0.95   0.53   0.53   0.53   0.53   0.11   0.98   0.35   0.97   0.35   0.59   0.59   0.97   0.99   0.97   0.99   
0.50   0.50   0.50   0.50   0.50   0.67   0.50   0.13   0.50   0.82   0.50   0.03   0.50   0.50   0.50   0.34   0.18   0.50   0.50   0.27   0.39   0.50   0.50   0.30   0.50   0.50   0.50   0.50   0.50   0.50   0.50   0.50   0.84   0.50   0.26   0.50   0.50   0.50   0.50   0.50   0.50   0.50   0.50   0.50   0.94   0.50   0.50   0.12   0.15   0.50   0.61   0.50   0.50   0.50   0.22   0.61   0.50   0.50   0.50   0.50   0.82   0.50   0.50   0.50   0.95   0.30   0.76   0.92   0.50   0.68   0.50   1.00   0.50   0.98   0.50   0.50   0.50   0.50   
0.04   0.07   0.04   0.04   0.04   0.43   0.04   0.01   0.04   0.61   0.04   0.01   0.04   0.04   0.99   0.04   0.23   0.04   0.04   0.01   0.05   0.04   0.04   0.03   0.04   0.04   0.99   0.04   0.04   0.04   0.04   0.07   0.86   0.04   0.01   0.99   0.95   0.96   0.04   0.04   0.91   0.99   0.90   0.01   0.95   0.04   0.04   0.04   0.02   0.99   0.09   0.04   0.04   0.99   0.02   0.96   0.99   0.04   0.97   0.96   0.98   0.96   0.91   0.04   0.97   0.18   0.85   0.81   0.97   0.44   0.97   1.00   0.96   0.99   0.96   0.99   0.96   0.98   

5.00   5.00   5.00   5.00   5.00   5.00   5.00   5.00   5.00   5.00   5.00   5.00   5.00   5.00   5.00   5.00   5.00   5.00   5.00   5.00   5.00   5.00   5.00   5.00   5.00   5.00   5.00   5.00   5.00   5.00   5.00   5.00   5.00   5.00   5.00   5.00   5.00   5.00   5.00   5.00   5.00   5.00   5.00   5.00   5.00   5.00   5.00   5.00   5.00   5.00   5.00   5.00   5.00   5.00   5.00   5.00   5.00   5.00   5.00   5.00   5.00   5.00   5.00   5.00   5.00   5.00   5.00   5.00   5.00   5.00   5.00   5.00   5.00   5.00   5.00   5.00   5.00   5.00   
0.06   0.02   0.06   0.10   0.28   0.28   0.02   0.19   0.06   0.10   0.02   0.17   0.10   0.10   0.93   0.10   0.68   0.42   0.01   0.02   0.19   0.01   0.10   0.11   0.04   0.02   0.93   0.06   0.01   0.01   0.01   0.20   0.45   0.06   0.06   0.99   0.95   0.97   0.06   0.11   0.84   0.99   0.95   0.01   0.44   0.06   0.02   0.14   0.10   0.96   0.20   0.32   0.10   0.46   0.07   0.97   0.87   0.96   0.93   0.93   0.89   0.97   0.95   0.42   0.42   0.63   0.42   0.10   0.94   0.28   0.97   0.28   0.69   0.69   0.97   0.99   0.97   0.99   
0.06   0.02   0.06   0.10   0.28   0.28   0.02   0.19   0.06   0.10   0.02   0.17   0.10   0.10   0.93   0.10   0.68   0.42   0.01   0.02   0.19   0.01   0.10   0.11   0.04   0.02   0.93   0.06   0.01   0.01   0.01   0.20   0.45   0.06   0.06   0.99   0.95   0.97   0.06   0.11   0.84   0.99   0.95   0.01   0.44   0.06   0.02   0.14   0.10   0.96   0.20   0.32   0.10   0.46   0.07   0.97   0.87   0.96   0.93   0.93   0.89   0.97   0.95   0.42   0.42   0.63   0.42   0.10   0.94   0.28   0.97   0.28   0.69   0.69   0.97   0.99   0.97   0.99   
0.50   0.50   0.50   0.50   0.50   0.58   0.50   0.10   0.50   0.82   0.50   0.03   0.50   0.50   0.50   0.22   0.15   0.50   0.50   0.50   0.39   0.50   0.50   0.19   0.50   0.50   0.50   0.50   0.50   0.50   0.50   0.50   0.82   0.50   0.31   0.50   0.50   0.50   0.50   0.50   0.50   0.50   0.50   0.50   0.92   0.50   0.50   0.13   0.12   0.50   0.54   0.50   0.50   0.50   0.25   0.66   0.50   0.50   0.50   0.50   0.88   0.50   0.50   0.50   0.97   0.33   0.82   0.89   0.50   0.63   0.50   0.50   0.50   0.98   0.50   0.50   0.50   0.50   
0.04   0.05   0.04   0.04   0.04   0.24   0.04   0.02   0.04   0.54   0.04   0.01   0.04   0.04   0.99   0.02   0.13   0.04   0.04   0.02   0.09   0.04   0.04   0.01   0.04   0.04   0.99   0.04   0.04   0.04   0.04   0.08   0.86   0.04   0.01   0.99   0.95   0.95   0.04   0.04   0.90   0.99   0.89   0.01   0.91   0.04   0.04   0.03   0.01   0.99   0.13   0.04   0.04   0.99   0.04   0.97   0.99   0.04   0.97   0.95   0.99   0.95   0.90   0.04   0.98   0.25   0.84   0.68   0.97   0.29   0.97   0.23   0.95   0.99   0.95   0.99   0.95   0.98   

5.00   5.00   5.00   5.00   5.00   5.00   5.00   5.00   5.00   5.00   5.00   5.00   5.00   5.00   5.00   5.00   5.00   5.00   5.00   5.00   5.00   5.00   5.00   5.00   5.00   5.00   5.00   5.00   5.00   5.00   5.00   5.00   5.00   5.00   5.00   5.00   5.00   5.00   5.00   5.00   5.00   5.00   5.00   5.00   5.00   5.00   5.00   5.00   5.00   5.00   5.00   5.00   5.00   5.00   5.00   5.00   5.00   5.00   5.00   5.00   5.00   5.00   5.00   5.00   5.00   5.00   5.00   5.00   5.00   5.00   5.00   5.00   5.00   5.00   5.00   5.00   5.00   5.00   
0.06   0.02   0.06   0.10   0.25   0.25   0.02   0.19   0.06   0.10   0.02   0.16   0.13   0.13   0.94   0.13   0.64   0.39   0.01   0.02   0.19   0.01   0.10   0.10   0.04   0.02   0.92   0.06   0.01   0.01   0.01   0.20   0.40   0.06   0.06   0.98   0.93   0.96   0.06   0.14   0.80   0.99   0.96   0.01   0.50   0.08   0.03   0.13   0.13   0.96   0.25   0.33   0.10   0.53   0.07   0.97   0.85   0.94   0.90   0.90   0.91   0.97   0.94   0.39   0.48   0.67   0.39   0.13   0.92   0.25   0.97   0.25   0.64   0.64   0.96   0.98   0.97   0.99   
0.06   0.02   0.06   0.10   0.25   0.25   0.02   0.19   0.06   0.10   0.02   0.16   0.13   0.13   0.94   0.13   0.64   0.39   0.01   0.02   0.19   0.01   0.10   0.10   0.04   0.02   0.92   0.06   0.01   0.01   0.01   0.20   0.40   0.06   0.06   0.98   0.93   0.96   0.06   0.14   0.80   0.99   0.96   0.01   0.50   0.08   0.03   0.13   0.13   0.96   0.25   0.33   0.10   0.53   0.07   0.97   0.85   0.94   0.90   0.90   0.91   0.97   0.94   0.39   0.48   0.67   0.39   0.13   0.92   0.25   0.97   0.25   0.64   0.64   0.96   0.98   0.97   0.99   
0.50   0.50   0.50   0.50   0.50   0.62   0.50   0.09   0.50   0.80   0.50   0.50   0.50   0.50   0.50   0.20   0.15   0.50   0.50   0.50   0.36   0.50   0.50   0.21   0.50   0.50   0.50   0.50   0.50   0.50   0.50   0.50   0.83   0.50   0.27   0.50   0.50   0.50   0.50   0.50   0.50   0.50   0.50   0.50   0.92   0.50   0.50   0.12   0.14   0.50   0.70   0.50   0.50   0.50   0.23   0.67   0.50   0.50   0.50   0.50   0.86   0.50   0.50   0.50   0.97   0.30   0.81   0.89   0.50   0.61   0.50   0.50   0.50   0.98   0.50   0.50   0.50   0.50   
0.03   0.04   0.03   0.03   0.03   0.09   0.03   0.02   0.03   0.61   0.03   0.31   0.03   0.03   0.99   0.11   0.07   0.03   0.03   0.05   0.11   0.03   0.03   0.04   0.03   0.03   0.99   0.03   0.03   0.03   0.03   0.18   0.59   0.03   0.02   0.99   0.96   0.96   0.03   0.03   0.91   0.99   0.91   0.01   0.96   0.03   0.03   0.01   0.07   0.99   0.83   0.03   0.03   0.99   0.02   0.97   0.99   0.03   0.97   0.96   0.99   0.96   0.91   0.03   0.98   0.31   0.71   0.91   0.98   0.09   0.97   0.07   0.96   0.96   0.96   0.99   0.96   0.98   

5.00   5.00   5.00   5.00   5.00   5.00   5.00   5.00   5.00   5.00   5.00   5.00   5.00   5.00   5.00   5.00   5.00   5.00   5.00   5.00   5.00   5.00   5.00   5.00   5.00   5.00   5.00   5.00   5.00   5.00   5.00   5.00   5.00   5.00   5.00   5.00   5.00   5.00   5.00   5.00   5.00   5.00   5.00   5.00   5.00   5.00   5.00   5.00   5.00   5.00   5.00   5.00   5.00   5.00   5.00   5.00   5.00   5.00   5.00   5.00   5.00   5.00   5.00   5.00   5.00   5.00   5.00   5.00   5.00   5.00   5.00   5.00   5.00   5.00   5.00   5.00   5.00   5.00   
0.05   0.02   0.06   0.10   0.26   0.26   0.02   0.16   0.06   0.10   0.02   0.14   0.13   0.13   0.94   0.13   0.65   0.34   0.01   0.02   0.16   0.01   0.10   0.11   0.04   0.02   0.93   0.06   0.00   0.00   0.01   0.21   0.41   0.05   0.06   0.98   0.93   0.96   0.06   0.14   0.81   0.99   0.96   0.01   0.44   0.08   0.02   0.13   0.11   0.96   0.25   0.33   0.08   0.53   0.07   0.97   0.86   0.93   0.91   0.88   0.91   0.96   0.94   0.40   0.48   0.68   0.40   0.11   0.92   0.26   0.97   0.26   0.65   0.65   0.96   0.98   0.97   0.99   
0.05   0.02   0.06   0.10   0.26   0.26   0.02   0.16   0.06   0.10   0.02   0.14   0.13   0.13   0.94   0.13   0.65   0.34   0.01   0.02   0.16   0.01   0.10   0.11   0.04   0.02   0.93   0.06   0.00   0.00   0.01   0.21   0.41   0.05   0.06   0.98   0.93   0.96   0.06   0.14   0.81   0.99   0.96   0.01   0.44   0.08   0.02   0.13   0.11   0.96   0.25   0.33   0.08   0.53   0.07   0.97   0.86   0.93   0.91   0.88   0.91   0.96   0.94   0.40   0.48   0.68   0.40   0.11   0.92   0.26   0.97   0.26   0.65   0.65   0.96   0.98   0.97   0.99   
0.50   0.50   0.50   0.50   0.50   0.63   0.50   0.10   0.50   0.84   0.50   0.50   0.50   0.50   0.50   0.20   0.14   0.50   0.50   0.50   0.35   0.50   0.50   0.25   0.50   0.50   0.50   0.50   0.50   0.50   0.50   0.50   0.79   0.50   0.34   0.50   0.50   0.50   0.50   0.50   0.50   0.50   0.50   0.50   0.95   0.50   0.50   0.50   0.19   0.50   0.74   0.50   0.50   0.50   0.24   0.63   0.50   0.50   0.50   0.50   0.83   0.50   0.50   0.50   0.97   0.37   0.83   0.90   0.50   0.61   0.50   0.50   0.50   0.97   0.50   0.50   0.50   0.50   
0.03   0.03   0.03   0.03   0.03   0.07   0.03   0.03   0.03   0.65   0.03   0.33   0.03   0.03   0.99   0.10   0.05   0.03   0.03   0.05   0.13   0.03   0.03   0.05   0.03   0.03   0.99   0.03   0.03   0.03   0.03   0.18   0.19   0.03   0.02   0.99   0.96   0.95   0.03   0.03   0.91   0.99   0.91   0.01   0.98   0.03   0.03   0.03   0.14   0.99   0.84   0.03   0.03   0.99   0.01   0.96   0.99   0.03   0.97   0.95   0.98   0.95   0.91   0.03   0.98   0.32   0.68   0.94   0.98   0.06   0.97   0.05   0.95   0.91   0.95   0.99   0.95   0.98   

5.00   5.00   5.00   5.00   5.00   5.00   5.00   5.00   5.00   5.00   5.00   5.00   5.00   5.00   5.00   5.00   5.00   5.00   5.00   5.00   5.00   5.00   5.00   5.00   5.00   5.00   5.00   5.00   5.00   5.00   5.00   5.00   5.00   5.00   5.00   5.00   5.00   5.00   5.00   5.00   5.00   5.00   5.00   5.00   5.00   5.00   5.00   5.00   5.00   5.00   5.00   5.00   5.00   5.00   5.00   5.00   5.00   5.00   5.00   5.00   5.00   5.00   5.00   5.00   5.00   5.00   5.00   5.00   5.00   5.00   5.00   5.00   5.00   5.00   5.00   5.00   5.00   5.00   
0.05   0.02   0.06   0.10   0.26   0.26   0.02   0.16   0.06   0.10   0.02   0.14   0.13   0.13   0.94   0.13   0.65   0.34   0.01   0.02   0.16   0.01   0.10   0.11   0.04   0.02   0.93   0.06   0.00   0.00   0.01   0.21   0.41   0.05   0.06   0.98   0.93   0.96   0.06   0.14   0.81   0.99   0.96   0.01   0.44   0.08   0.02   0.13   0.11   0.96   0.25   0.33   0.08   0.53   0.07   0.97   0.86   0.93   0.91   0.88   0.91   0.96   0.94   0.39   0.48   0.67   0.39   0.11   0.92   0.26   0.97   0.26   0.65   0.65   0.96   0.98   0.97   0.99   
0.05   0.02   0.06   0.10   0.26   0.26   0.02   0.16   0.06   0.10   0.02   0.14   0.13   0.13   0.94   0.13   0.65   0.34   0.01   0.02   0.16   0.01   0.10   0.11   0.04   0.02   0.93   0.06   0.00   0.00   0.01   0.21   0.41   0.05   0.06   0.98   0.93   0.96   0.06   0.14   0.81   0.99   0.96   0.01   0.44   0.08   0.02   0.13   0.11   0.96   0.25   0.33   0.08   0.53   0.07   0.97   0.86   0.93   0.91   0.88   0.91   0.96   0.94   0.39   0.48   0.67   0.39   0.11   0.92   0.26   0.97   0.26   0.65   0.65   0.96   0.98   0.97   0.99   
0.50   0.50   0.50   0.50   0.50   0.61   0.50   0.09   0.50   0.82   0.50   0.50   0.50   0.50   0.50   0.18   0.13   0.50   0.50   0.50   0.33   0.50   0.50   0.23   0.50   0.50   0.50   0.50   0.50   0.50   0.50   0.50   0.77   0.50   0.32   0.50   0.50   0.50   0.50   0.50   0.50   0.50   0.50   0.50   0.95   0.50   0.50   0.50   0.17   0.50   0.72   0.50   0.50   0.50   0.22   0.60   0.50   0.50   0.50   0.50   0.82   0.50   0.50   0.50   0.97   0.35   0.82   0.89   0.50   0.59   0.50   0.50   0.50   0.97   0.50   0.50   0.50   0.50   
0.03   0.03   0.03   0.03   0.03   0.06   0.03   0.02   0.03   0.29   0.03   0.27   0.03   0.03   0.99   0.06   0.04   0.03   0.03   0.03   0.08   0.03   0.03   0.03   0.03   0.03   0.99   0.03   0.03   0.03   0.03   0.15   0.18   0.03   0.03   0.99   0.96   0.95   0.03   0.03   0.91   0.99   0.91   0.01   0.96   0.03   0.03   0.03   0.07   0.99   0.85   0.03   0.03   0.99   0.01   0.92   0.99   0.03   0.97   0.95   0.98   0.95   0.91   0.03   0.98   0.36   0.73   0.89   0.97   0.05   0.97   0.05   0.95   0.94   0.95   0.99   0.95   0.98   

5.00   5.00   5.00   5.00   5.00   5.00   5.00   5.00   5.00   5.00   5.00   5.00   5.00   5.00   5.00   5.00   5.00   5.00   5.00   5.00   5.00   5.00   5.00   5.00   5.00   5.00   5.00   5.00   5.00   5.00   5.00   5.00   5.00   5.00   5.00   5.00   5.00   5.00   5.00   5.00   5.00   5.00   5.00   5.00   5.00   5.00   5.00   5.00   5.00   5.00   5.00   5.00   5.00   5.00   5.00   5.00   5.00   5.00   5.00   5.00   5.00   5.00   5.00   5.00   5.00   5.00   5.00   5.00   5.00   5.00   5.00   5.00   5.00   5.00   5.00   5.00   5.00   5.00   
0.04   0.08   0.06   0.09   0.24   0.24   0.02   0.14   0.05   0.09   0.02   0.15   0.13   0.12   0.96   0.12   0.56   0.30   0.01   0.02   0.14   0.01   0.09   0.10   0.03   0.02   0.95   0.06   0.00   0.00   0.01   0.18   0.59   0.04   0.06   0.99   0.95   0.97   0.05   0.13   0.85   0.99   0.97   0.01   0.37   0.08   0.02   0.13   0.10   0.92   0.23   0.29   0.08   0.48   0.07   0.98   0.91   0.87   0.84   0.91   0.94   0.97   0.89   0.60   0.67   0.80   0.60   0.10   0.95   0.24   0.93   0.24   0.56   0.57   0.91   0.98   0.98   0.96   
0.04   0.08   0.06   0.09   0.24   0.24   0.02   0.14   0.05   0.09   0.02   0.15   0.13   0.12   0.96   0.12   0.56   0.30   0.01   0.02   0.14   0.01   0.09   0.10   0.03   0.02   0.95   0.06   0.00   0.00   0.01   0.18   0.59   0.04   0.06   0.99   0.95   0.97   0.05   0.13   0.85   0.99   0.97   0.01   0.37   0.08   0.02   0.13   0.10   0.92   0.23   0.29   0.08   0.48   0.07   0.98   0.91   0.87   0.84   0.91   0.94   0.97   0.89   0.60   0.67   0.80   0.60   0.10   0.95   0.24   0.93   0.24   0.56   0.57   0.91   0.98   0.98   0.96   
0.50   0.50   0.50   0.50   0.50   0.63   0.50   0.09   0.50   0.84   0.50   0.50   0.50   0.50   0.50   0.18   0.12   0.50   0.50   0.50   0.33   0.50   0.50   0.23   0.50   0.50   0.50   0.50   0.50   0.50   0.50   0.50   0.79   0.50   0.33   0.50   0.50   0.50   0.50   0.50   0.50   0.50   0.50   0.50   0.95   0.50   0.50   0.50   0.17   0.50   0.74   0.50   0.50   0.50   0.22   0.62   0.50   0.50   0.50   0.50   0.84   0.50   0.50   0.50   0.97   0.36   0.84   0.90   0.50   0.61   0.50   0.50   0.50   0.97   0.50   0.50   0.50   0.50   
0.03   0.03   0.03   0.03   0.03   0.14   0.03   0.01   0.03   0.27   0.03   0.20   0.03   0.03   0.99   0.04   0.05   0.03   0.03   0.02   0.06   0.03   0.03   0.02   0.03   0.03   0.99   0.03   0.03   0.03   0.03   0.10   0.82   0.03   0.05   0.99   0.97   0.96   0.03   0.03   0.93   0.99   0.92   0.01   0.95   0.03   0.03   0.07   0.03   0.99   0.79   0.03   0.03   0.99   0.01   0.95   0.99   0.03   0.98   0.96   0.99   0.96   0.93   0.03   0.99   0.76   0.91   0.80   0.98   0.13   0.98   0.14   0.96   0.98   0.96   0.99   0.96   0.99   

5.00   5.00   5.00   5.00   5.00   5.00   5.00   5.00   5.00   5.00   5.00   5.00   5.00   5.00   5.00   5.00   5.00   5.00   5.00   5.00   5.00   5.00   5.00   5.00   5.00   5.00   5.00   5.00   5.00   5.00   5.00   5.00   5.00   5.00   5.00   5.00   5.00   5.00   5.00   5.00   5.00   5.00   5.00   5.00   5.00   5.00   5.00   5.00   5.00   5.00   5.00   5.00   5.00   5.00   5.00   5.00   5.00   5.00   5.00   5.00   5.00   5.00   5.00   5.00   5.00   5.00   5.00   5.00   5.00   5.00   5.00   5.00   5.00   5.00   5.00   5.00   5.00   5.00   
0.04   0.08   0.06   0.09   0.23   0.23   0.02   0.13   0.05   0.09   0.02   0.14   0.12   0.11   0.91   0.11   0.50   0.27   0.01   0.02   0.13   0.01   0.09   0.09   0.03   0.02   0.96   0.06   0.00   0.00   0.01   0.18   0.54   0.04   0.06   0.99   0.96   0.97   0.05   0.12   0.90   0.99   0.97   0.01   0.33   0.07   0.02   0.12   0.09   0.94   0.22   0.29   0.07   0.68   0.06   0.98   0.93   0.91   0.75   0.93   0.95   0.90   0.81   0.53   0.58   0.87   0.53   0.09   0.96   0.23   0.95   0.52   0.76   0.77   0.83   0.99   0.92   0.97   
0.04   0.08   0.06   0.09   0.23   0.23   0.02   0.13   0.05   0.09   0.02   0.14   0.12   0.11   0.91   0.11   0.50   0.27   0.01   0.02   0.13   0.01   0.09   0.09   0.03   0.02   0.96   0.06   0.00   0.00   0.01   0.18   0.54   0.04   0.06   0.99   0.96   0.97   0.05   0.12   0.90   0.99   0.97   0.01   0.33   0.07   0.02   0.12   0.09   0.94   0.22   0.29   0.07   0.68   0.06   0.98   0.93   0.91   0.75   0.93   0.95   0.90   0.81   0.53   0.58   0.87   0.53   0.09   0.96   0.23   0.95   0.52   0.76   0.77   0.83   0.99   0.92   0.97   
0.50   0.50   0.50   0.50   0.50   0.64   0.50   0.09   0.50   0.84   0.50   0.50   0.50   0.50   0.50   0.18   0.13   0.50   0.50   0.50   0.34   0.50   0.50   0.24   0.50   0.50   0.50   0.50   0.50   0.50   0.50   0.50   0.79   0.50   0.34   0.50   0.50   0.50   0.50   0.50   0.50   0.50   0.50   0.50   0.95   0.50   0.50   0.50   0.18   0.50   0.75   0.50   0.50   0.50   0.23   0.63   0.50   0.50   0.50   0.50   0.84   0.50   0.50   0.50   0.97   0.36   0.84   0.90   0.50   0.61   0.50   0.50   0.50   0.97   0.50   0.50   0.50   0.50   
0.03   0.03   0.03   0.03   0.03   0.15   0.03   0.01   0.03   0.25   0.03   0.17   0.03   0.03   0.99   0.03   0.05   0.03   0.03   0.02   0.05   0.03   0.03   0.02   0.03   0.03   0.99   0.03   0.03   0.03   0.03   0.09   0.81   0.03   0.04   0.99   0.97   0.96   0.03   0.03   0.93   0.99   0.93   0.01   0.93   0.03   0.03   0.07   0.03   0.99   0.75   0.03   0.03   0.99   0.02   0.97   0.99   0.03   0.98   0.96   0.99   0.96   0.93   0.03   0.99   0.82   0.90   0.76   0.98   0.14   0.98   0.15   0.96   0.99   0.96   0.99   0.96   0.99   

5.00   5.00   5.00   5.00   5.00   5.00   5.00   5.00   5.00   5.00   5.00   5.00   5.00   5.00   5.00   5.00   5.00   5.00   5.00   5.00   5.00   5.00   5.00   5.00   5.00   5.00   5.00   5.00   5.00   5.00   5.00   5.00   5.00   5.00   5.00   5.00   5.00   5.00   5.00   5.00   5.00   5.00   5.00   5.00   5.00   5.00   5.00   5.00   5.00   5.00   5.00   5.00   5.00   5.00   5.00   5.00   5.00   5.00   5.00   5.00   5.00   5.00   5.00   5.00   5.00   5.00   5.00   5.00   5.00   5.00   5.00   5.00   5.00   5.00   5.00   5.00   5.00   5.00   
0.04   0.08   0.05   0.08   0.20   0.19   0.04   0.12   0.05   0.08   0.02   0.13   0.11   0.10   0.92   0.10   0.44   0.23   0.01   0.02   0.12   0.01   0.08   0.16   0.03   0.02   0.94   0.10   0.00   0.00   0.01   0.27   0.61   0.04   0.06   0.99   0.94   0.97   0.05   0.11   0.91   0.99   0.95   0.01   0.42   0.13   0.02   0.11   0.08   0.94   0.20   0.38   0.06   0.63   0.06   0.98   0.90   0.92   0.71   0.94   0.95   0.92   0.84   0.60   0.65   0.82   0.60   0.08   0.96   0.19   0.91   0.44   0.69   0.69   0.79   0.99   0.93   0.97   
0.04   0.08   0.05   0.08   0.20   0.19   0.04   0.12   0.05   0.08   0.02   0.13   0.11   0.10   0.92   0.10   0.44   0.23   0.01   0.02   0.12   0.01   0.08   0.16   0.03   0.02   0.94   0.10   0.00   0.00   0.01   0.27   0.61   0.04   0.06   0.99   0.94   0.97   0.05   0.11   0.91   0.99   0.95   0.01   0.42   0.13   0.02   0.11   0.08   0.94   0.20   0.38   0.06   0.63   0.06   0.98   0.90   0.92   0.71   0.94   0.95   0.92   0.84   0.60   0.65   0.82   0.60   0.08   0.96   0.19   0.91   0.44   0.69   0.69   0.79   0.99   0.93   0.97   
0.50   0.50   0.50   0.50   0.50   0.61   0.50   0.08   0.50   0.83   0.50   0.50   0.50   0.50   0.50   0.16   0.11   0.50   0.50   0.50   0.31   0.50   0.50   0.21   0.50   0.50   0.50   0.50   0.50   0.50   0.50   0.50   0.78   0.50   0.30   0.50   0.50   0.50   0.50   0.50   0.50   0.50   0.50   0.50   0.95   0.50   0.50   0.50   0.16   0.50   0.73   0.50   0.50   0.50   0.20   0.60   0.50   0.50   0.50   0.50   0.83   0.50   0.50   0.50   0.97   0.34   0.82   0.90   0.50   0.59   0.50   0.50   0.50   0.97   0.50   0.50   0.50   0.50   
0.03   0.03   0.03   0.03   0.03   0.12   0.03   0.01   0.03   0.23   0.03   0.17   0.03   0.03   0.99   0.02   0.04   0.03   0.03   0.02   0.04   0.03   0.03   0.04   0.03   0.03   0.99   0.03   0.03   0.03   0.03   0.09   0.84   0.03   0.03   0.99   0.97   0.96   0.03   0.03   0.93   0.99   0.93   0.01   0.95   0.03   0.03   0.07   0.02   0.99   0.68   0.03   0.03   0.99   0.01   0.97   0.99   0.03   0.98   0.96   0.99   0.96   0.93   0.03   0.99   0.73   0.92   0.71   0.98   0.11   0.98   0.15   0.96   0.99   0.96   0.99   0.96   0.99   

5.00   5.00   5.00   5.00   5.00   5.00   5.00   5.00   5.00   5.00   5.00   5.00   5.00   5.00   5.00   5.00   5.00   5.00   5.00   5.00   5.00   5.00   5.00   5.00   5.00   5.00   5.00   5.00   5.00   5.00   5.00   5.00   5.00   5.00   5.00   5.00   5.00   5.00   5.00   5.00   5.00   5.00   5.00   5.00   5.00   5.00   5.00   5.00   5.00   5.00   5.00   5.00   5.00   5.00   5.00   5.00   5.00   5.00   5.00   5.00   5.00   5.00   5.00   5.00   5.00   5.00   5.00   5.00   5.00   5.00   5.00   5.00   5.00   5.00   5.00   5.00   5.00   5.00   
0.03   0.08   0.04   0.07   0.16   0.16   0.04   0.12   0.04   0.07   0.02   0.12   0.10   0.09   0.93   0.09   0.34   0.19   0.01   0.02   0.31   0.01   0.07   0.14   0.14   0.02   0.95   0.09   0.00   0.00   0.01   0.23   0.68   0.03   0.05   0.99   0.94   0.97   0.04   0.10   0.90   0.99   0.95   0.01   0.32   0.11   0.02   0.11   0.08   0.94   0.18   0.33   0.06   0.71   0.06   0.98   0.91   0.92   0.56   0.94   0.96   0.81   0.85   0.46   0.71   0.85   0.46   0.08   0.96   0.16   0.92   0.35   0.74   0.57   0.81   0.99   0.93   0.97   
0.03   0.08   0.04   0.07   0.16   0.16   0.04   0.12   0.04   0.07   0.02   0.12   0.10   0.09   0.93   0.09   0.34   0.19   0.01   0.02   0.31   0.01   0.07   0.14   0.14   0.02   0.95   0.09   0.00   0.00   0.01   0.23   0.68   0.03   0.05   0.99   0.94   0.97   0.04   0.10   0.90   0.99   0.95   0.01   0.32   0.11   0.02   0.11   0.08   0.94   0.18   0.33   0.06   0.71   0.06   0.98   0.91   0.92   0.56   0.94   0.96   0.81   0.85   0.46   0.71   0.85   0.46   0.08   0.96   0.16   0.92   0.35   0.74   0.57   0.81   0.99   0.93   0.97   
0.50   0.50   0.50   0.50   0.50   0.65   0.50   0.10   0.50   0.85   0.50   0.50   0.50   0.50   0.50   0.20   0.14   0.50   0.50   0.50   0.36   0.50   0.50   0.26   0.50   0.50   0.50   0.50   0.50   0.50   0.50   0.50   0.80   0.50   0.35   0.50   0.50   0.50   0.50   0.50   0.50   0.50   0.50   0.50   0.96   0.50   0.50   0.50   0.19   0.50   0.76   0.50   0.50   0.50   0.24   0.65   0.50   0.50   0.50   0.50   0.85   0.50   0.50   0.50   0.97   0.38   0.84   0.91   0.50   0.63   0.50   0.50   0.50   0.98   0.50   0.50   0.50   0.50   
0.03   0.03   0.03   0.03   0.03   0.13   0.03   0.01   0.03   0.24   0.03   0.17   0.03   0.03   0.99   0.03   0.04   0.03   0.03   0.02   0.13   0.03   0.03   0.05   0.03   0.03   0.99   0.03   0.03   0.03   0.03   0.09   0.90   0.03   0.04   0.99   0.97   0.96   0.03   0.03   0.93   0.99   0.93   0.01   0.95   0.03   0.03   0.06   0.02   0.99   0.67   0.03   0.03   0.99   0.02   0.98   0.99   0.03   0.98   0.96   0.99   0.96   0.93   0.03   0.99   0.80   0.90   0.71   0.98   0.12   0.98   0.14   0.96   0.98   0.96   0.99   0.96   0.99   

5.00   5.00   5.00   5.00   5.00   5.00   5.00   5.00   5.00   5.00   5.00   5.00   5.00   5.00   5.00   5.00   5.00   5.00   5.00   5.00   5.00   5.00   5.00   5.00   5.00   5.00   5.00   5.00   5.00   5.00   5.00   5.00   5.00   5.00   5.00   5.00   5.00   5.00   5.00   5.00   5.00   5.00   5.00   5.00   5.00   5.00   5.00   5.00   5.00   5.00   5.00   5.00   5.00   5.00   5.00   5.00   5.00   5.00   5.00   5.00   5.00   5.00   5.00   5.00   5.00   5.00   5.00   5.00   5.00   5.00   5.00   5.00   5.00   5.00   5.00   5.00   5.00   5.00   
0.03   0.08   0.05   0.07   0.18   0.18   0.04   0.11   0.04   0.07   0.02   0.11   0.11   0.09   0.93   0.09   0.32   0.18   0.01   0.02   0.29   0.01   0.07   0.16   0.16   0.03   0.95   0.08   0.00   0.00   0.01   0.27   0.66   0.03   0.04   0.98   0.93   0.98   0.05   0.12   0.91   0.99   0.96   0.01   0.36   0.10   0.02   0.12   0.07   0.93   0.17   0.36   0.07   0.68   0.06   0.97   0.92   0.92   0.53   0.94   0.96   0.78   0.86   0.49   0.73   0.86   0.49   0.09   0.96   0.15   0.92   0.33   0.72   0.54   0.78   0.99   0.92   0.96   
0.03   0.08   0.05   0.07   0.18   0.18   0.04   0.11   0.04   0.07   0.02   0.11   0.11   0.09   0.93   0.09   0.32   0.18   0.01   0.02   0.29   0.01   0.07   0.16   0.16   0.03   0.95   0.08   0.00   0.00   0.01   0.27   0.66   0.03   0.04   0.98   0.93   0.98   0.05   0.12   0.91   0.99   0.96   0.01   0.36   0.10   0.02   0.12   0.07   0.93   0.17   0.36   0.07   0.68   0.06   0.97   0.92   0.92   0.53   0.94   0.96   0.78   0.86   0.49   0.73   0.86   0.49   0.09   0.96   0.15   0.92   0.33   0.72   0.54   0.78   0.99   0.92   0.96   
0.50   0.50   0.50   0.50   0.50   0.68   0.50   0.08   0.50   0.85   0.50   0.50   0.50   0.50   0.50   0.23   0.14   0.50   0.50   0.50   0.42   0.50   0.50   0.36   0.50   0.50   0.50   0.50   0.50   0.50   0.50   0.50   0.80   0.50   0.36   0.50   0.50   0.50   0.50   0.50   0.50   0.50   0.50   0.50   0.96   0.50   0.50   0.50   0.18   0.50   0.75   0.50   0.50   0.50   0.29   0.80   0.50   0.50   0.50   0.50   0.50   0.50   0.50   0.50   0.50   0.46   0.85   0.90   0.50   0.61   0.50   0.50   0.50   0.98   0.50   0.50   0.50   0.50   
0.03   0.03   0.03   0.03   0.03   0.19   0.03   0.01   0.03   0.22   0.03   0.17   0.03   0.03   0.99   0.03   0.04   0.03   0.03   0.02   0.14   0.03   0.03   0.10   0.03   0.03   0.99   0.03   0.03   0.03   0.03   0.09   0.89   0.03   0.03   0.99   0.97   0.96   0.03   0.03   0.93   0.99   0.93   0.01   0.96   0.03   0.03   0.06   0.02   0.99   0.64   0.03   0.03   0.99   0.02   0.99   0.99   0.03   0.98   0.96   0.97   0.96   0.93   0.03   0.81   0.85   0.92   0.74   0.98   0.11   0.98   0.14   0.96   0.99   0.96   0.99   0.96   0.99   

5.00   5.00   5.00   5.00   5.00   5.00   5.00   5.00   5.00   5.00   5.00   5.00   5.00   5.00   5.00   5.00   5.00   5.00   5.00   5.00   5.00   5.00   5.00   5.00   5.00   5.00   5.00   5.00   5.00   5.00   5.00   5.00   5.00   5.00   5.00   5.00   5.00   5.00   5.00   5.00   5.00   5.00   5.00   5.00   5.00   5.00   5.00   5.00   5.00   5.00   5.00   5.00   5.00   5.00   5.00   5.00   5.00   5.00   5.00   5.00   5.00   5.00   5.00   5.00   5.00   5.00   5.00   5.00   5.00   5.00   5.00   5.00   5.00   5.00   5.00   5.00   5.00   5.00   
0.03   0.08   0.06   0.07   0.19   0.19   0.04   0.11   0.04   0.07   0.02   0.12   0.10   0.08   0.94   0.09   0.33   0.19   0.01   0.02   0.30   0.01   0.06   0.17   0.16   0.03   0.96   0.09   0.00   0.00   0.01   0.28   0.68   0.03   0.05   0.98   0.94   0.98   0.06   0.11   0.92   0.99   0.96   0.01   0.37   0.11   0.02   0.11   0.08   0.93   0.15   0.37   0.08   0.67   0.05   0.98   0.92   0.93   0.54   0.93   0.96   0.80   0.87   0.51   0.71   0.86   0.51   0.10   0.97   0.16   0.93   0.35   0.73   0.55   0.80   0.99   0.92   0.96   
0.03   0.08   0.06   0.07   0.19   0.19   0.04   0.11   0.04   0.07   0.02   0.12   0.10   0.08   0.94   0.09   0.33   0.19   0.01   0.02   0.30   0.01   0.06   0.17   0.16   0.03   0.96   0.09   0.00   0.00   0.01   0.28   0.68   0.03   0.05   0.98   0.94   0.98   0.06   0.11   0.92   0.99   0.96   0.01   0.37   0.11   0.02   0.11   0.08   0.93   0.15   0.37   0.08   0.67   0.05   0.98   0.92   0.93   0.54   0.93   0.96   0.80   0.87   0.51   0.71   0.86   0.51   0.10   0.97   0.16   0.93   0.35   0.73   0.55   0.80   0.99   0.92   0.96   
0.50   0.50   0.50   0.50   0.50   0.64   0.50   0.08   0.50   0.82   0.50   0.50   0.50   0.50   0.50   0.21   0.13   0.50   0.50   0.50   0.39   0.50   0.50   0.33   0.50   0.50   0.50   0.50   0.50   0.50   0.50   0.50   0.78   0.50   0.33   0.50   0.50   0.50   0.50   0.50   0.50   0.50   0.50   0.50   0.95   0.50   0.50   0.50   0.16   0.50   0.72   0.50   0.50   0.50   0.26   0.77   0.50   0.50   0.50   0.50   0.50   0.50   0.50   0.50   0.50   0.42   0.82   0.88   0.50   0.57   0.50   0.50   0.50   0.98   0.50   0.50   0.50   0.50   
0.03   0.03   0.03   0.03   0.03   0.19   0.03   0.01   0.03   0.20   0.03   0.15   0.03   0.03   0.99   0.02   0.03   0.03   0.03   0.01   0.11   0.03   0.03   0.08   0.03   0.03   0.99   0.03   0.03   0.03   0.03   0.08   0.86   0.03   0.03   0.99   0.97   0.96   0.03   0.03   0.93   0.99   0.93   0.01   0.95   0.03   0.03   0.06   0.02   0.99   0.20   0.03   0.03   0.99   0.01   0.98   0.99   0.03   0.98   0.96   0.97   0.96   0.93   0.03   0.80   0.81   0.90   0.67   0.98   0.11   0.98   0.15   0.96   0.98   0.96   0.99   0.96   0.99   

5.00   5.00   5.00   5.00   5.00   5.00   5.00   5.00   5.00   5.00   5.00   5.00   5.00   5.00   5.00   5.00   5.00   5.00   5.00   5.00   5.00   5.00   5.00   5.00   5.00   5.00   5.00   5.00   5.00   5.00   5.00   5.00   5.00   5.00   5.00   5.00   5.00   5.00   5.00   5.00   5.00   5.00   5.00   5.00   5.00   5.00   5.00   5.00   5.00   5.00   5.00   5.00   5.00   5.00   5.00   5.00   5.00   5.00   5.00   5.00   5.00   5.00   5.00   5.00   5.00   5.00   5.00   5.00   5.00   5.00   5.00   5.00   5.00   5.00   5.00   5.00   5.00   5.00   
0.03   0.07   0.06   0.07   0.18   0.18   0.03   0.10   0.04   0.07   0.02   0.10   0.09   0.07   0.91   0.09   0.32   0.18   0.01   0.01   0.27   0.01   0.05   0.15   0.13   0.02   0.97   0.08   0.00   0.00   0.01   0.25   0.65   0.03   0.05   0.96   0.96   0.98   0.05   0.10   0.95   0.99   0.94   0.01   0.35   0.10   0.02   0.10   0.07   0.91   0.14   0.34   0.07   0.64   0.04   0.98   0.95   0.91   0.71   0.95   0.94   0.87   0.84   0.49   0.68   0.91   0.49   0.09   0.98   0.15   0.95   0.35   0.71   0.54   0.78   0.97   0.90   0.98   
0.03   0.07   0.06   0.07   0.18   0.18   0.03   0.10   0.04   0.07   0.02   0.10   0.09   0.07   0.91   0.09   0.32   0.18   0.01   0.01   0.27   0.01   0.05   0.15   0.13   0.02   0.97   0.08   0.00   0.00   0.01   0.25   0.65   0.03   0.05   0.96   0.96   0.98   0.05   0.10   0.95   0.99   0.94   0.01   0.35   0.10   0.02   0.10   0.07   0.91   0.14   0.34   0.07   0.64   0.04   0.98   0.95   0.91   0.71   0.95   0.94   0.87   0.84   0.49   0.68   0.91   0.49   0.09   0.98   0.15   0.95   0.35   0.71   0.54   0.78   0.97   0.90   0.98   
0.50   0.50   0.50   0.50   0.50   0.58   0.50   0.50   0.50   0.85   0.50   0.50   0.50   0.50   0.50   0.21   0.12   0.50   0.50   0.50   0.33   0.50   0.50   0.40   0.50   0.50   0.50   0.50   0.50   0.50   0.50   0.50   0.69   0.50   0.41   0.50   0.50   0.50   0.50   0.50   0.50   0.50   0.50   0.50   0.96   0.50   0.50   0.50   0.11   0.50   0.72   0.50   0.50   0.50   0.50   0.73   0.50   0.50   0.50   0.50   0.50   0.50   0.50   0.50   0.50   0.49   0.81   0.95   0.50   0.54   0.50   0.50   0.50   0.98   0.50   0.50   0.50   0.50   
0.03   0.02   0.03   0.03   0.03   0.15   0.03   0.07   0.03   0.22   0.03   0.14   0.03   0.03   0.99   0.02   0.03   0.03   0.03   0.01   0.08   0.03   0.03   0.10   0.03   0.03   0.99   0.03   0.03   0.03   0.03   0.08   0.78   0.03   0.03   0.99   0.97   0.96   0.03   0.03   0.94   0.99   0.93   0.01   0.95   0.03   0.03   0.06   0.01   0.99   0.19   0.03   0.03   0.99   0.02   0.98   0.99   0.03   0.98   0.96   0.97   0.96   0.94   0.03   0.81   0.89   0.87   0.83   0.98   0.09   0.98   0.15   0.96   0.98   0.96   0.99   0.96   0.99   

5.00   5.00   5.00   5.00   5.00   5.00   5.00   5.00   5.00   5.00   5.00   5.00   5.00   5.00   5.00   5.00   5.00   5.00   5.00   5.00   5.00   5.00   5.00   5.00   5.00   5.00   5.00   5.00   5.00   5.00   5.00   5.00   5.00   5.00   5.00   5.00   5.00   5.00   5.00   5.00   5.00   5.00   5.00   5.00   5.00   5.00   5.00   5.00   5.00   5.00   5.00   5.00   5.00   5.00   5.00   5.00   5.00   5.00   5.00   5.00   5.00   5.00   5.00   5.00   5.00   5.00   5.00   5.00   5.00   5.00   5.00   5.00   5.00   5.00   5.00   5.00   5.00   5.00   
0.04   0.06   0.06   0.06   0.19   0.19   0.03   0.11   0.04   0.07   0.02   0.11   0.10   0.07   0.92   0.09   0.30   0.17   0.01   0.01   0.26   0.01   0.05   0.16   0.12   0.03   0.97   0.07   0.00   0.00   0.01   0.27   0.66   0.04   0.05   0.96   0.96   0.98   0.06   0.09   0.94   0.99   0.94   0.01   0.34   0.10   0.02   0.09   0.07   0.91   0.13   0.36   0.08   0.62   0.04   0.98   0.94   0.91   0.70   0.95   0.95   0.86   0.85   0.48   0.69   0.91   0.50   0.10   0.97   0.14   0.95   0.33   0.69   0.52   0.78   0.97   0.90   0.98   
0.04   0.06   0.06   0.06   0.19   0.19   0.03   0.11   0.04   0.07   0.02   0.11   0.10   0.07   0.92   0.09   0.30   0.17   0.01   0.01   0.26   0.01   0.05   0.16   0.12   0.03   0.97   0.07   0.00   0.00   0.01   0.27   0.66   0.04   0.05   0.96   0.96   0.98   0.06   0.09   0.94   0.99   0.94   0.01   0.34   0.10   0.02   0.09   0.07   0.91   0.13   0.36   0.08   0.62   0.04   0.98   0.94   0.91   0.70   0.95   0.95   0.86   0.85   0.48   0.69   0.91   0.50   0.10   0.97   0.14   0.95   0.33   0.69   0.52   0.78   0.97   0.90   0.98   
0.50   0.50   0.50   0.50   0.50   0.60   0.50   0.50   0.50   0.86   0.50   0.50   0.50   0.50   0.50   0.22   0.12   0.50   0.50   0.50   0.34   0.50   0.50   0.41   0.50   0.50   0.50   0.50   0.50   0.50   0.50   0.50   0.71   0.50   0.42   0.50   0.50   0.50   0.50   0.50   0.50   0.50   0.50   0.50   0.96   0.50   0.50   0.50   0.11   0.50   0.74   0.50   0.50   0.50   0.50   0.75   0.50   0.50   0.50   0.50   0.50   0.50   0.50   0.50   0.50   0.51   0.82   0.95   0.50   0.56   0.50   0.50   0.50   0.98   0.50   0.50   0.50   0.50   
0.03   0.02   0.03   0.03   0.03   0.19   0.03   0.06   0.03   0.31   0.03   0.15   0.03   0.03   0.99   0.03   0.02   0.03   0.03   0.01   0.07   0.03   0.03   0.13   0.03   0.03   0.99   0.03   0.03   0.03   0.03   0.09   0.80   0.03   0.05   0.99   0.97   0.96   0.03   0.03   0.94   0.99   0.93   0.01   0.94   0.03   0.03   0.06   0.01   0.99   0.17   0.03   0.03   0.99   0.02   0.99   0.99   0.03   0.98   0.96   0.97   0.96   0.94   0.03   0.81   0.90   0.90   0.87   0.99   0.08   0.98   0.14   0.96   0.98   0.96   0.99   0.96   0.99   

5.00   5.00   5.00   5.00   5.00   5.00   5.00   5.00   5.00   5.00   5.00   5.00   5.00   5.00   5.00   5.00   5.00   5.00   5.00   5.00   5.00   5.00   5.00   5.00   5.00   5.00   5.00   5.00   5.00   5.00   5.00   5.00   5.00   5.00   5.00   5.00   5.00   5.00   5.00   5.00   5.00   5.00   5.00   5.00   5.00   5.00   5.00   5.00   5.00   5.00   5.00   5.00   5.00   5.00   5.00   5.00   5.00   5.00   5.00   5.00   5.00   5.00   5.00   5.00   5.00   5.00   5.00   5.00   5.00   5.00   5.00   5.00   5.00   5.00   5.00   5.00   5.00   5.00   
0.04   0.06   0.06   0.06   0.19   0.19   0.03   0.11   0.04   0.07   0.02   0.11   0.10   0.07   0.92   0.09   0.30   0.17   0.01   0.01   0.26   0.01   0.05   0.16   0.12   0.03   0.97   0.07   0.00   0.00   0.01   0.27   0.66   0.04   0.05   0.96   0.96   0.98   0.06   0.09   0.94   0.99   0.94   0.01   0.34   0.10   0.02   0.09   0.07   0.91   0.13   0.36   0.08   0.62   0.04   0.98   0.94   0.91   0.70   0.95   0.95   0.86   0.85   0.48   0.69   0.91   0.50   0.10   0.97   0.14   0.95   0.33   0.69   0.52   0.78   0.97   0.90   0.98   
0.04   0.06   0.06   0.06   0.19   0.19   0.03   0.11   0.04   0.07   0.02   0.11   0.10   0.07   0.92   0.09   0.30   0.17   0.01   0.01   0.26   0.01   0.05   0.16   0.12   0.03   0.97   0.07   0.00   0.00   0.01   0.27   0.66   0.04   0.05   0.96   0.96   0.98   0.06   0.09   0.94   0.99   0.94   0.01   0.34   0.10   0.02   0.09   0.07   0.91   0.13   0.36   0.08   0.62   0.04   0.98   0.94   0.91   0.70   0.95   0.95   0.86   0.85   0.48   0.69   0.91   0.50   0.10   0.97   0.14   0.95   0.33   0.69   0.52   0.78   0.97   0.90   0.98   
0.50   0.50   0.50   0.50   0.50   0.59   0.50   0.50   0.50   0.86   0.50   0.50   0.50   0.50   0.50   0.20   0.12   0.50   0.50   0.50   0.33   0.50   0.50   0.40   0.50   0.50   0.50   0.50   0.50   0.50   0.50   0.50   0.70   0.50   0.41   0.50   0.50   0.50   0.50   0.50   0.50   0.50   0.50   0.50   0.96   0.50   0.50   0.50   0.10   0.50   0.73   0.50   0.50   0.50   0.50   0.74   0.50   0.50   0.50   0.50   0.50   0.50   0.50   0.50   0.50   0.50   0.82   0.95   0.50   0.55   0.50   0.50   0.50   0.98   0.50   0.50   0.50   0.50   
0.03   0.02   0.03   0.03   0.03   0.18   0.03   0.06   0.03   0.30   0.03   0.15   0.03   0.03   0.99   0.03   0.02   0.03   0.03   0.01   0.07   0.03   0.03   0.12   0.03   0.03   0.99   0.03   0.03   0.03   0.03   0.09   0.80   0.03   0.05   0.99   0.97   0.96   0.03   0.03   0.94   0.99   0.93   0.01   0.94   0.03   0.03   0.06   0.01   0.99   0.16   0.03   0.03   0.99   0.02   0.99   0.99   0.03   0.98   0.96   0.97   0.96   0.94   0.03   0.81   0.90   0.89   0.87   0.99   0.08   0.98   0.14   0.96   0.98   0.96   0.99   0.96   0.99   

0.00   0.00   0.00   0.00   0.00   0.00   0.00   0.00   0.00   0.00   0.00   0.00   0.00   0.00   0.00   0.00   0.00   0.00   0.00   0.00   0.00   0.00   0.00   0.00   0.00   0.00   0.00   0.00   0.00   0.00   0.00   0.00   1.00   0.00   0.00   0.00   1.00   1.00   0.00   0.00   1.00   1.00   1.00   0.00   0.00   0.00   0.00   1.00   0.00   1.00   1.00   0.00   0.00   1.00   1.00   1.00   1.00   1.00   1.00   1.00   1.00   1.00   1.00   1.00   1.00   1.00   1.00   0.00   1.00   1.00   1.00   1.00   1.00   1.00   1.00   1.00   1.00   1.00   