5.00   5.00   5.00   5.00   5.00   5.00   5.00   5.00   5.00   5.00   5.00   5.00   5.00   5.00   5.00   5.00   5.00   5.00   5.00   5.00   5.00   5.00   5.00   5.00   5.00   5.00   5.00   5.00   5.00   5.00   5.00   5.00   5.00   5.00   5.00   5.00   5.00   5.00   5.00   5.00   5.00   5.00   5.00   5.00   5.00   5.00   5.00   5.00   5.00   5.00   5.00   5.00   5.00   5.00   5.00   5.00   5.00   5.00   5.00   5.00   5.00   5.00   5.00   5.00   5.00   5.00   5.00   5.00   5.00   5.00   5.00   5.00   5.00   5.00   5.00   5.00   5.00   5.00   
0.87   0.87   0.87   0.87   0.87   0.87   0.87   0.87   0.87   0.87   0.87   0.87   0.87   0.87   0.04   0.87   0.04   0.87   0.87   0.87   0.04   0.87   0.87   0.87   0.87   0.99   0.04   0.04   0.04   0.04   0.04   0.04   0.87   0.87   0.87   0.87   0.99   0.99   0.87   0.87   0.04   0.93   0.93   0.87   0.04   0.87   0.04   0.87   0.99   0.87   0.04   0.87   0.87   0.87   0.87   0.99   0.99   0.99   0.87   0.99   0.87   0.87   0.87   0.99   0.87   0.04   0.99   0.87   0.87   0.87   0.87   0.87   0.99   0.87   0.87   0.87   0.04   0.99   
0.87   0.87   0.87   0.87   0.87   0.87   0.87   0.87   0.87   0.87   0.87   0.87   0.87   0.87   0.04   0.87   0.04   0.87   0.87   0.87   0.04   0.87   0.87   0.87   0.87   0.99   0.04   0.04   0.04   0.04   0.04   0.04   0.87   0.87   0.87   0.87   0.99   0.99   0.87   0.87   0.04   0.93   0.93   0.87   0.04   0.87   0.04   0.87   0.99   0.87   0.04   0.87   0.87   0.87   0.87   0.99   0.99   0.99   0.87   0.99   0.87   0.87   0.87   0.99   0.87   0.04   0.99   0.87   0.87   0.87   0.87   0.87   0.99   0.87   0.87   0.87   0.04   0.99   
0.21   0.45   0.28   0.28   0.66   0.64   0.19   0.29   0.04   0.47   0.45   0.09   0.36   0.18   0.53   0.48   0.41   0.34   0.40   0.62   0.33   0.14   0.72   0.49   0.41   0.70   0.49   0.15   0.14   0.35   0.32   0.23   0.63   0.62   0.16   0.49   0.92   0.83   0.14   0.47   0.06   0.82   0.92   0.99   0.27   0.49   0.73   0.53   0.52   0.87   0.30   0.61   0.11   0.80   0.55   0.72   0.71   0.84   0.94   0.98   0.69   0.70   0.80   0.68   0.66   0.59   0.62   0.84   0.83   0.95   0.87   0.93   0.96   0.60   0.56   0.77   0.61   0.80   
0.78   0.92   0.84   0.84   0.96   0.96   0.75   0.84   0.02   0.92   0.92   0.05   0.88   0.74   0.03   0.93   0.02   0.87   0.90   0.96   0.01   0.08   0.97   0.93   0.90   1.00   0.03   0.00   0.00   0.01   0.01   0.01   0.96   0.96   0.72   0.93   1.00   1.00   0.08   0.92   0.00   0.99   1.00   1.00   0.01   0.93   0.74   0.94   0.99   0.99   0.01   0.96   0.06   0.98   0.94   1.00   1.00   1.00   0.99   1.00   0.97   0.97   0.98   1.00   0.96   0.60   1.00   0.99   0.98   1.00   0.99   0.99   1.00   0.95   0.94   0.98   0.62   1.00   

5.00   5.00   5.00   5.00   5.00   5.00   5.00   5.00   5.00   5.00   5.00   5.00   5.00   5.00   5.00   5.00   5.00   5.00   5.00   5.00   5.00   5.00   5.00   5.00   5.00   5.00   5.00   5.00   5.00   5.00   5.00   5.00   5.00   5.00   5.00   5.00   5.00   5.00   5.00   5.00   5.00   5.00   5.00   5.00   5.00   5.00   5.00   5.00   5.00   5.00   5.00   5.00   5.00   5.00   5.00   5.00   5.00   5.00   5.00   5.00   5.00   5.00   5.00   5.00   5.00   5.00   5.00   5.00   5.00   5.00   5.00   5.00   5.00   5.00   5.00   5.00   5.00   5.00   
0.89   0.89   0.89   0.89   0.89   0.89   0.89   0.89   0.89   0.89   0.89   0.89   0.89   0.89   0.06   0.89   0.06   0.89   0.89   0.89   0.06   0.89   0.89   0.89   0.89   0.99   0.06   0.02   0.02   0.06   0.06   0.06   0.89   0.89   0.73   0.89   0.99   0.99   0.89   0.89   0.06   0.91   0.93   0.89   0.06   0.89   0.06   0.89   0.98   0.89   0.06   0.73   0.89   0.89   0.89   0.99   0.99   0.99   0.89   0.99   0.89   0.73   0.89   0.99   0.89   0.06   0.99   0.89   0.89   0.89   0.89   0.89   0.99   0.73   0.89   0.89   0.02   0.99   
0.89   0.89   0.89   0.89   0.89   0.89   0.89   0.89   0.89   0.89   0.89   0.89   0.89   0.89   0.06   0.89   0.06   0.89   0.89   0.89   0.06   0.89   0.89   0.89   0.89   0.99   0.06   0.02   0.02   0.06   0.06   0.06   0.89   0.89   0.73   0.89   0.99   0.99   0.89   0.89   0.06   0.91   0.93   0.89   0.06   0.89   0.06   0.89   0.98   0.89   0.06   0.73   0.89   0.89   0.89   0.99   0.99   0.99   0.89   0.99   0.89   0.73   0.89   0.99   0.89   0.06   0.99   0.89   0.89   0.89   0.89   0.89   0.99   0.73   0.89   0.89   0.02   0.99   
0.16   0.29   0.16   0.24   0.74   0.81   0.10   0.38   0.00   0.77   0.53   0.06   0.35   0.13   0.79   0.46   0.50   0.46   0.47   0.78   0.57   0.02   0.84   0.67   0.22   0.50   0.63   0.50   0.50   0.28   0.21   0.08   0.79   0.80   0.04   0.62   0.50   0.50   0.08   0.62   0.50   0.50   0.50   0.50   0.06   0.62   0.89   0.67   0.50   0.97   0.21   0.84   0.02   0.96   0.73   0.50   0.50   0.50   0.50   0.50   0.77   0.85   0.89   0.50   0.92   0.51   0.50   0.96   0.99   0.50   0.96   0.50   0.50   0.77   0.80   0.94   0.74   0.50   
0.73   0.85   0.74   0.82   0.98   0.98   0.05   0.90   0.00   0.98   0.94   0.03   0.89   0.69   0.85   0.93   0.61   0.93   0.93   0.98   0.67   0.01   0.99   0.97   0.81   0.99   0.72   0.02   0.02   0.02   0.01   0.00   0.98   0.98   0.01   0.96   0.99   0.99   0.04   0.96   0.02   0.98   0.98   0.93   0.00   0.96   0.93   0.97   0.99   1.00   0.01   0.96   0.01   1.00   0.98   0.99   0.99   0.99   0.93   0.99   0.98   0.96   0.99   0.99   0.99   0.62   0.99   1.00   1.00   0.93   1.00   0.93   0.99   0.94   0.98   1.00   0.03   0.99   

5.00   5.00   5.00   5.00   5.00   5.00   5.00   5.00   5.00   5.00   5.00   5.00   5.00   5.00   5.00   5.00   5.00   5.00   5.00   5.00   5.00   5.00   5.00   5.00   5.00   5.00   5.00   5.00   5.00   5.00   5.00   5.00   5.00   5.00   5.00   5.00   5.00   5.00   5.00   5.00   5.00   5.00   5.00   5.00   5.00   5.00   5.00   5.00   5.00   5.00   5.00   5.00   5.00   5.00   5.00   5.00   5.00   5.00   5.00   5.00   5.00   5.00   5.00   5.00   5.00   5.00   5.00   5.00   5.00   5.00   5.00   5.00   5.00   5.00   5.00   5.00   5.00   5.00   
0.88   0.88   0.88   0.88   0.88   0.88   0.89   0.88   0.88   0.88   0.88   0.88   0.88   0.88   0.06   0.88   0.06   0.88   0.88   0.88   0.07   0.88   0.88   0.88   0.88   0.99   0.06   0.01   0.01   0.06   0.06   0.06   0.89   0.88   0.69   0.88   0.99   0.99   0.88   0.88   0.06   0.90   0.92   0.89   0.07   0.88   0.06   0.88   0.98   0.89   0.06   0.69   0.89   0.88   0.88   0.99   0.99   0.99   0.88   0.99   0.88   0.69   0.88   0.99   0.88   0.06   0.99   0.88   0.88   0.88   0.89   0.88   0.99   0.69   0.88   0.88   0.01   0.99   
0.88   0.88   0.88   0.88   0.88   0.88   0.89   0.88   0.88   0.88   0.88   0.88   0.88   0.88   0.06   0.88   0.06   0.88   0.88   0.88   0.07   0.88   0.88   0.88   0.88   0.99   0.06   0.01   0.01   0.06   0.06   0.06   0.89   0.88   0.69   0.88   0.99   0.99   0.88   0.88   0.06   0.90   0.92   0.89   0.07   0.88   0.06   0.88   0.98   0.89   0.06   0.69   0.89   0.88   0.88   0.99   0.99   0.99   0.88   0.99   0.88   0.69   0.88   0.99   0.88   0.06   0.99   0.88   0.88   0.88   0.89   0.88   0.99   0.69   0.88   0.88   0.01   0.99   
0.10   0.26   0.11   0.22   0.78   0.84   0.06   0.46   0.50   0.76   0.62   0.06   0.19   0.14   0.87   0.31   0.53   0.35   0.40   0.83   0.66   0.02   0.87   0.64   0.15   0.50   0.54   0.50   0.50   0.30   0.23   0.50   0.78   0.78   0.50   0.70   0.50   0.50   0.06   0.58   0.50   0.50   0.50   0.50   0.50   0.43   0.89   0.64   0.50   0.50   0.18   0.88   0.02   0.50   0.71   0.50   0.50   0.50   0.50   0.50   0.79   0.87   0.95   0.50   0.50   0.37   0.50   0.50   0.50   0.50   0.50   0.50   0.50   0.71   0.82   0.50   0.71   0.50   
0.02   0.82   0.03   0.06   0.98   0.98   0.01   0.92   0.92   0.98   0.95   0.01   0.05   0.04   0.90   0.85   0.02   0.87   0.89   0.98   0.65   0.00   0.99   0.96   0.04   0.99   0.62   0.02   0.02   0.01   0.01   0.02   0.97   0.98   0.93   0.97   0.99   0.99   0.01   0.95   0.02   0.98   0.98   0.93   0.02   0.90   0.92   0.96   0.99   0.92   0.00   0.99   0.00   0.92   0.97   0.99   0.99   0.99   0.93   0.99   0.98   0.99   1.00   0.99   0.92   0.01   0.99   0.92   0.92   0.93   0.92   0.93   0.99   0.97   0.98   0.92   0.06   0.99   

5.00   5.00   5.00   5.00   5.00   5.00   5.00   5.00   5.00   5.00   5.00   5.00   5.00   5.00   5.00   5.00   5.00   5.00   5.00   5.00   5.00   5.00   5.00   5.00   5.00   5.00   5.00   5.00   5.00   5.00   5.00   5.00   5.00   5.00   5.00   5.00   5.00   5.00   5.00   5.00   5.00   5.00   5.00   5.00   5.00   5.00   5.00   5.00   5.00   5.00   5.00   5.00   5.00   5.00   5.00   5.00   5.00   5.00   5.00   5.00   5.00   5.00   5.00   5.00   5.00   5.00   5.00   5.00   5.00   5.00   5.00   5.00   5.00   5.00   5.00   5.00   5.00   5.00   
0.17   0.17   0.17   0.17   0.17   0.17   0.21   0.17   0.17   0.17   0.17   0.17   0.17   0.17   0.01   0.17   0.01   0.17   0.17   0.17   0.02   0.17   0.17   0.17   0.17   0.60   0.01   0.01   0.01   0.01   0.01   0.01   0.21   0.84   0.11   0.17   0.98   0.98   0.17   0.17   0.01   0.07   0.28   0.87   0.02   0.17   0.01   0.17   0.96   0.87   0.01   0.11   0.87   0.17   0.84   0.98   0.98   0.98   0.84   0.60   0.17   0.11   0.17   0.98   0.84   0.01   0.98   0.17   0.17   0.17   0.21   0.17   0.98   0.76   0.17   0.84   0.01   0.60   
0.17   0.17   0.17   0.17   0.17   0.17   0.21   0.17   0.17   0.17   0.17   0.17   0.17   0.17   0.01   0.17   0.01   0.17   0.17   0.17   0.02   0.17   0.17   0.17   0.17   0.60   0.01   0.01   0.01   0.01   0.01   0.01   0.21   0.84   0.11   0.17   0.98   0.98   0.17   0.17   0.01   0.07   0.28   0.87   0.02   0.17   0.01   0.17   0.96   0.87   0.01   0.11   0.87   0.17   0.84   0.98   0.98   0.98   0.84   0.60   0.17   0.11   0.17   0.98   0.84   0.01   0.98   0.17   0.17   0.17   0.21   0.17   0.98   0.76   0.17   0.84   0.01   0.60   
0.11   0.26   0.15   0.24   0.73   0.89   0.07   0.55   0.50   0.88   0.62   0.04   0.21   0.12   0.89   0.32   0.57   0.43   0.38   0.73   0.73   0.50   0.89   0.65   0.18   0.50   0.55   0.50   0.50   0.23   0.50   0.50   0.86   0.81   0.50   0.57   0.50   0.50   0.06   0.57   0.50   0.50   0.50   0.50   0.50   0.52   0.92   0.69   0.50   0.50   0.50   0.85   0.50   0.50   0.77   0.50   0.50   0.50   0.50   0.50   0.76   0.89   0.50   0.50   0.50   0.38   0.50   0.50   0.50   0.50   0.50   0.50   0.50   0.81   0.74   0.50   0.74   0.50   
0.02   0.07   0.03   0.06   0.95   0.98   0.23   0.89   0.92   0.98   0.92   0.01   0.05   0.03   0.91   0.09   0.02   0.84   0.81   0.95   0.96   0.90   0.98   0.93   0.04   0.99   0.02   0.02   0.02   0.01   0.02   0.02   0.99   0.99   0.12   0.90   0.99   0.99   0.01   0.90   0.02   0.98   0.98   0.92   0.02   0.88   0.93   0.94   0.99   0.92   0.02   0.97   0.96   0.92   0.99   0.99   0.99   0.99   0.92   0.99   0.96   0.98   0.90   0.99   0.92   0.01   0.99   0.92   0.92   0.92   0.92   0.92   0.99   0.99   0.95   0.92   0.03   0.99   

5.00   5.00   5.00   5.00   5.00   5.00   5.00   5.00   5.00   5.00   5.00   5.00   5.00   5.00   5.00   5.00   5.00   5.00   5.00   5.00   5.00   5.00   5.00   5.00   5.00   5.00   5.00   5.00   5.00   5.00   5.00   5.00   5.00   5.00   5.00   5.00   5.00   5.00   5.00   5.00   5.00   5.00   5.00   5.00   5.00   5.00   5.00   5.00   5.00   5.00   5.00   5.00   5.00   5.00   5.00   5.00   5.00   5.00   5.00   5.00   5.00   5.00   5.00   5.00   5.00   5.00   5.00   5.00   5.00   5.00   5.00   5.00   5.00   5.00   5.00   5.00   5.00   5.00   
0.22   0.22   0.22   0.22   0.22   0.22   0.33   0.22   0.22   0.22   0.22   0.22   0.22   0.22   0.01   0.22   0.01   0.22   0.22   0.22   0.03   0.22   0.22   0.22   0.22   0.88   0.01   0.01   0.01   0.01   0.01   0.01   0.33   0.71   0.13   0.73   0.98   0.98   0.22   0.22   0.01   0.68   0.83   0.92   0.03   0.22   0.01   0.22   0.98   0.92   0.01   0.13   0.74   0.73   0.90   0.98   0.98   0.85   0.90   0.69   0.22   0.13   0.22   0.98   0.71   0.01   0.98   0.22   0.73   0.73   0.76   0.22   0.98   0.88   0.22   0.71   0.01   0.88   
0.22   0.22   0.22   0.22   0.22   0.22   0.33   0.22   0.22   0.22   0.22   0.22   0.22   0.22   0.01   0.22   0.01   0.22   0.22   0.22   0.03   0.22   0.22   0.22   0.22   0.88   0.01   0.01   0.01   0.01   0.01   0.01   0.33   0.71   0.13   0.73   0.98   0.98   0.22   0.22   0.01   0.68   0.83   0.92   0.03   0.22   0.01   0.22   0.98   0.92   0.01   0.13   0.74   0.73   0.90   0.98   0.98   0.85   0.90   0.69   0.22   0.13   0.22   0.98   0.71   0.01   0.98   0.22   0.73   0.73   0.76   0.22   0.98   0.88   0.22   0.71   0.01   0.88   
0.11   0.24   0.17   0.21   0.65   0.89   0.06   0.53   0.50   0.87   0.51   0.03   0.21   0.13   0.87   0.30   0.53   0.41   0.36   0.70   0.75   0.50   0.85   0.54   0.14   0.50   0.36   0.50   0.50   0.50   0.50   0.50   0.84   0.78   0.50   0.48   0.50   0.50   0.06   0.53   0.50   0.50   0.50   0.50   0.50   0.48   0.91   0.66   0.50   0.50   0.50   0.87   0.50   0.50   0.73   0.50   0.50   0.50   0.50   0.50   0.69   0.88   0.50   0.50   0.50   0.47   0.50   0.50   0.50   0.50   0.50   0.50   0.50   0.78   0.76   0.50   0.73   0.50   
0.02   0.04   0.03   0.04   0.91   0.98   0.08   0.86   0.92   0.97   0.85   0.00   0.04   0.02   0.89   0.06   0.02   0.09   0.08   0.92   0.93   0.90   0.97   0.86   0.02   0.99   0.01   0.02   0.02   0.02   0.02   0.02   0.98   0.99   0.94   0.95   0.99   0.99   0.01   0.86   0.02   0.98   0.98   0.92   0.02   0.12   0.92   0.91   0.99   0.92   0.02   0.98   0.96   0.92   0.99   0.99   0.99   0.99   0.92   0.99   0.92   0.98   0.90   0.99   0.92   0.01   0.99   0.92   0.92   0.92   0.92   0.92   0.99   0.99   0.95   0.92   0.09   0.99   

5.00   5.00   5.00   5.00   5.00   5.00   5.00   5.00   5.00   5.00   5.00   5.00   5.00   5.00   5.00   5.00   5.00   5.00   5.00   5.00   5.00   5.00   5.00   5.00   5.00   5.00   5.00   5.00   5.00   5.00   5.00   5.00   5.00   5.00   5.00   5.00   5.00   5.00   5.00   5.00   5.00   5.00   5.00   5.00   5.00   5.00   5.00   5.00   5.00   5.00   5.00   5.00   5.00   5.00   5.00   5.00   5.00   5.00   5.00   5.00   5.00   5.00   5.00   5.00   5.00   5.00   5.00   5.00   5.00   5.00   5.00   5.00   5.00   5.00   5.00   5.00   5.00   5.00   
0.08   0.08   0.08   0.08   0.53   0.53   0.12   0.08   0.08   0.08   0.08   0.08   0.08   0.08   0.38   0.08   0.38   0.08   0.08   0.53   0.03   0.08   0.08   0.08   0.08   0.94   0.01   0.01   0.01   0.01   0.01   0.01   0.12   0.80   0.06   0.82   0.99   0.99   0.08   0.08   0.01   0.90   0.96   0.94   0.03   0.08   0.38   0.08   0.99   0.94   0.01   0.06   0.46   0.47   0.93   0.99   0.99   0.92   0.93   0.84   0.53   0.49   0.53   0.99   0.80   0.01   0.99   0.53   0.82   0.82   0.84   0.53   0.99   0.92   0.08   0.80   0.01   0.94   
0.08   0.08   0.08   0.08   0.53   0.53   0.12   0.08   0.08   0.08   0.08   0.08   0.08   0.08   0.38   0.08   0.38   0.08   0.08   0.53   0.03   0.08   0.08   0.08   0.08   0.94   0.01   0.01   0.01   0.01   0.01   0.01   0.12   0.80   0.06   0.82   0.99   0.99   0.08   0.08   0.01   0.90   0.96   0.94   0.03   0.08   0.38   0.08   0.99   0.94   0.01   0.06   0.46   0.47   0.93   0.99   0.99   0.92   0.93   0.84   0.53   0.49   0.53   0.99   0.80   0.01   0.99   0.53   0.82   0.82   0.84   0.53   0.99   0.92   0.08   0.80   0.01   0.94   
0.11   0.20   0.16   0.26   0.65   0.89   0.08   0.45   0.50   0.89   0.50   0.50   0.23   0.13   0.84   0.32   0.55   0.42   0.35   0.66   0.75   0.50   0.82   0.46   0.13   0.50   0.30   0.50   0.50   0.50   0.50   0.50   0.81   0.83   0.50   0.37   0.50   0.50   0.06   0.60   0.50   0.50   0.50   0.50   0.50   0.48   0.90   0.71   0.50   0.50   0.50   0.87   0.50   0.50   0.69   0.50   0.50   0.50   0.50   0.50   0.69   0.88   0.50   0.50   0.50   0.60   0.50   0.50   0.50   0.50   0.50   0.50   0.50   0.50   0.67   0.50   0.71   0.50   
0.01   0.02   0.01   0.02   0.95   0.99   0.03   0.05   0.92   0.93   0.06   0.06   0.02   0.01   0.97   0.03   0.90   0.04   0.03   0.95   0.85   0.92   0.89   0.05   0.01   0.99   0.01   0.02   0.02   0.02   0.02   0.83   0.92   0.99   0.95   0.94   0.99   0.99   0.00   0.09   0.02   0.99   0.99   0.93   0.83   0.06   0.99   0.81   0.99   0.92   0.02   0.94   0.95   0.92   0.99   0.99   0.99   0.99   0.93   0.99   0.96   0.99   0.92   0.99   0.92   0.03   0.99   0.92   0.92   0.93   0.92   0.93   0.99   0.98   0.78   0.92   0.11   0.99   

5.00   5.00   5.00   5.00   5.00   5.00   5.00   5.00   5.00   5.00   5.00   5.00   5.00   5.00   5.00   5.00   5.00   5.00   5.00   5.00   5.00   5.00   5.00   5.00   5.00   5.00   5.00   5.00   5.00   5.00   5.00   5.00   5.00   5.00   5.00   5.00   5.00   5.00   5.00   5.00   5.00   5.00   5.00   5.00   5.00   5.00   5.00   5.00   5.00   5.00   5.00   5.00   5.00   5.00   5.00   5.00   5.00   5.00   5.00   5.00   5.00   5.00   5.00   5.00   5.00   5.00   5.00   5.00   5.00   5.00   5.00   5.00   5.00   5.00   5.00   5.00   5.00   5.00   
0.06   0.10   0.06   0.10   0.55   0.49   0.14   0.06   0.06   0.06   0.06   0.10   0.06   0.10   0.35   0.06   0.40   0.10   0.06   0.55   0.02   0.06   0.06   0.10   0.10   0.93   0.01   0.01   0.01   0.01   0.01   0.02   0.14   0.80   0.08   0.81   0.99   0.99   0.10   0.06   0.02   0.91   0.97   0.94   0.04   0.10   0.35   0.06   0.99   0.93   0.02   0.08   0.43   0.48   0.93   0.98   0.98   0.93   0.92   0.85   0.55   0.52   0.55   0.99   0.80   0.02   0.99   0.55   0.83   0.83   0.83   0.49   0.99   0.93   0.10   0.77   0.01   0.94   
0.06   0.10   0.06   0.10   0.55   0.49   0.14   0.06   0.06   0.06   0.06   0.10   0.06   0.10   0.35   0.06   0.40   0.10   0.06   0.55   0.02   0.06   0.06   0.10   0.10   0.93   0.01   0.01   0.01   0.01   0.01   0.02   0.14   0.80   0.08   0.81   0.99   0.99   0.10   0.06   0.02   0.91   0.97   0.94   0.04   0.10   0.35   0.06   0.99   0.93   0.02   0.08   0.43   0.48   0.93   0.98   0.98   0.93   0.92   0.85   0.55   0.52   0.55   0.99   0.80   0.02   0.99   0.55   0.83   0.83   0.83   0.49   0.99   0.93   0.10   0.77   0.01   0.94   
0.15   0.24   0.20   0.24   0.69   0.91   0.10   0.49   0.50   0.89   0.56   0.50   0.26   0.12   0.86   0.38   0.63   0.43   0.42   0.70   0.80   0.50   0.85   0.53   0.13   0.50   0.35   0.50   0.50   0.50   0.50   0.50   0.87   0.86   0.50   0.52   0.50   0.50   0.50   0.67   0.50   0.50   0.50   0.50   0.50   0.47   0.93   0.72   0.50   0.50   0.50   0.83   0.50   0.50   0.71   0.50   0.50   0.50   0.50   0.50   0.74   0.90   0.50   0.50   0.50   0.57   0.50   0.50   0.50   0.50   0.50   0.50   0.50   0.50   0.75   0.50   0.76   0.50   
0.02   0.02   0.03   0.02   0.96   0.99   0.03   0.11   0.93   0.95   0.73   0.07   0.04   0.01   0.98   0.07   0.93   0.04   0.08   0.96   0.90   0.92   0.93   0.06   0.01   0.99   0.02   0.02   0.02   0.02   0.02   0.85   0.95   0.99   0.03   0.97   0.99   0.99   0.07   0.81   0.02   0.99   0.99   0.93   0.85   0.05   0.99   0.85   0.99   0.93   0.02   0.09   0.95   0.93   0.99   0.99   0.99   0.99   0.93   0.99   0.96   0.99   0.92   0.99   0.93   0.02   0.99   0.93   0.93   0.93   0.93   0.93   0.99   0.98   0.84   0.93   0.02   0.99   

5.00   5.00   5.00   5.00   5.00   5.00   5.00   5.00   5.00   5.00   5.00   5.00   5.00   5.00   5.00   5.00   5.00   5.00   5.00   5.00   5.00   5.00   5.00   5.00   5.00   5.00   5.00   5.00   5.00   5.00   5.00   5.00   5.00   5.00   5.00   5.00   5.00   5.00   5.00   5.00   5.00   5.00   5.00   5.00   5.00   5.00   5.00   5.00   5.00   5.00   5.00   5.00   5.00   5.00   5.00   5.00   5.00   5.00   5.00   5.00   5.00   5.00   5.00   5.00   5.00   5.00   5.00   5.00   5.00   5.00   5.00   5.00   5.00   5.00   5.00   5.00   5.00   5.00   
0.06   0.10   0.06   0.10   0.52   0.47   0.13   0.06   0.06   0.06   0.06   0.10   0.06   0.10   0.33   0.06   0.38   0.28   0.06   0.52   0.02   0.06   0.23   0.10   0.10   0.91   0.01   0.01   0.01   0.01   0.01   0.02   0.13   0.85   0.08   0.77   0.99   0.99   0.10   0.06   0.02   0.92   0.95   0.96   0.04   0.10   0.33   0.06   0.98   0.91   0.02   0.08   0.44   0.49   0.95   0.99   0.97   0.90   0.94   0.80   0.52   0.65   0.68   0.97   0.85   0.02   0.99   0.52   0.87   0.80   0.87   0.47   0.97   0.94   0.28   0.74   0.01   0.95   
0.06   0.10   0.06   0.10   0.52   0.47   0.13   0.06   0.06   0.06   0.06   0.10   0.06   0.10   0.33   0.06   0.38   0.28   0.06   0.52   0.02   0.06   0.23   0.10   0.10   0.91   0.01   0.01   0.01   0.01   0.01   0.02   0.13   0.85   0.08   0.77   0.99   0.99   0.10   0.06   0.02   0.92   0.95   0.96   0.04   0.10   0.33   0.06   0.98   0.91   0.02   0.08   0.44   0.49   0.95   0.99   0.97   0.90   0.94   0.80   0.52   0.65   0.68   0.97   0.85   0.02   0.99   0.52   0.87   0.80   0.87   0.47   0.97   0.94   0.28   0.74   0.01   0.95   
0.16   0.18   0.17   0.22   0.63   0.93   0.09   0.47   0.50   0.88   0.50   0.50   0.23   0.12   0.85   0.38   0.55   0.40   0.36   0.63   0.76   0.50   0.85   0.50   0.10   0.50   0.26   0.50   0.50   0.50   0.50   0.50   0.80   0.50   0.50   0.48   0.50   0.50   0.50   0.71   0.50   0.50   0.50   0.50   0.50   0.27   0.91   0.65   0.50   0.50   0.50   0.78   0.50   0.50   0.65   0.50   0.50   0.50   0.50   0.50   0.73   0.91   0.50   0.50   0.50   0.45   0.50   0.50   0.50   0.50   0.50   0.50   0.50   0.50   0.81   0.50   0.73   0.50   
0.01   0.01   0.01   0.02   0.93   0.99   0.02   0.05   0.93   0.92   0.06   0.07   0.02   0.01   0.97   0.04   0.87   0.37   0.03   0.93   0.82   0.92   0.95   0.07   0.01   0.99   0.01   0.02   0.02   0.02   0.02   0.82   0.90   0.96   0.93   0.95   0.99   0.99   0.07   0.78   0.02   0.99   0.99   0.93   0.82   0.03   0.98   0.73   0.99   0.93   0.02   0.24   0.95   0.93   0.99   0.99   0.99   0.99   0.93   0.99   0.95   0.99   0.92   0.99   0.93   0.01   0.99   0.93   0.93   0.93   0.93   0.93   0.99   0.98   0.94   0.93   0.06   0.99   

5.00   5.00   5.00   5.00   5.00   5.00   5.00   5.00   5.00   5.00   5.00   5.00   5.00   5.00   5.00   5.00   5.00   5.00   5.00   5.00   5.00   5.00   5.00   5.00   5.00   5.00   5.00   5.00   5.00   5.00   5.00   5.00   5.00   5.00   5.00   5.00   5.00   5.00   5.00   5.00   5.00   5.00   5.00   5.00   5.00   5.00   5.00   5.00   5.00   5.00   5.00   5.00   5.00   5.00   5.00   5.00   5.00   5.00   5.00   5.00   5.00   5.00   5.00   5.00   5.00   5.00   5.00   5.00   5.00   5.00   5.00   5.00   5.00   5.00   5.00   5.00   5.00   5.00   
0.05   0.09   0.05   0.09   0.50   0.44   0.14   0.05   0.05   0.05   0.05   0.09   0.05   0.09   0.53   0.05   0.37   0.26   0.05   0.50   0.02   0.05   0.21   0.09   0.09   0.93   0.01   0.01   0.01   0.01   0.01   0.02   0.37   0.82   0.07   0.75   0.98   0.98   0.09   0.05   0.02   0.95   0.96   0.97   0.05   0.09   0.32   0.05   0.98   0.89   0.02   0.07   0.59   0.50   0.93   0.97   0.98   0.89   0.95   0.79   0.50   0.76   0.64   0.96   0.82   0.02   0.99   0.50   0.85   0.78   0.85   0.44   0.98   0.93   0.26   0.72   0.01   0.96   
0.05   0.09   0.05   0.09   0.50   0.44   0.14   0.05   0.05   0.05   0.05   0.09   0.05   0.09   0.53   0.05   0.37   0.26   0.05   0.50   0.02   0.05   0.21   0.09   0.09   0.93   0.01   0.01   0.01   0.01   0.01   0.02   0.37   0.82   0.07   0.75   0.98   0.98   0.09   0.05   0.02   0.95   0.96   0.97   0.05   0.09   0.32   0.05   0.98   0.89   0.02   0.07   0.59   0.50   0.93   0.97   0.98   0.89   0.95   0.79   0.50   0.76   0.64   0.96   0.82   0.02   0.99   0.50   0.85   0.78   0.85   0.44   0.98   0.93   0.26   0.72   0.01   0.96   
0.19   0.19   0.16   0.26   0.64   0.93   0.09   0.43   0.50   0.89   0.50   0.50   0.25   0.13   0.87   0.46   0.56   0.45   0.40   0.69   0.76   0.50   0.86   0.37   0.14   0.50   0.50   0.50   0.50   0.50   0.50   0.50   0.83   0.50   0.50   0.47   0.50   0.50   0.50   0.71   0.50   0.50   0.50   0.50   0.50   0.32   0.92   0.66   0.50   0.50   0.50   0.86   0.50   0.50   0.73   0.50   0.50   0.50   0.50   0.50   0.75   0.91   0.50   0.50   0.50   0.53   0.50   0.50   0.50   0.50   0.50   0.50   0.50   0.50   0.78   0.50   0.80   0.50   
0.01   0.02   0.01   0.02   0.92   0.99   0.03   0.04   0.93   0.91   0.06   0.07   0.02   0.01   0.99   0.05   0.87   0.39   0.04   0.94   0.81   0.92   0.95   0.04   0.01   0.99   0.02   0.02   0.02   0.02   0.02   0.82   0.96   0.96   0.94   0.94   0.99   0.99   0.07   0.76   0.02   0.99   0.99   0.93   0.82   0.03   0.98   0.71   0.99   0.93   0.02   0.36   0.95   0.93   0.99   0.99   0.99   0.99   0.93   0.99   0.95   1.00   0.92   0.99   0.93   0.02   0.99   0.93   0.93   0.93   0.93   0.93   0.99   0.98   0.92   0.93   0.09   0.99   

5.00   5.00   5.00   5.00   5.00   5.00   5.00   5.00   5.00   5.00   5.00   5.00   5.00   5.00   5.00   5.00   5.00   5.00   5.00   5.00   5.00   5.00   5.00   5.00   5.00   5.00   5.00   5.00   5.00   5.00   5.00   5.00   5.00   5.00   5.00   5.00   5.00   5.00   5.00   5.00   5.00   5.00   5.00   5.00   5.00   5.00   5.00   5.00   5.00   5.00   5.00   5.00   5.00   5.00   5.00   5.00   5.00   5.00   5.00   5.00   5.00   5.00   5.00   5.00   5.00   5.00   5.00   5.00   5.00   5.00   5.00   5.00   5.00   5.00   5.00   5.00   5.00   5.00   
0.02   0.03   0.02   0.03   0.52   0.45   0.04   0.02   0.16   0.02   0.16   0.03   0.16   0.19   0.64   0.02   0.10   0.06   0.02   0.12   0.02   0.02   0.05   0.03   0.19   0.95   0.12   0.01   0.01   0.01   0.01   0.02   0.49   0.85   0.19   0.80   0.98   0.98   0.03   0.02   0.15   0.97   0.98   0.97   0.18   0.03   0.36   0.02   0.99   0.92   0.15   0.19   0.71   0.62   0.94   0.98   0.98   0.91   0.96   0.84   0.52   0.81   0.67   0.97   0.85   0.15   0.99   0.12   0.87   0.83   0.87   0.45   0.99   0.94   0.31   0.76   0.15   0.97   
0.02   0.03   0.02   0.03   0.52   0.45   0.04   0.02   0.16   0.02   0.16   0.03   0.16   0.19   0.64   0.02   0.10   0.06   0.02   0.12   0.02   0.02   0.05   0.03   0.19   0.95   0.12   0.01   0.01   0.01   0.01   0.02   0.49   0.85   0.19   0.80   0.98   0.98   0.03   0.02   0.15   0.97   0.98   0.97   0.18   0.03   0.36   0.02   0.99   0.92   0.15   0.19   0.71   0.62   0.94   0.98   0.98   0.91   0.96   0.84   0.52   0.81   0.67   0.97   0.85   0.15   0.99   0.12   0.87   0.83   0.87   0.45   0.99   0.94   0.31   0.76   0.15   0.97   
0.19   0.15   0.17   0.24   0.57   0.94   0.09   0.44   0.50   0.89   0.46   0.50   0.22   0.12   0.85   0.41   0.62   0.45   0.39   0.65   0.76   0.50   0.87   0.32   0.11   0.50   0.50   0.50   0.50   0.50   0.50   0.50   0.79   0.50   0.50   0.47   0.50   0.50   0.50   0.73   0.50   0.50   0.50   0.50   0.50   0.28   0.91   0.63   0.50   0.50   0.50   0.83   0.50   0.50   0.77   0.50   0.50   0.50   0.50   0.50   0.71   0.50   0.50   0.50   0.50   0.42   0.50   0.50   0.50   0.50   0.50   0.50   0.50   0.50   0.82   0.50   0.79   0.50   
0.01   0.01   0.01   0.02   0.88   0.98   0.01   0.02   0.91   0.66   0.23   0.06   0.09   0.06   0.98   0.02   0.28   0.14   0.02   0.37   0.05   0.90   0.76   0.03   0.06   0.99   0.01   0.02   0.02   0.02   0.02   0.80   0.95   0.96   0.96   0.91   0.99   0.99   0.05   0.07   0.02   0.99   0.99   0.92   0.80   0.02   0.97   0.04   0.99   0.91   0.02   0.94   0.92   0.91   0.99   0.99   0.99   0.99   0.92   0.99   0.93   0.96   0.90   0.99   0.91   0.20   0.99   0.91   0.91   0.92   0.91   0.92   0.99   0.98   0.94   0.91   0.90   0.99   

5.00   5.00   5.00   5.00   5.00   5.00   5.00   5.00   5.00   5.00   5.00   5.00   5.00   5.00   5.00   5.00   5.00   5.00   5.00   5.00   5.00   5.00   5.00   5.00   5.00   5.00   5.00   5.00   5.00   5.00   5.00   5.00   5.00   5.00   5.00   5.00   5.00   5.00   5.00   5.00   5.00   5.00   5.00   5.00   5.00   5.00   5.00   5.00   5.00   5.00   5.00   5.00   5.00   5.00   5.00   5.00   5.00   5.00   5.00   5.00   5.00   5.00   5.00   5.00   5.00   5.00   5.00   5.00   5.00   5.00   5.00   5.00   5.00   5.00   5.00   5.00   5.00   5.00   
0.01   0.02   0.01   0.04   0.44   0.38   0.05   0.03   0.14   0.03   0.18   0.04   0.18   0.22   0.66   0.03   0.12   0.08   0.03   0.14   0.03   0.03   0.07   0.04   0.22   0.95   0.11   0.01   0.01   0.01   0.01   0.01   0.53   0.81   0.16   0.80   0.98   0.98   0.02   0.01   0.17   0.97   0.98   0.97   0.16   0.02   0.40   0.03   0.99   0.92   0.13   0.22   0.73   0.62   0.92   0.98   0.98   0.91   0.96   0.84   0.55   0.82   0.68   0.97   0.85   0.17   0.99   0.12   0.84   0.78   0.84   0.49   0.99   0.94   0.26   0.77   0.13   0.97   
0.01   0.02   0.01   0.04   0.44   0.38   0.05   0.03   0.14   0.03   0.18   0.04   0.18   0.22   0.66   0.03   0.12   0.08   0.03   0.14   0.03   0.03   0.07   0.04   0.22   0.95   0.11   0.01   0.01   0.01   0.01   0.01   0.53   0.81   0.16   0.80   0.98   0.98   0.02   0.01   0.17   0.97   0.98   0.97   0.16   0.02   0.40   0.03   0.99   0.92   0.13   0.22   0.73   0.62   0.92   0.98   0.98   0.91   0.96   0.84   0.55   0.82   0.68   0.97   0.85   0.17   0.99   0.12   0.84   0.78   0.84   0.49   0.99   0.94   0.26   0.77   0.13   0.97   
0.50   0.18   0.50   0.24   0.60   0.94   0.03   0.31   0.50   0.92   0.37   0.50   0.19   0.09   0.90   0.38   0.53   0.32   0.39   0.68   0.68   0.50   0.87   0.37   0.10   0.50   0.50   0.50   0.50   0.50   0.50   0.50   0.81   0.50   0.50   0.47   0.50   0.50   0.50   0.67   0.50   0.50   0.50   0.50   0.50   0.29   0.91   0.38   0.50   0.50   0.50   0.88   0.50   0.50   0.68   0.50   0.50   0.50   0.50   0.50   0.79   0.50   0.50   0.50   0.50   0.44   0.50   0.50   0.50   0.50   0.50   0.50   0.50   0.50   0.75   0.50   0.84   0.50   
0.03   0.02   0.03   0.02   0.92   0.99   0.00   0.01   0.91   0.76   0.16   0.07   0.07   0.05   0.98   0.01   0.29   0.10   0.02   0.75   0.02   0.91   0.80   0.04   0.06   0.99   0.01   0.02   0.02   0.02   0.02   0.79   0.95   0.96   0.96   0.91   0.99   0.99   0.06   0.10   0.02   0.99   0.99   0.92   0.79   0.04   0.97   0.02   0.99   0.91   0.02   0.96   0.92   0.91   0.99   0.99   0.99   0.99   0.92   0.99   0.96   0.96   0.91   0.99   0.91   0.22   0.99   0.91   0.91   0.92   0.91   0.92   0.99   0.99   0.93   0.91   0.94   0.99   

5.00   5.00   5.00   5.00   5.00   5.00   5.00   5.00   5.00   5.00   5.00   5.00   5.00   5.00   5.00   5.00   5.00   5.00   5.00   5.00   5.00   5.00   5.00   5.00   5.00   5.00   5.00   5.00   5.00   5.00   5.00   5.00   5.00   5.00   5.00   5.00   5.00   5.00   5.00   5.00   5.00   5.00   5.00   5.00   5.00   5.00   5.00   5.00   5.00   5.00   5.00   5.00   5.00   5.00   5.00   5.00   5.00   5.00   5.00   5.00   5.00   5.00   5.00   5.00   5.00   5.00   5.00   5.00   5.00   5.00   5.00   5.00   5.00   5.00   5.00   5.00   5.00   5.00   
0.01   0.02   0.01   0.04   0.32   0.28   0.05   0.03   0.10   0.03   0.14   0.04   0.14   0.17   0.44   0.03   0.29   0.08   0.03   0.16   0.02   0.03   0.21   0.04   0.17   0.95   0.08   0.02   0.02   0.01   0.01   0.01   0.32   0.83   0.13   0.58   0.98   0.98   0.02   0.01   0.14   0.97   0.98   0.97   0.12   0.02   0.30   0.03   0.99   0.91   0.10   0.40   0.50   0.39   0.92   0.98   0.98   0.92   0.96   0.85   0.65   0.84   0.74   0.97   0.86   0.14   0.99   0.13   0.83   0.77   0.63   0.34   0.99   0.94   0.20   0.79   0.30   0.97   
0.01   0.02   0.01   0.04   0.32   0.28   0.05   0.03   0.10   0.03   0.14   0.04   0.14   0.17   0.44   0.03   0.29   0.08   0.03   0.16   0.02   0.03   0.21   0.04   0.17   0.95   0.08   0.02   0.02   0.01   0.01   0.01   0.32   0.83   0.13   0.58   0.98   0.98   0.02   0.01   0.14   0.97   0.98   0.97   0.12   0.02   0.30   0.03   0.99   0.91   0.10   0.40   0.50   0.39   0.92   0.98   0.98   0.92   0.96   0.85   0.65   0.84   0.74   0.97   0.86   0.14   0.99   0.13   0.83   0.77   0.63   0.34   0.99   0.94   0.20   0.79   0.30   0.97   
0.50   0.25   0.50   0.29   0.65   0.95   0.50   0.40   0.50   0.93   0.47   0.50   0.20   0.13   0.90   0.42   0.62   0.38   0.49   0.68   0.71   0.50   0.88   0.48   0.18   0.50   0.50   0.50   0.50   0.50   0.50   0.50   0.85   0.50   0.50   0.52   0.50   0.50   0.50   0.69   0.50   0.50   0.50   0.50   0.50   0.32   0.92   0.45   0.50   0.50   0.50   0.84   0.50   0.50   0.72   0.50   0.50   0.50   0.50   0.50   0.80   0.50   0.50   0.50   0.50   0.56   0.50   0.50   0.50   0.50   0.50   0.50   0.50   0.50   0.82   0.50   0.82   0.50   
0.02   0.03   0.02   0.03   0.90   0.98   0.07   0.01   0.90   0.79   0.18   0.06   0.06   0.06   0.98   0.02   0.82   0.15   0.02   0.50   0.03   0.90   0.94   0.06   0.08   0.99   0.01   0.02   0.02   0.02   0.02   0.80   0.95   0.96   0.96   0.89   0.99   0.99   0.06   0.09   0.02   0.99   0.99   0.92   0.80   0.05   0.96   0.02   0.99   0.90   0.02   0.97   0.91   0.90   0.99   0.99   0.99   0.99   0.92   0.99   0.97   0.97   0.90   0.99   0.90   0.26   0.99   0.90   0.90   0.92   0.90   0.92   0.99   0.99   0.94   0.90   0.97   0.99   

5.00   5.00   5.00   5.00   5.00   5.00   5.00   5.00   5.00   5.00   5.00   5.00   5.00   5.00   5.00   5.00   5.00   5.00   5.00   5.00   5.00   5.00   5.00   5.00   5.00   5.00   5.00   5.00   5.00   5.00   5.00   5.00   5.00   5.00   5.00   5.00   5.00   5.00   5.00   5.00   5.00   5.00   5.00   5.00   5.00   5.00   5.00   5.00   5.00   5.00   5.00   5.00   5.00   5.00   5.00   5.00   5.00   5.00   5.00   5.00   5.00   5.00   5.00   5.00   5.00   5.00   5.00   5.00   5.00   5.00   5.00   5.00   5.00   5.00   5.00   5.00   5.00   5.00   
0.02   0.01   0.02   0.05   0.36   0.33   0.07   0.04   0.12   0.04   0.17   0.05   0.17   0.20   0.49   0.04   0.35   0.11   0.02   0.21   0.03   0.04   0.26   0.05   0.20   0.92   0.10   0.01   0.01   0.01   0.01   0.00   0.36   0.84   0.15   0.62   0.98   0.98   0.01   0.02   0.16   0.97   0.98   0.97   0.09   0.03   0.35   0.04   0.99   0.92   0.07   0.44   0.54   0.43   0.92   0.98   0.98   0.92   0.96   0.86   0.68   0.84   0.76   0.97   0.87   0.16   0.99   0.17   0.84   0.78   0.67   0.40   0.99   0.95   0.16   0.81   0.26   0.97   
0.02   0.01   0.02   0.05   0.36   0.33   0.07   0.04   0.12   0.04   0.17   0.05   0.17   0.20   0.49   0.04   0.35   0.11   0.02   0.21   0.03   0.04   0.26   0.05   0.20   0.92   0.10   0.01   0.01   0.01   0.01   0.00   0.36   0.84   0.15   0.62   0.98   0.98   0.01   0.02   0.16   0.97   0.98   0.97   0.09   0.03   0.35   0.04   0.99   0.92   0.07   0.44   0.54   0.43   0.92   0.98   0.98   0.92   0.96   0.86   0.68   0.84   0.76   0.97   0.87   0.16   0.99   0.17   0.84   0.78   0.67   0.40   0.99   0.95   0.16   0.81   0.26   0.97   
0.50   0.26   0.50   0.27   0.57   0.95   0.50   0.52   0.50   0.95   0.45   0.50   0.15   0.11   0.92   0.38   0.67   0.40   0.44   0.77   0.77   0.50   0.90   0.49   0.19   0.50   0.50   0.50   0.50   0.50   0.50   0.50   0.86   0.50   0.50   0.54   0.50   0.50   0.50   0.75   0.50   0.50   0.50   0.50   0.50   0.44   0.92   0.44   0.50   0.50   0.50   0.89   0.50   0.50   0.50   0.50   0.50   0.50   0.50   0.50   0.82   0.50   0.50   0.50   0.50   0.55   0.50   0.50   0.50   0.50   0.50   0.50   0.50   0.50   0.85   0.50   0.91   0.50   
0.03   0.02   0.03   0.03   0.88   0.99   0.12   0.03   0.91   0.88   0.20   0.06   0.05   0.06   0.99   0.02   0.89   0.20   0.01   0.88   0.55   0.90   0.96   0.07   0.10   0.99   0.01   0.02   0.02   0.02   0.02   0.82   0.97   0.97   0.97   0.92   0.99   0.99   0.06   0.11   0.02   0.99   0.99   0.93   0.82   0.08   0.97   0.02   0.99   0.91   0.02   0.98   0.94   0.91   0.98   0.99   0.99   0.99   0.93   0.99   0.98   0.97   0.90   0.99   0.91   0.30   0.99   0.91   0.91   0.93   0.91   0.93   0.99   0.99   0.94   0.91   0.98   0.99   

5.00   5.00   5.00   5.00   5.00   5.00   5.00   5.00   5.00   5.00   5.00   5.00   5.00   5.00   5.00   5.00   5.00   5.00   5.00   5.00   5.00   5.00   5.00   5.00   5.00   5.00   5.00   5.00   5.00   5.00   5.00   5.00   5.00   5.00   5.00   5.00   5.00   5.00   5.00   5.00   5.00   5.00   5.00   5.00   5.00   5.00   5.00   5.00   5.00   5.00   5.00   5.00   5.00   5.00   5.00   5.00   5.00   5.00   5.00   5.00   5.00   5.00   5.00   5.00   5.00   5.00   5.00   5.00   5.00   5.00   5.00   5.00   5.00   5.00   5.00   5.00   5.00   5.00   
0.01   0.02   0.03   0.07   0.30   0.34   0.09   0.03   0.13   0.03   0.18   0.04   0.18   0.21   0.50   0.03   0.39   0.09   0.03   0.23   0.05   0.05   0.29   0.07   0.15   0.92   0.07   0.01   0.01   0.00   0.00   0.00   0.31   0.79   0.11   0.56   0.97   0.99   0.01   0.01   0.12   0.97   0.98   0.97   0.06   0.04   0.29   0.03   0.99   0.92   0.08   0.46   0.55   0.43   0.92   0.98   0.98   0.93   0.96   0.86   0.69   0.85   0.77   0.97   0.88   0.12   0.99   0.19   0.84   0.79   0.67   0.33   0.99   0.95   0.13   0.81   0.28   0.97   
0.01   0.02   0.03   0.07   0.30   0.34   0.09   0.03   0.13   0.03   0.18   0.04   0.18   0.21   0.50   0.03   0.39   0.09   0.03   0.23   0.05   0.05   0.29   0.07   0.15   0.92   0.07   0.01   0.01   0.00   0.00   0.00   0.31   0.79   0.11   0.56   0.97   0.99   0.01   0.01   0.12   0.97   0.98   0.97   0.06   0.04   0.29   0.03   0.99   0.92   0.08   0.46   0.55   0.43   0.92   0.98   0.98   0.93   0.96   0.86   0.69   0.85   0.77   0.97   0.88   0.12   0.99   0.19   0.84   0.79   0.67   0.33   0.99   0.95   0.13   0.81   0.28   0.97   
0.50   0.26   0.50   0.27   0.56   0.95   0.50   0.51   0.50   0.94   0.44   0.50   0.16   0.12   0.91   0.37   0.65   0.39   0.42   0.75   0.75   0.50   0.88   0.48   0.19   0.50   0.50   0.50   0.50   0.50   0.50   0.50   0.85   0.50   0.50   0.53   0.50   0.50   0.50   0.73   0.50   0.50   0.50   0.50   0.50   0.43   0.91   0.43   0.50   0.50   0.50   0.87   0.50   0.50   0.50   0.50   0.50   0.50   0.50   0.50   0.80   0.50   0.50   0.50   0.50   0.54   0.50   0.50   0.50   0.50   0.50   0.50   0.50   0.50   0.83   0.50   0.90   0.50   
0.03   0.03   0.03   0.03   0.89   0.99   0.07   0.03   0.91   0.87   0.18   0.07   0.05   0.06   0.98   0.02   0.88   0.22   0.01   0.87   0.03   0.91   0.95   0.06   0.10   0.99   0.01   0.02   0.02   0.02   0.02   0.80   0.96   0.97   0.97   0.91   0.99   0.99   0.07   0.62   0.02   0.99   0.99   0.93   0.80   0.10   0.97   0.02   0.99   0.91   0.02   0.98   0.91   0.91   0.99   0.99   0.99   0.99   0.93   0.99   0.98   0.97   0.91   0.99   0.91   0.28   0.99   0.91   0.91   0.93   0.91   0.93   0.99   0.99   0.95   0.91   0.98   0.99   

5.00   5.00   5.00   5.00   5.00   5.00   5.00   5.00   5.00   5.00   5.00   5.00   5.00   5.00   5.00   5.00   5.00   5.00   5.00   5.00   5.00   5.00   5.00   5.00   5.00   5.00   5.00   5.00   5.00   5.00   5.00   5.00   5.00   5.00   5.00   5.00   5.00   5.00   5.00   5.00   5.00   5.00   5.00   5.00   5.00   5.00   5.00   5.00   5.00   5.00   5.00   5.00   5.00   5.00   5.00   5.00   5.00   5.00   5.00   5.00   5.00   5.00   5.00   5.00   5.00   5.00   5.00   5.00   5.00   5.00   5.00   5.00   5.00   5.00   5.00   5.00   5.00   5.00   
0.01   0.02   0.03   0.06   0.22   0.42   0.07   0.02   0.10   0.02   0.28   0.03   0.13   0.15   0.36   0.02   0.34   0.07   0.03   0.33   0.16   0.05   0.26   0.06   0.11   0.93   0.05   0.02   0.02   0.00   0.00   0.00   0.21   0.79   0.08   0.40   0.97   0.99   0.01   0.01   0.09   0.97   0.98   0.97   0.05   0.04   0.21   0.12   0.99   0.92   0.18   0.52   0.40   0.47   0.93   0.98   0.99   0.93   0.96   0.88   0.72   0.86   0.79   0.98   0.88   0.09   1.00   0.29   0.85   0.80   0.50   0.24   0.99   0.95   0.09   0.82   0.38   0.98   
0.01   0.02   0.03   0.06   0.22   0.42   0.07   0.02   0.10   0.02   0.28   0.03   0.13   0.15   0.36   0.02   0.34   0.07   0.03   0.33   0.16   0.05   0.26   0.06   0.11   0.93   0.05   0.02   0.02   0.00   0.00   0.00   0.21   0.79   0.08   0.40   0.97   0.99   0.01   0.01   0.09   0.97   0.98   0.97   0.05   0.04   0.21   0.12   0.99   0.92   0.18   0.52   0.40   0.47   0.93   0.98   0.99   0.93   0.96   0.88   0.72   0.86   0.79   0.98   0.88   0.09   1.00   0.29   0.85   0.80   0.50   0.24   0.99   0.95   0.09   0.82   0.38   0.98   
0.50   0.23   0.50   0.24   0.50   0.92   0.50   0.45   0.50   0.91   0.39   0.50   0.14   0.11   0.87   0.33   0.58   0.35   0.38   0.69   0.68   0.50   0.83   0.42   0.17   0.50   0.50   0.50   0.50   0.50   0.50   0.50   0.79   0.50   0.50   0.47   0.50   0.50   0.50   0.66   0.50   0.50   0.50   0.50   0.50   0.38   0.87   0.38   0.50   0.50   0.50   0.83   0.50   0.50   0.50   0.50   0.50   0.50   0.50   0.50   0.74   0.50   0.50   0.50   0.50   0.48   0.50   0.50   0.50   0.50   0.50   0.50   0.50   0.50   0.77   0.50   0.86   0.50   
0.02   0.01   0.02   0.02   0.81   0.98   0.12   0.02   0.91   0.75   0.30   0.06   0.04   0.05   0.97   0.01   0.84   0.12   0.01   0.87   0.64   0.90   0.92   0.05   0.07   0.99   0.01   0.02   0.02   0.02   0.02   0.81   0.93   0.96   0.97   0.86   0.99   0.99   0.06   0.06   0.02   0.99   0.99   0.93   0.81   0.05   0.94   0.09   0.99   0.91   0.02   0.98   0.94   0.91   0.98   0.99   0.99   0.99   0.93   0.99   0.97   0.97   0.90   0.99   0.91   0.19   0.99   0.91   0.91   0.93   0.91   0.93   0.99   0.99   0.88   0.91   0.98   0.99   

5.00   5.00   5.00   5.00   5.00   5.00   5.00   5.00   5.00   5.00   5.00   5.00   5.00   5.00   5.00   5.00   5.00   5.00   5.00   5.00   5.00   5.00   5.00   5.00   5.00   5.00   5.00   5.00   5.00   5.00   5.00   5.00   5.00   5.00   5.00   5.00   5.00   5.00   5.00   5.00   5.00   5.00   5.00   5.00   5.00   5.00   5.00   5.00   5.00   5.00   5.00   5.00   5.00   5.00   5.00   5.00   5.00   5.00   5.00   5.00   5.00   5.00   5.00   5.00   5.00   5.00   5.00   5.00   5.00   5.00   5.00   5.00   5.00   5.00   5.00   5.00   5.00   5.00   
0.01   0.02   0.02   0.05   0.19   0.38   0.07   0.02   0.09   0.02   0.26   0.03   0.12   0.14   0.32   0.02   0.31   0.06   0.02   0.30   0.14   0.04   0.24   0.05   0.10   0.95   0.04   0.02   0.02   0.00   0.00   0.00   0.19   0.76   0.08   0.36   0.98   0.99   0.01   0.01   0.08   0.98   0.96   0.98   0.05   0.03   0.18   0.11   0.99   0.89   0.18   0.67   0.36   0.45   0.90   0.99   0.97   0.95   0.94   0.92   0.69   0.83   0.76   0.96   0.85   0.08   1.00   0.26   0.90   0.87   0.46   0.21   0.99   0.96   0.09   0.78   0.37   0.96   
0.01   0.02   0.02   0.05   0.19   0.38   0.07   0.02   0.09   0.02   0.26   0.03   0.12   0.14   0.32   0.02   0.31   0.06   0.02   0.30   0.14   0.04   0.24   0.05   0.10   0.95   0.04   0.02   0.02   0.00   0.00   0.00   0.19   0.76   0.08   0.36   0.98   0.99   0.01   0.01   0.08   0.98   0.96   0.98   0.05   0.03   0.18   0.11   0.99   0.89   0.18   0.67   0.36   0.45   0.90   0.99   0.97   0.95   0.94   0.92   0.69   0.83   0.76   0.96   0.85   0.08   1.00   0.26   0.90   0.87   0.46   0.21   0.99   0.96   0.09   0.78   0.37   0.96   
0.50   0.27   0.50   0.28   0.56   0.94   0.50   0.51   0.50   0.94   0.45   0.50   0.17   0.13   0.91   0.38   0.65   0.40   0.43   0.75   0.74   0.50   0.88   0.48   0.20   0.50   0.50   0.50   0.50   0.50   0.50   0.50   0.84   0.50   0.50   0.53   0.50   0.50   0.50   0.72   0.50   0.50   0.50   0.50   0.50   0.44   0.90   0.44   0.50   0.50   0.50   0.87   0.50   0.50   0.50   0.50   0.50   0.50   0.50   0.50   0.79   0.50   0.50   0.50   0.50   0.54   0.50   0.50   0.50   0.50   0.50   0.50   0.50   0.50   0.83   0.50   0.89   0.50   
0.02   0.02   0.02   0.03   0.82   0.99   0.11   0.02   0.90   0.81   0.35   0.06   0.05   0.06   0.98   0.01   0.86   0.14   0.01   0.89   0.70   0.90   0.94   0.06   0.08   0.99   0.01   0.02   0.02   0.02   0.02   0.81   0.94   0.97   0.97   0.87   0.99   0.99   0.06   0.07   0.02   0.99   0.99   0.93   0.81   0.07   0.95   0.11   0.99   0.90   0.02   0.99   0.94   0.90   0.98   0.99   0.99   0.99   0.93   0.99   0.98   0.97   0.90   0.99   0.90   0.22   0.99   0.90   0.90   0.93   0.90   0.93   0.99   0.99   0.90   0.90   0.98   0.99   

0.24   0.30   0.23   0.30   0.52   0.06   0.13   0.18   0.43   0.03   0.49   0.53   0.27   0.53   0.11   0.13   0.09   0.06   0.23   0.11   0.11   0.90   0.39   0.18   0.47   0.25   0.68   0.50   0.50   0.50   0.50   0.50   0.07   0.07   0.13   0.31   0.16   0.05   0.50   0.06   0.65   0.04   0.06   0.31   0.93   0.35   0.11   0.40   0.50   0.06   0.21   0.15   0.57   0.14   0.07   0.25   0.07   0.10   0.29   0.18   0.17   0.04   0.07   0.17   0.01   0.35   0.50   0.06   0.14   0.00   0.08   0.04   0.10   0.04   0.23   0.15   0.04   0.26   
0.00   0.01   0.00   0.01   0.05   0.01   0.00   0.00   0.02   0.00   0.07   0.01   0.01   0.04   0.01   0.00   0.01   0.00   0.00   0.01   0.00   0.12   0.04   0.00   0.02   0.25   0.03   0.01   0.01   0.00   0.00   0.00   0.00   0.03   0.00   0.05   0.26   0.15   0.00   0.00   0.04   0.09   0.09   0.77   0.15   0.01   0.01   0.02   0.96   0.04   0.01   0.04   0.14   0.02   0.04   0.68   0.10   0.10   0.33   0.12   0.05   0.02   0.02   0.18   0.01   0.01   0.98   0.00   0.09   0.00   0.01   0.00   0.54   0.06   0.01   0.06   0.00   0.29   
0.01   0.03   0.02   0.05   0.19   0.37   0.06   0.02   0.09   0.02   0.29   0.03   0.12   0.14   0.35   0.02   0.30   0.06   0.02   0.29   0.14   0.04   0.23   0.05   0.10   0.95   0.04   0.02   0.02   0.00   0.00   0.00   0.19   0.78   0.08   0.39   0.98   0.99   0.01   0.01   0.08   0.98   0.97   0.98   0.04   0.03   0.18   0.11   0.99   0.88   0.17   0.66   0.39   0.44   0.89   0.98   0.96   0.95   0.94   0.91   0.68   0.82   0.74   0.95   0.84   0.08   1.00   0.25   0.90   0.86   0.46   0.20   0.99   0.96   0.08   0.77   0.36   0.95   
0.50   0.25   0.50   0.27   0.54   0.94   0.50   0.50   0.50   0.93   0.43   0.50   0.16   0.12   0.90   0.36   0.63   0.38   0.42   0.73   0.73   0.50   0.87   0.47   0.19   0.50   0.50   0.50   0.50   0.50   0.50   0.50   0.83   0.50   0.50   0.51   0.50   0.50   0.50   0.71   0.50   0.50   0.50   0.50   0.50   0.42   0.90   0.42   0.50   0.50   0.50   0.86   0.50   0.50   0.50   0.50   0.50   0.50   0.50   0.50   0.78   0.50   0.50   0.50   0.50   0.52   0.50   0.50   0.50   0.50   0.50   0.50   0.50   0.50   0.82   0.50   0.89   0.50   
0.02   0.06   0.02   0.02   0.80   0.99   0.11   0.02   0.90   0.78   0.42   0.06   0.04   0.05   0.98   0.01   0.84   0.12   0.01   0.88   0.67   0.90   0.93   0.06   0.07   0.99   0.01   0.02   0.02   0.02   0.02   0.81   0.94   0.96   0.97   0.88   0.99   0.99   0.06   0.06   0.02   0.99   0.99   0.93   0.81   0.06   0.94   0.09   0.99   0.90   0.02   0.99   0.93   0.90   0.98   0.99   0.99   0.99   0.93   0.99   0.98   0.97   0.90   0.99   0.90   0.20   0.99   0.90   0.90   0.93   0.90   0.93   0.99   0.99   0.90   0.90   0.98   0.99   

0.50   0.50   0.50   0.13   0.08   0.50   0.50   0.50   0.24   0.50   0.26   0.04   0.12   0.10   0.04   0.50   0.15   0.50   0.50   0.01   0.50   0.18   0.23   0.50   0.08   0.08   0.17   0.50   0.50   0.50   0.50   0.50   0.50   0.11   0.50   0.10   0.14   0.05   0.50   0.50   0.09   0.01   0.01   0.01   0.15   0.50   0.50   0.33   0.50   0.01   0.04   0.08   0.01   0.02   0.04   0.20   0.05   0.06   0.03   0.07   0.03   0.02   0.02   0.05   0.50   0.05   0.50   0.50   0.12   0.50   0.06   0.50   0.05   0.03   0.21   0.06   0.50   0.21   
0.00   0.01   0.01   0.00   0.00   0.08   0.02   0.01   0.01   0.01   0.02   0.00   0.00   0.00   0.00   0.01   0.01   0.02   0.01   0.00   0.03   0.00   0.01   0.02   0.00   0.05   0.00   0.01   0.01   0.00   0.00   0.00   0.04   0.03   0.02   0.01   0.22   0.13   0.00   0.00   0.00   0.03   0.02   0.03   0.00   0.01   0.04   0.01   0.95   0.01   0.00   0.01   0.00   0.00   0.02   0.56   0.04   0.06   0.02   0.05   0.01   0.01   0.00   0.03   0.28   0.00   0.97   0.05   0.05   0.29   0.01   0.05   0.14   0.05   0.01   0.02   0.07   0.22   
0.01   0.03   0.02   0.05   0.18   0.35   0.06   0.02   0.08   0.02   0.26   0.03   0.11   0.13   0.33   0.02   0.28   0.06   0.02   0.27   0.12   0.04   0.21   0.05   0.09   0.91   0.04   0.02   0.02   0.00   0.00   0.00   0.18   0.73   0.07   0.50   0.98   0.99   0.01   0.01   0.07   0.98   0.97   0.98   0.04   0.03   0.18   0.10   0.99   0.91   0.15   0.60   0.36   0.40   0.91   0.99   0.93   0.95   0.91   0.92   0.75   0.86   0.69   0.92   0.80   0.07   1.00   0.23   0.85   0.82   0.43   0.34   0.99   0.97   0.08   0.82   0.32   0.96   
0.50   0.23   0.50   0.24   0.53   0.94   0.50   0.47   0.50   0.94   0.41   0.50   0.14   0.10   0.90   0.34   0.62   0.36   0.39   0.73   0.72   0.50   0.87   0.44   0.17   0.50   0.50   0.50   0.50   0.50   0.50   0.50   0.83   0.50   0.50   0.49   0.50   0.50   0.50   0.70   0.50   0.50   0.50   0.50   0.50   0.39   0.90   0.40   0.50   0.50   0.50   0.86   0.50   0.50   0.50   0.50   0.50   0.50   0.50   0.50   0.78   0.50   0.50   0.50   0.50   0.50   0.50   0.50   0.50   0.50   0.50   0.50   0.50   0.50   0.82   0.50   0.89   0.50   
0.02   0.05   0.02   0.02   0.78   0.98   0.08   0.02   0.91   0.76   0.32   0.06   0.03   0.04   0.98   0.01   0.78   0.09   0.01   0.83   0.14   0.90   0.90   0.04   0.06   0.99   0.01   0.02   0.02   0.02   0.02   0.80   0.92   0.96   0.96   0.92   0.99   0.99   0.06   0.06   0.02   0.99   0.99   0.92   0.80   0.05   0.94   0.04   0.99   0.91   0.02   0.98   0.92   0.91   0.98   0.99   0.99   0.99   0.92   0.99   0.98   0.96   0.90   0.99   0.91   0.18   0.99   0.91   0.91   0.92   0.91   0.92   0.99   0.99   0.89   0.91   0.97   0.99   

0.50   0.50   0.50   0.50   0.50   0.50   0.50   0.50   0.13   0.50   0.20   0.50   0.50   0.50   0.50   0.50   0.08   0.50   0.50   0.50   0.50   0.50   0.19   0.50   0.50   0.07   0.50   0.50   0.50   0.50   0.50   0.50   0.50   0.04   0.50   0.05   0.07   0.02   0.50   0.50   0.50   0.00   0.01   0.02   0.50   0.50   0.50   0.18   0.50   0.01   0.50   0.07   0.50   0.50   0.02   0.13   0.02   0.03   0.05   0.05   0.02   0.01   0.50   0.04   0.50   0.50   0.50   0.50   0.05   0.50   0.04   0.50   0.02   0.01   0.50   0.03   0.50   0.17   
0.00   0.01   0.01   0.02   0.04   0.07   0.02   0.01   0.00   0.01   0.02   0.01   0.03   0.03   0.07   0.01   0.01   0.02   0.01   0.06   0.03   0.01   0.01   0.02   0.02   0.04   0.01   0.01   0.01   0.00   0.00   0.00   0.04   0.01   0.02   0.01   0.10   0.04   0.00   0.00   0.02   0.01   0.01   0.04   0.01   0.01   0.04   0.01   0.94   0.00   0.03   0.01   0.08   0.09   0.01   0.22   0.01   0.03   0.03   0.03   0.01   0.00   0.16   0.02   0.26   0.02   0.97   0.05   0.02   0.27   0.00   0.04   0.05   0.01   0.02   0.01   0.07   0.16   
0.01   0.03   0.02   0.05   0.18   0.34   0.06   0.02   0.08   0.02   0.30   0.03   0.11   0.12   0.37   0.02   0.28   0.06   0.02   0.31   0.15   0.04   0.24   0.05   0.09   0.92   0.04   0.02   0.02   0.00   0.00   0.00   0.17   0.72   0.07   0.53   0.98   0.99   0.01   0.01   0.07   0.98   0.97   0.98   0.04   0.03   0.17   0.10   0.99   0.90   0.15   0.59   0.36   0.40   0.90   0.98   0.93   0.95   0.91   0.91   0.74   0.87   0.68   0.91   0.78   0.07   0.99   0.23   0.84   0.81   0.42   0.34   0.99   0.97   0.08   0.81   0.32   0.96   
0.50   0.27   0.50   0.28   0.56   0.94   0.50   0.51   0.50   0.93   0.45   0.50   0.17   0.13   0.90   0.38   0.64   0.40   0.43   0.74   0.74   0.50   0.87   0.48   0.20   0.50   0.50   0.50   0.50   0.50   0.50   0.50   0.84   0.50   0.50   0.53   0.50   0.50   0.50   0.72   0.50   0.50   0.50   0.50   0.50   0.43   0.90   0.44   0.50   0.50   0.50   0.86   0.50   0.50   0.50   0.50   0.50   0.50   0.50   0.50   0.79   0.50   0.50   0.50   0.50   0.54   0.50   0.50   0.50   0.50   0.50   0.50   0.50   0.50   0.82   0.50   0.89   0.50   
0.02   0.07   0.02   0.02   0.76   0.98   0.11   0.02   0.91   0.78   0.80   0.06   0.04   0.04   0.99   0.01   0.82   0.10   0.01   0.93   0.84   0.90   0.96   0.06   0.06   0.99   0.01   0.02   0.02   0.02   0.02   0.82   0.92   0.97   0.97   0.95   0.99   0.99   0.06   0.06   0.02   0.99   0.99   0.93   0.82   0.05   0.94   0.12   0.99   0.91   0.02   0.98   0.94   0.91   0.99   0.99   0.99   0.99   0.93   0.99   0.98   0.97   0.90   0.99   0.91   0.16   0.99   0.91   0.91   0.93   0.91   0.93   0.99   0.99   0.86   0.91   0.97   0.99   

0.50   0.50   0.50   0.50   0.50   0.50   0.50   0.50   0.50   0.50   0.13   0.50   0.50   0.50   0.50   0.50   0.50   0.50   0.50   0.50   0.50   0.50   0.14   0.50   0.50   0.04   0.50   0.50   0.50   0.50   0.50   0.50   0.50   0.03   0.50   0.50   0.05   0.02   0.50   0.50   0.50   0.00   0.01   0.01   0.50   0.50   0.50   0.50   0.50   0.50   0.50   0.05   0.50   0.50   0.02   0.10   0.02   0.02   0.05   0.04   0.50   0.50   0.50   0.03   0.50   0.50   0.50   0.50   0.03   0.50   0.50   0.50   0.02   0.01   0.50   0.02   0.50   0.10   
0.00   0.01   0.01   0.02   0.04   0.08   0.02   0.01   0.02   0.01   0.01   0.01   0.03   0.03   0.08   0.01   0.06   0.02   0.01   0.06   0.03   0.01   0.01   0.02   0.02   0.03   0.01   0.01   0.01   0.00   0.00   0.00   0.05   0.01   0.02   0.12   0.09   0.05   0.00   0.00   0.02   0.01   0.01   0.04   0.01   0.01   0.04   0.03   0.94   0.37   0.03   0.01   0.09   0.09   0.01   0.19   0.01   0.02   0.03   0.02   0.21   0.31   0.18   0.02   0.27   0.02   0.97   0.06   0.01   0.29   0.10   0.05   0.06   0.01   0.02   0.01   0.07   0.10   
0.01   0.03   0.02   0.05   0.18   0.34   0.06   0.02   0.08   0.02   0.30   0.03   0.11   0.12   0.37   0.02   0.28   0.06   0.02   0.31   0.15   0.04   0.24   0.05   0.09   0.92   0.04   0.02   0.02   0.00   0.00   0.00   0.17   0.72   0.07   0.53   0.98   0.99   0.01   0.01   0.07   0.98   0.97   0.98   0.04   0.03   0.17   0.10   0.99   0.90   0.15   0.59   0.36   0.40   0.90   0.98   0.93   0.95   0.91   0.91   0.74   0.87   0.68   0.91   0.78   0.07   0.99   0.23   0.84   0.81   0.42   0.34   0.99   0.97   0.08   0.81   0.32   0.96   
0.50   0.27   0.50   0.28   0.57   0.95   0.50   0.52   0.50   0.95   0.46   0.50   0.16   0.12   0.92   0.38   0.66   0.41   0.44   0.76   0.76   0.50   0.89   0.49   0.20   0.50   0.50   0.50   0.50   0.50   0.50   0.50   0.86   0.50   0.50   0.54   0.50   0.50   0.50   0.74   0.50   0.50   0.50   0.50   0.50   0.44   0.91   0.45   0.50   0.50   0.50   0.88   0.50   0.50   0.50   0.50   0.50   0.50   0.50   0.50   0.81   0.50   0.50   0.50   0.50   0.55   0.50   0.50   0.50   0.50   0.50   0.50   0.50   0.50   0.84   0.50   0.91   0.50   
0.03   0.07   0.03   0.02   0.78   0.99   0.11   0.02   0.91   0.82   0.81   0.06   0.04   0.04   0.99   0.01   0.84   0.10   0.01   0.94   0.86   0.90   0.96   0.06   0.06   0.99   0.01   0.02   0.02   0.02   0.02   0.82   0.93   0.97   0.97   0.96   0.99   0.99   0.06   0.06   0.02   0.99   0.99   0.93   0.82   0.06   0.95   0.13   0.99   0.91   0.02   0.99   0.94   0.91   0.99   0.99   0.99   0.99   0.93   0.99   0.98   0.97   0.90   0.99   0.91   0.17   0.99   0.91   0.91   0.93   0.91   0.93   0.99   0.99   0.88   0.91   0.98   0.99   

0.00   0.00   0.00   0.00   0.00   0.00   0.00   0.00   0.00   0.00   0.00   0.00   0.00   0.00   0.00   0.00   0.00   0.00   0.00   0.00   0.00   0.00   0.00   0.00   0.00   0.00   0.00   0.00   0.00   0.00   0.00   0.00   0.00   1.00   0.00   0.00   1.00   1.00   0.00   0.00   0.00   1.00   1.00   1.00   0.00   0.00   0.00   0.00   1.00   1.00   0.00   1.00   0.00   1.00   1.00   1.00   1.00   1.00   1.00   1.00   1.00   1.00   1.00   1.00   1.00   0.00   1.00   1.00   1.00   1.00   1.00   1.00   1.00   1.00   1.00   1.00   1.00   1.00   