5.00   5.00   5.00   5.00   5.00   5.00   5.00   5.00   5.00   5.00   5.00   5.00   5.00   5.00   5.00   5.00   5.00   5.00   5.00   5.00   5.00   5.00   5.00   5.00   5.00   5.00   5.00   5.00   5.00   5.00   5.00   5.00   5.00   5.00   5.00   5.00   5.00   5.00   5.00   5.00   5.00   5.00   5.00   5.00   5.00   5.00   5.00   5.00   5.00   5.00   5.00   5.00   5.00   5.00   5.00   5.00   5.00   5.00   5.00   5.00   5.00   5.00   5.00   5.00   5.00   5.00   5.00   5.00   5.00   5.00   5.00   5.00   5.00   5.00   5.00   5.00   5.00   5.00   
0.09   0.09   0.09   0.09   0.09   0.09   0.96   0.09   0.09   0.09   0.09   0.09   0.96   0.09   0.09   0.01   0.09   0.09   0.09   0.96   0.09   0.96   0.09   0.01   0.01   0.09   0.09   0.01   0.09   0.09   0.09   0.09   0.09   0.96   0.09   0.09   0.96   0.09   0.01   0.09   0.09   0.09   0.96   0.09   0.09   0.09   0.96   0.96   0.96   0.07   0.09   0.96   0.09   0.96   0.09   0.96   0.09   0.96   0.09   0.09   0.09   0.09   0.96   0.09   0.09   0.09   0.09   0.96   0.09   0.09   0.09   0.09   0.09   0.96   0.01   0.96   0.01   0.96   
0.09   0.09   0.09   0.09   0.09   0.09   0.96   0.09   0.09   0.09   0.09   0.09   0.96   0.09   0.09   0.01   0.09   0.09   0.09   0.96   0.09   0.96   0.09   0.01   0.01   0.09   0.09   0.01   0.09   0.09   0.09   0.09   0.09   0.96   0.09   0.09   0.96   0.09   0.01   0.09   0.09   0.09   0.96   0.09   0.09   0.09   0.96   0.96   0.96   0.07   0.09   0.96   0.09   0.96   0.09   0.96   0.09   0.96   0.09   0.09   0.09   0.09   0.96   0.09   0.09   0.09   0.09   0.96   0.09   0.09   0.09   0.09   0.09   0.96   0.01   0.96   0.01   0.96   
0.17   0.25   0.12   0.43   0.24   0.14   0.34   0.14   0.17   0.09   0.34   0.03   0.10   0.35   0.13   0.35   0.33   0.34   0.35   0.10   0.35   0.34   0.37   0.23   0.14   0.18   0.11   0.34   0.62   0.26   0.17   0.60   0.65   0.76   0.35   0.76   0.19   0.84   0.16   0.50   0.15   0.37   0.06   0.19   0.67   0.05   0.68   0.15   0.65   0.29   0.43   0.04   0.06   0.20   0.38   0.49   0.16   0.29   0.71   0.39   0.25   0.65   0.10   0.88   0.32   0.15   0.50   0.15   0.50   0.70   0.32   0.31   0.66   0.72   0.44   0.63   0.45   0.28   
0.66   0.77   0.02   0.88   0.76   0.02   0.98   0.02   0.67   0.02   0.83   0.01   0.92   0.84   0.02   0.01   0.83   0.83   0.84   0.92   0.84   0.98   0.85   0.00   0.00   0.67   0.02   0.01   0.94   0.77   0.66   0.94   0.95   1.00   0.84   0.97   0.96   0.98   0.00   0.91   0.63   0.85   0.86   0.70   0.95   0.01   1.00   0.95   0.99   0.92   0.88   0.79   0.01   0.96   0.86   0.99   0.64   0.98   0.96   0.86   0.76   0.95   0.92   0.99   0.82   0.03   0.91   0.95   0.91   0.96   0.82   0.81   0.95   1.00   0.01   0.99   0.01   0.98   

5.00   5.00   5.00   5.00   5.00   5.00   5.00   5.00   5.00   5.00   5.00   5.00   5.00   5.00   5.00   5.00   5.00   5.00   5.00   5.00   5.00   5.00   5.00   5.00   5.00   5.00   5.00   5.00   5.00   5.00   5.00   5.00   5.00   5.00   5.00   5.00   5.00   5.00   5.00   5.00   5.00   5.00   5.00   5.00   5.00   5.00   5.00   5.00   5.00   5.00   5.00   5.00   5.00   5.00   5.00   5.00   5.00   5.00   5.00   5.00   5.00   5.00   5.00   5.00   5.00   5.00   5.00   5.00   5.00   5.00   5.00   5.00   5.00   5.00   5.00   5.00   5.00   5.00   
0.10   0.10   0.10   0.10   0.86   0.10   0.93   0.10   0.10   0.10   0.10   0.10   0.93   0.10   0.10   0.01   0.86   0.10   0.10   0.93   0.10   0.93   0.10   0.01   0.01   0.10   0.10   0.01   0.10   0.10   0.10   0.10   0.10   0.93   0.10   0.10   0.93   0.86   0.01   0.10   0.10   0.10   0.93   0.10   0.86   0.10   0.93   0.99   0.99   0.06   0.10   0.99   0.10   0.93   0.10   0.93   0.10   0.93   0.10   0.10   0.10   0.10   0.93   0.10   0.10   0.10   0.10   0.93   0.10   0.10   0.10   0.10   0.10   0.93   0.01   0.93   0.01   0.93   
0.10   0.10   0.10   0.10   0.86   0.10   0.93   0.10   0.10   0.10   0.10   0.10   0.93   0.10   0.10   0.01   0.86   0.10   0.10   0.93   0.10   0.93   0.10   0.01   0.01   0.10   0.10   0.01   0.10   0.10   0.10   0.10   0.10   0.93   0.10   0.10   0.93   0.86   0.01   0.10   0.10   0.10   0.93   0.10   0.86   0.10   0.93   0.99   0.99   0.06   0.10   0.99   0.10   0.93   0.10   0.93   0.10   0.93   0.10   0.10   0.10   0.10   0.93   0.10   0.10   0.10   0.10   0.93   0.10   0.10   0.10   0.10   0.10   0.93   0.01   0.93   0.01   0.93   
0.06   0.23   0.11   0.25   0.12   0.16   0.20   0.02   0.14   0.02   0.34   0.50   0.04   0.38   0.05   0.50   0.32   0.15   0.26   0.01   0.20   0.13   0.16   0.50   0.50   0.05   0.07   0.50   0.71   0.13   0.17   0.57   0.80   0.50   0.43   0.75   0.15   0.93   0.50   0.27   0.10   0.34   0.01   0.04   0.87   0.01   0.50   0.10   0.50   0.14   0.39   0.00   0.00   0.17   0.57   0.67   0.08   0.32   0.91   0.59   0.25   0.90   0.10   0.96   0.51   0.09   0.79   0.10   0.80   0.93   0.29   0.67   0.77   0.50   0.47   0.50   0.64   0.15   
0.01   0.02   0.01   0.03   0.93   0.01   0.82   0.00   0.01   0.00   0.78   0.91   0.01   0.81   0.00   0.01   0.98   0.01   0.03   0.00   0.02   0.72   0.01   0.01   0.01   0.00   0.01   0.01   0.94   0.01   0.02   0.90   0.96   0.98   0.84   0.95   0.75   1.00   0.01   0.03   0.01   0.78   0.01   0.00   1.00   0.00   0.98   0.96   0.98   0.00   0.82   0.11   0.00   0.78   0.90   0.97   0.01   0.89   0.98   0.91   0.02   0.98   0.67   0.99   0.88   0.01   0.96   0.04   0.96   0.99   0.03   0.93   0.96   0.98   0.01   0.98   0.01   0.75   

5.00   5.00   5.00   5.00   5.00   5.00   5.00   5.00   5.00   5.00   5.00   5.00   5.00   5.00   5.00   5.00   5.00   5.00   5.00   5.00   5.00   5.00   5.00   5.00   5.00   5.00   5.00   5.00   5.00   5.00   5.00   5.00   5.00   5.00   5.00   5.00   5.00   5.00   5.00   5.00   5.00   5.00   5.00   5.00   5.00   5.00   5.00   5.00   5.00   5.00   5.00   5.00   5.00   5.00   5.00   5.00   5.00   5.00   5.00   5.00   5.00   5.00   5.00   5.00   5.00   5.00   5.00   5.00   5.00   5.00   5.00   5.00   5.00   5.00   5.00   5.00   5.00   5.00   
0.09   0.09   0.09   0.09   0.78   0.09   0.72   0.09   0.09   0.09   0.09   0.09   0.72   0.09   0.09   0.01   0.78   0.09   0.09   0.72   0.09   0.72   0.09   0.01   0.01   0.09   0.09   0.01   0.92   0.09   0.09   0.09   0.09   0.97   0.09   0.92   0.97   0.97   0.01   0.09   0.09   0.09   0.72   0.09   0.78   0.09   0.97   0.99   0.99   0.02   0.09   0.99   0.09   0.72   0.92   0.97   0.92   0.72   0.92   0.92   0.92   0.09   0.97   0.09   0.09   0.92   0.92   0.72   0.92   0.09   0.09   0.09   0.09   0.97   0.01   0.97   0.01   0.72   
0.09   0.09   0.09   0.09   0.78   0.09   0.72   0.09   0.09   0.09   0.09   0.09   0.72   0.09   0.09   0.01   0.78   0.09   0.09   0.72   0.09   0.72   0.09   0.01   0.01   0.09   0.09   0.01   0.92   0.09   0.09   0.09   0.09   0.97   0.09   0.92   0.97   0.97   0.01   0.09   0.09   0.09   0.72   0.09   0.78   0.09   0.97   0.99   0.99   0.02   0.09   0.99   0.09   0.72   0.92   0.97   0.92   0.72   0.92   0.92   0.92   0.09   0.97   0.09   0.09   0.92   0.92   0.72   0.92   0.09   0.09   0.09   0.09   0.97   0.01   0.97   0.01   0.72   
0.50   0.17   0.11   0.29   0.13   0.13   0.22   0.50   0.13   0.50   0.35   0.50   0.03   0.37   0.50   0.50   0.29   0.15   0.27   0.50   0.18   0.15   0.09   0.50   0.50   0.50   0.50   0.50   0.68   0.14   0.19   0.51   0.85   0.50   0.37   0.86   0.45   0.50   0.50   0.31   0.15   0.32   0.50   0.50   0.50   0.50   0.50   0.18   0.50   0.50   0.36   0.00   0.50   0.19   0.53   0.65   0.50   0.24   0.91   0.70   0.36   0.88   0.13   0.97   0.62   0.13   0.84   0.10   0.86   0.95   0.31   0.78   0.81   0.50   0.50   0.50   0.63   0.13   
0.90   0.02   0.01   0.03   0.17   0.01   0.04   0.90   0.01   0.90   0.04   0.94   0.00   0.04   0.90   0.01   0.72   0.01   0.03   0.96   0.02   0.03   0.01   0.01   0.01   0.90   0.90   0.01   0.98   0.01   0.02   0.08   0.92   0.98   0.04   0.99   0.97   0.99   0.01   0.03   0.01   0.04   0.96   0.90   0.99   0.90   0.98   0.98   0.98   0.01   0.04   0.07   0.90   0.04   0.96   0.98   0.90   0.05   1.00   0.98   0.92   0.93   0.84   0.99   0.77   0.38   0.99   0.02   0.99   0.97   0.04   0.87   0.90   0.98   0.01   0.98   0.01   0.02   

0.29   0.28   0.31   0.31   0.30   0.33   0.28   0.28   0.34   0.31   0.35   0.34   0.35   0.31   0.34   0.50   0.32   0.29   0.32   0.34   0.30   0.32   0.32   0.50   0.50   0.33   0.36   0.50   0.31   0.28   0.35   0.30   0.35   0.33   0.32   0.37   0.39   0.41   0.50   0.30   0.35   0.30   0.37   0.27   0.42   0.34   0.36   0.50   0.50   0.27   0.38   0.50   0.30   0.38   0.33   0.32   0.31   0.32   0.34   0.37   0.43   0.30   0.40   0.33   0.40   0.36   0.34   0.34   0.34   0.36   0.34   0.37   0.36   0.32   0.50   0.29   0.50   0.37   
0.02   0.02   0.02   0.02   0.05   0.02   0.06   0.02   0.02   0.02   0.02   0.02   0.08   0.02   0.02   0.00   0.06   0.02   0.02   0.07   0.02   0.07   0.02   0.00   0.00   0.02   0.03   0.00   0.21   0.02   0.02   0.02   0.22   0.95   0.02   0.85   0.96   0.65   0.00   0.02   0.02   0.02   0.08   0.02   0.08   0.02   0.95   0.99   0.99   0.00   0.03   0.99   0.02   0.08   0.23   0.94   0.82   0.07   0.84   0.85   0.58   0.02   0.67   0.02   0.03   0.85   0.24   0.07   0.84   0.03   0.22   0.03   0.03   0.94   0.00   0.93   0.00   0.56   
0.08   0.08   0.08   0.08   0.46   0.08   0.47   0.08   0.08   0.08   0.08   0.08   0.47   0.08   0.08   0.01   0.46   0.08   0.08   0.47   0.08   0.47   0.08   0.01   0.01   0.08   0.08   0.01   0.75   0.08   0.08   0.08   0.75   0.97   0.08   0.93   0.97   0.83   0.01   0.08   0.08   0.08   0.47   0.08   0.46   0.08   0.97   0.99   0.99   0.02   0.08   0.99   0.08   0.47   0.75   0.97   0.93   0.47   0.93   0.93   0.75   0.08   0.84   0.08   0.08   0.93   0.75   0.47   0.93   0.08   0.75   0.08   0.08   0.97   0.01   0.97   0.01   0.83   
0.50   0.13   0.07   0.25   0.10   0.11   0.14   0.50   0.08   0.50   0.31   0.50   0.50   0.43   0.50   0.50   0.33   0.13   0.18   0.50   0.15   0.10   0.09   0.50   0.50   0.50   0.50   0.50   0.65   0.08   0.21   0.43   0.85   0.50   0.34   0.83   0.24   0.50   0.50   0.30   0.08   0.27   0.50   0.50   0.50   0.50   0.50   0.10   0.50   0.50   0.28   0.00   0.50   0.16   0.51   0.62   0.50   0.20   0.50   0.69   0.24   0.90   0.08   0.98   0.58   0.07   0.85   0.08   0.86   0.97   0.28   0.70   0.78   0.50   0.50   0.50   0.62   0.08   
0.90   0.01   0.01   0.02   0.02   0.01   0.03   0.90   0.01   0.90   0.03   0.92   0.65   0.05   0.90   0.01   0.10   0.01   0.02   0.97   0.01   0.02   0.01   0.01   0.01   0.90   0.90   0.01   0.90   0.01   0.02   0.05   0.95   0.98   0.04   0.99   0.95   0.98   0.01   0.03   0.01   0.03   0.97   0.90   0.98   0.90   0.98   0.95   0.98   0.01   0.03   0.01   0.90   0.03   0.83   0.99   0.90   0.04   0.94   0.98   0.30   0.88   0.14   0.97   0.09   0.26   0.96   0.01   0.99   0.96   0.28   0.65   0.74   0.98   0.01   0.98   0.01   0.11   

0.30   0.30   0.29   0.29   0.29   0.28   0.30   0.30   0.28   0.29   0.28   0.28   0.28   0.29   0.28   0.50   0.29   0.30   0.29   0.28   0.30   0.29   0.29   0.50   0.50   0.28   0.27   0.50   0.29   0.30   0.28   0.29   0.28   0.28   0.29   0.27   0.26   0.26   0.50   0.29   0.28   0.29   0.27   0.30   0.25   0.28   0.27   0.50   0.50   0.50   0.27   0.50   0.29   0.27   0.29   0.29   0.29   0.29   0.28   0.27   0.25   0.29   0.26   0.28   0.26   0.27   0.28   0.28   0.28   0.27   0.28   0.27   0.27   0.29   0.50   0.30   0.50   0.27   
0.01   0.01   0.01   0.01   0.03   0.01   0.03   0.01   0.01   0.01   0.05   0.01   0.03   0.01   0.01   0.00   0.03   0.01   0.01   0.03   0.01   0.03   0.01   0.00   0.00   0.01   0.01   0.00   0.08   0.01   0.01   0.01   0.07   0.53   0.01   0.18   0.90   0.16   0.00   0.01   0.01   0.01   0.03   0.01   0.02   0.01   0.90   0.99   0.99   0.01   0.01   0.99   0.01   0.03   0.08   0.54   0.67   0.08   0.19   0.18   0.12   0.05   0.10   0.01   0.01   0.18   0.08   0.03   0.66   0.04   0.07   0.01   0.01   0.91   0.00   0.92   0.00   0.16   
0.07   0.07   0.07   0.07   0.33   0.07   0.35   0.07   0.07   0.07   0.52   0.07   0.35   0.07   0.07   0.01   0.33   0.07   0.07   0.35   0.07   0.35   0.07   0.01   0.01   0.07   0.07   0.01   0.65   0.07   0.07   0.07   0.65   0.92   0.07   0.87   0.98   0.86   0.01   0.07   0.07   0.07   0.35   0.07   0.33   0.07   0.98   0.99   0.99   0.02   0.07   0.99   0.07   0.35   0.65   0.92   0.95   0.66   0.87   0.87   0.81   0.52   0.75   0.07   0.07   0.87   0.65   0.35   0.95   0.52   0.65   0.07   0.07   0.98   0.01   0.98   0.01   0.85   
0.50   0.11   0.50   0.22   0.15   0.11   0.16   0.50   0.50   0.50   0.35   0.50   0.50   0.46   0.50   0.50   0.32   0.14   0.10   0.50   0.15   0.09   0.07   0.50   0.50   0.50   0.50   0.50   0.65   0.50   0.17   0.50   0.76   0.50   0.27   0.87   0.16   0.50   0.50   0.14   0.50   0.20   0.50   0.50   0.50   0.50   0.50   0.12   0.50   0.50   0.18   0.50   0.50   0.20   0.48   0.46   0.50   0.13   0.50   0.69   0.26   0.86   0.10   0.97   0.52   0.08   0.87   0.03   0.50   0.97   0.23   0.77   0.83   0.50   0.50   0.50   0.65   0.07   
0.89   0.01   0.07   0.02   0.05   0.01   0.03   0.89   0.07   0.89   0.15   0.92   0.69   0.05   0.89   0.01   0.11   0.01   0.01   0.97   0.01   0.02   0.01   0.01   0.01   0.89   0.89   0.01   0.89   0.07   0.01   0.06   0.90   0.98   0.02   0.99   0.95   0.98   0.01   0.01   0.07   0.02   0.97   0.89   0.98   0.89   0.98   0.98   0.98   0.01   0.01   0.94   0.89   0.04   0.81   0.96   0.89   0.09   0.94   0.97   0.48   0.91   0.19   0.96   0.07   0.26   0.97   0.01   0.96   0.98   0.22   0.73   0.79   0.98   0.01   0.98   0.01   0.15   

0.30   0.30   0.29   0.29   0.29   0.28   0.30   0.30   0.28   0.29   0.28   0.28   0.28   0.29   0.28   0.50   0.29   0.30   0.29   0.28   0.30   0.29   0.29   0.50   0.50   0.28   0.27   0.50   0.29   0.30   0.28   0.29   0.28   0.28   0.29   0.27   0.26   0.26   0.50   0.29   0.28   0.29   0.27   0.30   0.25   0.28   0.27   0.50   0.50   0.50   0.27   0.50   0.29   0.27   0.29   0.29   0.29   0.29   0.28   0.27   0.25   0.29   0.26   0.28   0.26   0.27   0.28   0.28   0.28   0.27   0.28   0.27   0.27   0.29   0.50   0.30   0.50   0.27   
0.01   0.01   0.01   0.01   0.03   0.01   0.04   0.01   0.01   0.01   0.05   0.01   0.03   0.01   0.01   0.00   0.03   0.01   0.03   0.06   0.01   0.03   0.01   0.00   0.00   0.01   0.01   0.00   0.10   0.01   0.01   0.01   0.09   0.74   0.01   0.55   0.86   0.24   0.00   0.01   0.01   0.01   0.03   0.01   0.03   0.01   0.86   0.99   0.99   0.01   0.03   0.99   0.01   0.06   0.10   0.60   0.83   0.08   0.56   0.22   0.14   0.05   0.12   0.01   0.01   0.22   0.09   0.03   0.67   0.05   0.09   0.01   0.01   0.87   0.00   0.88   0.00   0.19   
0.07   0.07   0.07   0.07   0.33   0.07   0.34   0.07   0.07   0.07   0.50   0.07   0.34   0.07   0.07   0.01   0.33   0.07   0.36   0.56   0.07   0.34   0.07   0.01   0.01   0.07   0.07   0.01   0.65   0.07   0.07   0.07   0.65   0.95   0.07   0.91   0.97   0.89   0.01   0.07   0.07   0.07   0.34   0.07   0.33   0.07   0.97   0.99   0.99   0.02   0.36   0.99   0.07   0.56   0.65   0.91   0.97   0.64   0.91   0.86   0.80   0.50   0.75   0.07   0.07   0.86   0.65   0.34   0.94   0.50   0.65   0.07   0.07   0.97   0.01   0.97   0.01   0.84   
0.50   0.07   0.50   0.16   0.11   0.05   0.13   0.50   0.50   0.50   0.31   0.50   0.50   0.42   0.50   0.50   0.30   0.09   0.07   0.50   0.08   0.05   0.50   0.50   0.50   0.50   0.50   0.50   0.69   0.50   0.12   0.51   0.79   0.50   0.24   0.91   0.14   0.50   0.50   0.11   0.50   0.16   0.50   0.50   0.50   0.50   0.50   0.08   0.50   0.50   0.15   0.50   0.50   0.16   0.46   0.46   0.50   0.08   0.50   0.73   0.19   0.90   0.05   0.98   0.46   0.04   0.90   0.50   0.50   0.99   0.18   0.84   0.89   0.50   0.50   0.50   0.69   0.05   
0.88   0.00   0.07   0.01   0.03   0.00   0.02   0.88   0.07   0.88   0.11   0.91   0.66   0.05   0.88   0.01   0.09   0.01   0.01   0.97   0.01   0.01   0.06   0.01   0.01   0.88   0.88   0.01   0.88   0.07   0.01   0.06   0.90   0.98   0.02   1.00   0.91   0.98   0.01   0.01   0.07   0.01   0.97   0.88   0.98   0.88   0.98   0.98   0.98   0.01   0.03   0.92   0.88   0.06   0.47   0.95   0.88   0.05   0.93   0.97   0.31   0.92   0.08   0.97   0.05   0.13   0.97   0.14   0.96   0.99   0.15   0.76   0.83   0.98   0.01   0.98   0.01   0.09   

0.30   0.30   0.29   0.29   0.29   0.28   0.30   0.30   0.28   0.29   0.28   0.28   0.28   0.29   0.28   0.50   0.29   0.30   0.29   0.28   0.30   0.29   0.29   0.50   0.50   0.28   0.27   0.50   0.29   0.30   0.28   0.29   0.28   0.28   0.29   0.27   0.26   0.26   0.50   0.29   0.28   0.29   0.27   0.30   0.25   0.28   0.27   0.50   0.50   0.50   0.27   0.50   0.29   0.27   0.29   0.29   0.29   0.29   0.28   0.27   0.25   0.29   0.26   0.28   0.26   0.27   0.28   0.28   0.28   0.27   0.28   0.27   0.27   0.29   0.50   0.30   0.50   0.27   
0.01   0.01   0.03   0.01   0.06   0.03   0.06   0.01   0.03   0.01   0.08   0.03   0.05   0.03   0.03   0.00   0.06   0.01   0.06   0.10   0.03   0.06   0.01   0.00   0.00   0.01   0.01   0.00   0.02   0.01   0.01   0.03   0.11   0.80   0.01   0.65   0.88   0.62   0.00   0.01   0.03   0.03   0.01   0.04   0.05   0.01   0.88   0.99   0.99   0.01   0.05   0.99   0.03   0.09   0.02   0.67   0.88   0.14   0.66   0.05   0.17   0.09   0.13   0.03   0.03   0.25   0.09   0.05   0.76   0.08   0.11   0.01   0.03   0.89   0.00   0.89   0.00   0.57   
0.04   0.04   0.25   0.04   0.47   0.25   0.43   0.04   0.25   0.04   0.64   0.25   0.43   0.25   0.25   0.01   0.47   0.04   0.48   0.65   0.25   0.43   0.04   0.01   0.01   0.04   0.04   0.01   0.19   0.04   0.04   0.25   0.69   0.95   0.04   0.91   0.97   0.93   0.01   0.04   0.25   0.25   0.10   0.25   0.47   0.04   0.97   0.99   0.99   0.02   0.48   0.99   0.25   0.65   0.19   0.91   0.97   0.75   0.91   0.44   0.83   0.64   0.74   0.25   0.25   0.86   0.60   0.43   0.95   0.64   0.69   0.04   0.25   0.97   0.01   0.97   0.01   0.91   
0.50   0.50   0.50   0.16   0.12   0.50   0.16   0.50   0.50   0.50   0.31   0.50   0.50   0.40   0.50   0.50   0.27   0.50   0.08   0.50   0.50   0.08   0.50   0.50   0.50   0.50   0.50   0.50   0.78   0.50   0.11   0.43   0.88   0.50   0.37   0.50   0.31   0.50   0.50   0.11   0.50   0.20   0.50   0.50   0.50   0.50   0.50   0.23   0.50   0.50   0.37   0.50   0.50   0.19   0.47   0.41   0.50   0.06   0.50   0.65   0.28   0.87   0.09   0.99   0.42   0.10   0.88   0.50   0.50   0.98   0.26   0.88   0.89   0.50   0.50   0.50   0.73   0.19   
0.86   0.06   0.07   0.01   0.06   0.06   0.06   0.86   0.07   0.86   0.21   0.90   0.76   0.08   0.86   0.01   0.14   0.06   0.03   0.97   0.06   0.03   0.07   0.01   0.01   0.86   0.86   0.01   0.80   0.07   0.01   0.09   0.96   0.98   0.02   0.94   0.96   0.98   0.01   0.00   0.07   0.03   0.97   0.86   0.98   0.86   0.98   0.99   0.98   0.02   0.16   0.92   0.86   0.14   0.25   0.92   0.86   0.06   0.93   0.87   0.44   0.93   0.13   0.99   0.09   0.28   0.96   0.18   0.96   0.99   0.30   0.64   0.87   0.98   0.01   0.98   0.01   0.71   

0.23   0.24   0.23   0.23   0.22   0.22   0.23   0.23   0.21   0.23   0.21   0.22   0.21   0.22   0.22   0.50   0.22   0.23   0.22   0.22   0.23   0.22   0.22   0.50   0.50   0.23   0.50   0.50   0.22   0.24   0.50   0.23   0.22   0.22   0.22   0.20   0.20   0.20   0.50   0.23   0.21   0.23   0.20   0.23   0.19   0.50   0.21   0.50   0.50   0.50   0.20   0.50   0.22   0.21   0.21   0.22   0.22   0.23   0.22   0.21   0.19   0.23   0.20   0.22   0.20   0.21   0.22   0.21   0.22   0.21   0.22   0.50   0.21   0.22   0.50   0.24   0.50   0.21   
0.00   0.00   0.01   0.02   0.01   0.01   0.02   0.02   0.01   0.00   0.06   0.01   0.05   0.01   0.01   0.00   0.01   0.00   0.01   0.02   0.01   0.05   0.02   0.00   0.00   0.00   0.02   0.00   0.05   0.02   0.02   0.04   0.03   0.71   0.00   0.52   0.84   0.50   0.00   0.00   0.03   0.01   0.02   0.01   0.04   0.02   0.85   0.99   0.99   0.01   0.05   0.99   0.01   0.07   0.05   0.58   0.83   0.10   0.54   0.10   0.15   0.07   0.12   0.04   0.03   0.21   0.10   0.05   0.69   0.06   0.08   0.02   0.03   0.86   0.00   0.87   0.00   0.19   
0.03   0.03   0.09   0.21   0.14   0.09   0.17   0.21   0.09   0.03   0.66   0.09   0.53   0.09   0.09   0.01   0.14   0.03   0.15   0.24   0.09   0.53   0.21   0.01   0.01   0.03   0.03   0.01   0.56   0.21   0.03   0.36   0.33   0.95   0.03   0.92   0.98   0.93   0.01   0.03   0.36   0.09   0.34   0.09   0.49   0.03   0.98   0.99   0.99   0.10   0.50   0.99   0.09   0.65   0.56   0.93   0.97   0.76   0.92   0.78   0.86   0.66   0.81   0.36   0.36   0.88   0.72   0.53   0.96   0.66   0.69   0.21   0.36   0.98   0.01   0.98   0.01   0.89   
0.50   0.50   0.50   0.18   0.18   0.50   0.16   0.50   0.50   0.50   0.32   0.50   0.50   0.47   0.50   0.50   0.33   0.50   0.07   0.50   0.50   0.06   0.50   0.50   0.50   0.50   0.50   0.50   0.76   0.50   0.50   0.43   0.78   0.50   0.33   0.50   0.30   0.50   0.50   0.50   0.50   0.14   0.50   0.50   0.50   0.50   0.50   0.50   0.50   0.50   0.38   0.50   0.50   0.14   0.37   0.24   0.50   0.06   0.50   0.56   0.28   0.81   0.14   0.95   0.50   0.12   0.90   0.50   0.50   0.99   0.20   0.95   0.92   0.50   0.50   0.50   0.66   0.22   
0.88   0.07   0.07   0.03   0.02   0.07   0.02   0.88   0.07   0.88   0.29   0.90   0.79   0.05   0.88   0.01   0.04   0.07   0.01   0.98   0.07   0.03   0.07   0.01   0.01   0.88   0.88   0.01   0.91   0.07   0.05   0.14   0.80   0.98   0.02   0.96   0.98   0.96   0.01   0.05   0.07   0.01   0.98   0.88   0.96   0.88   0.98   1.00   0.98   0.02   0.19   0.95   0.88   0.12   0.37   0.90   0.88   0.09   0.95   0.92   0.82   0.93   0.29   0.96   0.18   0.38   0.98   0.65   0.97   1.00   0.24   0.93   0.93   0.98   0.01   0.98   0.03   0.78   

0.50   0.50   0.14   0.14   0.15   0.16   0.13   0.13   0.18   0.50   0.19   0.16   0.18   0.16   0.16   0.50   0.16   0.50   0.15   0.16   0.13   0.17   0.14   0.50   0.50   0.50   0.50   0.50   0.15   0.12   0.50   0.14   0.16   0.16   0.50   0.21   0.23   0.23   0.50   0.50   0.19   0.13   0.20   0.13   0.25   0.50   0.19   0.50   0.50   0.50   0.20   0.50   0.15   0.19   0.16   0.15   0.15   0.13   0.16   0.18   0.25   0.14   0.23   0.16   0.23   0.18   0.16   0.20   0.16   0.19   0.16   0.50   0.19   0.15   0.50   0.12   0.50   0.19   
0.01   0.01   0.00   0.01   0.01   0.01   0.01   0.01   0.01   0.01   0.04   0.01   0.03   0.01   0.01   0.00   0.01   0.01   0.01   0.02   0.00   0.02   0.01   0.00   0.00   0.01   0.01   0.00   0.02   0.01   0.01   0.02   0.02   0.21   0.01   0.11   0.75   0.14   0.00   0.01   0.02   0.01   0.02   0.00   0.06   0.01   0.71   0.99   0.99   0.01   0.03   0.99   0.00   0.06   0.03   0.15   0.54   0.03   0.15   0.07   0.16   0.02   0.07   0.01   0.02   0.08   0.03   0.03   0.11   0.04   0.06   0.01   0.03   0.65   0.00   0.58   0.00   0.15   
0.03   0.03   0.08   0.18   0.13   0.08   0.16   0.18   0.08   0.03   0.53   0.08   0.44   0.08   0.08   0.01   0.13   0.03   0.27   0.37   0.08   0.44   0.18   0.01   0.01   0.03   0.03   0.01   0.47   0.18   0.03   0.48   0.32   0.96   0.03   0.86   0.98   0.86   0.01   0.03   0.30   0.19   0.29   0.08   0.57   0.03   0.98   0.99   0.99   0.18   0.42   0.99   0.08   0.70   0.61   0.93   0.97   0.65   0.92   0.79   0.85   0.53   0.72   0.30   0.30   0.81   0.61   0.44   0.89   0.53   0.73   0.32   0.48   0.98   0.01   0.98   0.01   0.89   
0.50   0.50   0.50   0.17   0.17   0.50   0.15   0.50   0.50   0.50   0.31   0.50   0.50   0.48   0.50   0.50   0.32   0.50   0.07   0.50   0.50   0.06   0.50   0.50   0.50   0.50   0.50   0.50   0.78   0.50   0.50   0.43   0.79   0.50   0.32   0.50   0.29   0.50   0.50   0.50   0.50   0.13   0.50   0.50   0.50   0.50   0.50   0.50   0.50   0.50   0.37   0.50   0.50   0.13   0.37   0.24   0.50   0.06   0.50   0.57   0.27   0.82   0.13   0.96   0.51   0.11   0.91   0.50   0.50   0.50   0.19   0.96   0.93   0.50   0.50   0.50   0.67   0.21   
0.88   0.07   0.07   0.02   0.01   0.07   0.02   0.88   0.07   0.88   0.21   0.90   0.79   0.04   0.88   0.01   0.03   0.07   0.01   0.98   0.07   0.02   0.07   0.01   0.01   0.88   0.88   0.01   0.89   0.07   0.05   0.21   0.75   0.98   0.01   0.96   0.98   0.96   0.01   0.05   0.07   0.01   0.98   0.88   0.96   0.88   0.98   1.00   0.98   0.02   0.16   0.95   0.88   0.14   0.41   0.92   0.88   0.06   0.95   0.94   0.83   0.91   0.21   0.95   0.16   0.28   0.97   0.65   0.97   0.74   0.26   0.96   0.95   0.98   0.01   0.98   0.06   0.79   

0.50   0.50   0.50   0.50   0.07   0.50   0.05   0.50   0.50   0.50   0.22   0.50   0.15   0.50   0.50   0.50   0.10   0.50   0.08   0.11   0.50   0.15   0.08   0.50   0.50   0.50   0.50   0.50   0.08   0.50   0.50   0.07   0.13   0.10   0.50   0.29   0.35   0.50   0.50   0.50   0.19   0.05   0.24   0.50   0.52   0.50   0.20   0.50   0.50   0.50   0.22   0.50   0.50   0.22   0.12   0.07   0.08   0.06   0.12   0.19   0.52   0.06   0.37   0.14   0.33   0.17   0.11   0.22   0.12   0.17   0.13   0.50   0.19   0.10   0.50   0.03   0.50   0.20   
0.01   0.01   0.03   0.04   0.00   0.03   0.00   0.04   0.03   0.01   0.04   0.03   0.02   0.03   0.03   0.00   0.00   0.01   0.01   0.01   0.03   0.02   0.00   0.00   0.00   0.01   0.01   0.00   0.01   0.04   0.01   0.01   0.01   0.11   0.01   0.14   0.76   0.30   0.00   0.01   0.02   0.00   0.02   0.03   0.16   0.01   0.60   0.99   0.99   0.01   0.03   0.99   0.03   0.07   0.02   0.06   0.11   0.01   0.09   0.06   0.32   0.01   0.12   0.01   0.03   0.06   0.02   0.03   0.06   0.03   0.04   0.01   0.03   0.16   0.00   0.05   0.00   0.13   
0.03   0.03   0.08   0.18   0.14   0.08   0.17   0.19   0.08   0.03   0.52   0.08   0.46   0.08   0.08   0.01   0.14   0.03   0.27   0.38   0.08   0.44   0.18   0.01   0.01   0.03   0.03   0.01   0.48   0.19   0.03   0.47   0.33   0.96   0.03   0.86   0.98   0.85   0.01   0.03   0.31   0.20   0.29   0.08   0.57   0.03   0.98   0.99   0.99   0.17   0.41   0.99   0.08   0.71   0.61   0.93   0.97   0.65   0.92   0.79   0.84   0.54   0.72   0.29   0.29   0.80   0.60   0.46   0.89   0.54   0.74   0.33   0.49   0.98   0.01   0.98   0.01   0.88   
0.50   0.50   0.50   0.18   0.18   0.50   0.16   0.50   0.50   0.50   0.32   0.50   0.50   0.48   0.50   0.50   0.33   0.50   0.07   0.50   0.50   0.06   0.50   0.50   0.50   0.50   0.50   0.50   0.78   0.50   0.50   0.44   0.79   0.50   0.33   0.50   0.30   0.50   0.50   0.50   0.50   0.14   0.50   0.50   0.50   0.50   0.50   0.50   0.50   0.50   0.38   0.50   0.50   0.13   0.37   0.24   0.50   0.06   0.50   0.58   0.28   0.82   0.13   0.96   0.51   0.11   0.91   0.50   0.50   0.50   0.20   0.96   0.93   0.50   0.50   0.50   0.67   0.22   
0.89   0.07   0.07   0.03   0.01   0.07   0.01   0.89   0.07   0.89   0.24   0.91   0.78   0.04   0.89   0.01   0.03   0.07   0.01   0.98   0.07   0.02   0.07   0.01   0.01   0.89   0.89   0.01   0.88   0.07   0.05   0.58   0.72   0.98   0.02   0.96   0.98   0.97   0.01   0.05   0.07   0.01   0.98   0.89   0.97   0.89   0.98   1.00   0.98   0.01   0.19   0.95   0.89   0.13   0.39   0.90   0.89   0.05   0.95   0.94   0.85   0.90   0.19   0.96   0.19   0.29   0.98   0.17   0.97   0.74   0.26   0.96   0.95   0.98   0.01   0.98   0.07   0.81   

0.50   0.50   0.50   0.50   0.50   0.50   0.50   0.50   0.50   0.50   0.19   0.50   0.13   0.50   0.50   0.50   0.50   0.50   0.07   0.09   0.50   0.13   0.50   0.50   0.50   0.50   0.50   0.50   0.07   0.50   0.50   0.06   0.12   0.09   0.50   0.26   0.33   0.47   0.50   0.50   0.17   0.50   0.21   0.50   0.47   0.50   0.18   0.50   0.50   0.50   0.21   0.50   0.50   0.19   0.11   0.06   0.07   0.05   0.09   0.17   0.49   0.05   0.36   0.13   0.29   0.15   0.10   0.21   0.11   0.15   0.12   0.50   0.17   0.09   0.50   0.03   0.50   0.17   
0.01   0.01   0.03   0.04   0.04   0.03   0.05   0.04   0.03   0.01   0.02   0.03   0.01   0.03   0.03   0.00   0.04   0.01   0.00   0.02   0.03   0.01   0.04   0.00   0.00   0.01   0.01   0.00   0.01   0.04   0.01   0.01   0.02   0.12   0.01   0.17   0.83   0.34   0.00   0.01   0.01   0.06   0.01   0.03   0.17   0.01   0.69   0.99   0.99   0.01   0.04   0.99   0.03   0.07   0.03   0.06   0.14   0.01   0.09   0.07   0.36   0.01   0.15   0.02   0.04   0.07   0.02   0.02   0.08   0.03   0.05   0.01   0.02   0.51   0.00   0.06   0.00   0.13   
0.03   0.03   0.07   0.13   0.13   0.07   0.14   0.14   0.07   0.21   0.35   0.06   0.30   0.07   0.06   0.01   0.35   0.03   0.24   0.57   0.07   0.28   0.13   0.01   0.01   0.03   0.03   0.01   0.62   0.14   0.03   0.32   0.53   0.97   0.03   0.90   0.98   0.88   0.01   0.03   0.21   0.40   0.20   0.06   0.67   0.03   0.98   0.99   0.99   0.33   0.55   0.99   0.07   0.77   0.72   0.95   0.98   0.71   0.95   0.85   0.87   0.63   0.78   0.46   0.46   0.85   0.70   0.30   0.91   0.63   0.80   0.51   0.34   0.98   0.01   0.98   0.01   0.90   
0.50   0.50   0.50   0.16   0.16   0.50   0.14   0.50   0.50   0.50   0.29   0.50   0.50   0.44   0.50   0.50   0.30   0.50   0.06   0.50   0.50   0.06   0.50   0.50   0.50   0.50   0.50   0.50   0.74   0.50   0.50   0.40   0.76   0.50   0.30   0.50   0.27   0.50   0.50   0.50   0.50   0.13   0.50   0.50   0.50   0.50   0.50   0.50   0.50   0.50   0.35   0.50   0.50   0.12   0.34   0.22   0.50   0.06   0.50   0.53   0.25   0.79   0.12   0.95   0.47   0.10   0.89   0.50   0.50   0.50   0.18   0.95   0.91   0.50   0.50   0.50   0.63   0.20   
0.89   0.06   0.07   0.01   0.01   0.06   0.01   0.89   0.07   0.89   0.07   0.91   0.75   0.02   0.89   0.01   0.07   0.06   0.01   0.98   0.06   0.01   0.07   0.01   0.01   0.89   0.89   0.01   0.88   0.07   0.05   0.09   0.75   0.98   0.01   0.96   0.98   0.97   0.01   0.05   0.07   0.03   0.98   0.89   0.97   0.89   0.98   1.00   0.98   0.01   0.20   0.94   0.89   0.13   0.42   0.91   0.89   0.05   0.95   0.94   0.80   0.88   0.19   0.95   0.22   0.28   0.97   0.16   0.97   0.70   0.26   0.96   0.80   0.98   0.01   0.98   0.11   0.74   

0.50   0.50   0.50   0.50   0.50   0.50   0.50   0.50   0.50   0.50   0.07   0.50   0.07   0.50   0.50   0.50   0.50   0.50   0.50   0.08   0.50   0.07   0.50   0.50   0.50   0.50   0.50   0.50   0.08   0.50   0.50   0.50   0.07   0.08   0.50   0.06   0.06   0.06   0.50   0.50   0.07   0.50   0.07   0.50   0.06   0.50   0.07   0.50   0.50   0.50   0.07   0.50   0.50   0.07   0.08   0.08   0.08   0.09   0.08   0.07   0.06   0.09   0.06   0.07   0.06   0.07   0.08   0.07   0.08   0.07   0.07   0.50   0.07   0.08   0.50   0.09   0.50   0.07   
0.01   0.01   0.02   0.03   0.04   0.02   0.04   0.03   0.02   0.01   0.01   0.02   0.00   0.02   0.02   0.00   0.04   0.01   0.06   0.01   0.02   0.00   0.03   0.00   0.00   0.01   0.01   0.00   0.01   0.03   0.01   0.07   0.01   0.08   0.01   0.03   0.08   0.03   0.00   0.01   0.00   0.05   0.00   0.02   0.01   0.01   0.09   0.99   0.99   0.01   0.01   0.99   0.02   0.02   0.01   0.05   0.10   0.02   0.06   0.02   0.02   0.01   0.01   0.01   0.01   0.02   0.01   0.00   0.04   0.01   0.02   0.01   0.01   0.10   0.00   0.12   0.00   0.04   
0.02   0.02   0.09   0.15   0.15   0.06   0.12   0.12   0.06   0.23   0.31   0.08   0.32   0.06   0.08   0.00   0.32   0.02   0.21   0.53   0.09   0.30   0.11   0.00   0.00   0.02   0.02   0.00   0.65   0.16   0.04   0.28   0.55   0.97   0.02   0.91   0.99   0.89   0.00   0.04   0.18   0.36   0.18   0.08   0.69   0.04   0.99   0.99   0.99   0.35   0.58   0.99   0.06   0.78   0.75   0.94   0.97   0.68   0.95   0.87   0.85   0.65   0.80   0.49   0.49   0.87   0.73   0.32   0.92   0.65   0.82   0.53   0.30   0.99   0.00   0.98   0.00   0.91   
0.50   0.50   0.50   0.18   0.19   0.50   0.19   0.50   0.50   0.50   0.32   0.50   0.50   0.50   0.50   0.50   0.31   0.50   0.50   0.50   0.50   0.05   0.50   0.50   0.50   0.50   0.50   0.50   0.79   0.50   0.50   0.48   0.80   0.50   0.35   0.50   0.24   0.50   0.50   0.50   0.50   0.12   0.50   0.50   0.50   0.50   0.50   0.50   0.50   0.50   0.31   0.50   0.50   0.12   0.41   0.18   0.50   0.05   0.50   0.59   0.24   0.84   0.12   0.97   0.48   0.11   0.92   0.50   0.50   0.50   0.21   0.97   0.93   0.50   0.50   0.50   0.71   0.18   
0.90   0.07   0.07   0.02   0.01   0.07   0.01   0.90   0.07   0.90   0.07   0.92   0.76   0.03   0.90   0.01   0.06   0.07   0.07   0.98   0.07   0.01   0.07   0.01   0.01   0.90   0.90   0.01   0.94   0.07   0.05   0.10   0.83   0.98   0.01   0.97   0.98   0.97   0.01   0.05   0.07   0.02   0.98   0.90   0.97   0.90   0.98   1.00   0.98   0.01   0.20   0.95   0.90   0.15   0.81   0.85   0.90   0.04   0.95   0.97   0.76   0.92   0.26   0.98   0.27   0.36   0.98   0.17   0.97   0.72   0.35   0.98   0.83   0.98   0.01   0.98   0.18   0.73   

0.50   0.50   0.50   0.50   0.50   0.50   0.50   0.50   0.50   0.50   0.50   0.50   0.50   0.50   0.50   0.50   0.50   0.50   0.50   0.06   0.50   0.50   0.50   0.50   0.50   0.50   0.50   0.50   0.06   0.50   0.50   0.50   0.08   0.06   0.50   0.15   0.17   0.19   0.50   0.50   0.50   0.50   0.50   0.50   0.21   0.50   0.11   0.50   0.50   0.50   0.13   0.50   0.50   0.09   0.07   0.04   0.06   0.04   0.08   0.08   0.24   0.03   0.16   0.50   0.50   0.08   0.07   0.50   0.07   0.11   0.07   0.50   0.50   0.06   0.50   0.03   0.50   0.10   
0.01   0.01   0.02   0.03   0.04   0.02   0.04   0.03   0.02   0.01   0.07   0.02   0.06   0.02   0.02   0.00   0.04   0.01   0.05   0.01   0.02   0.06   0.03   0.00   0.00   0.01   0.01   0.00   0.01   0.03   0.01   0.07   0.01   0.07   0.01   0.07   0.55   0.10   0.00   0.01   0.04   0.05   0.04   0.02   0.05   0.01   0.17   0.99   0.99   0.01   0.01   0.99   0.02   0.02   0.01   0.03   0.08   0.01   0.06   0.03   0.12   0.00   0.05   0.08   0.08   0.03   0.01   0.06   0.04   0.02   0.02   0.01   0.07   0.09   0.00   0.04   0.00   0.06   
0.02   0.02   0.07   0.33   0.11   0.05   0.09   0.11   0.05   0.18   0.48   0.07   0.25   0.05   0.07   0.00   0.24   0.02   0.16   0.59   0.07   0.25   0.10   0.00   0.00   0.02   0.02   0.00   0.74   0.14   0.03   0.44   0.64   0.98   0.02   0.93   0.99   0.92   0.00   0.03   0.36   0.27   0.15   0.07   0.75   0.03   0.99   0.99   0.99   0.25   0.42   0.99   0.05   0.59   0.81   0.95   0.98   0.75   0.96   0.91   0.89   0.74   0.84   0.60   0.60   0.91   0.79   0.25   0.95   0.74   0.86   0.63   0.45   0.99   0.00   0.99   0.00   0.93   
0.50   0.50   0.50   0.16   0.17   0.50   0.17   0.50   0.50   0.50   0.30   0.50   0.50   0.49   0.50   0.50   0.29   0.50   0.50   0.50   0.50   0.04   0.50   0.50   0.50   0.50   0.50   0.50   0.79   0.50   0.50   0.47   0.81   0.50   0.33   0.50   0.22   0.50   0.50   0.50   0.50   0.11   0.50   0.50   0.50   0.50   0.50   0.50   0.50   0.50   0.29   0.50   0.50   0.10   0.40   0.16   0.50   0.04   0.50   0.59   0.22   0.84   0.10   0.97   0.47   0.09   0.93   0.50   0.50   0.50   0.19   0.97   0.94   0.50   0.50   0.50   0.71   0.16   
0.91   0.06   0.07   0.04   0.01   0.06   0.01   0.91   0.07   0.91   0.13   0.92   0.77   0.02   0.91   0.01   0.03   0.06   0.06   0.98   0.06   0.00   0.06   0.01   0.01   0.91   0.91   0.01   0.95   0.07   0.05   0.19   0.85   0.98   0.01   0.97   0.98   0.97   0.01   0.05   0.07   0.01   0.98   0.91   0.97   0.91   0.98   1.00   0.98   0.01   0.08   0.95   0.91   0.04   0.83   0.86   0.91   0.04   0.96   0.97   0.79   0.94   0.25   0.98   0.34   0.36   0.99   0.15   0.98   0.75   0.34   0.98   0.91   0.98   0.01   0.98   0.10   0.74   

0.50   0.50   0.50   0.50   0.50   0.50   0.50   0.50   0.50   0.50   0.50   0.50   0.50   0.50   0.50   0.50   0.50   0.50   0.50   0.06   0.50   0.50   0.50   0.50   0.50   0.50   0.50   0.50   0.06   0.50   0.50   0.50   0.09   0.06   0.50   0.18   0.21   0.24   0.50   0.50   0.50   0.50   0.50   0.50   0.27   0.50   0.12   0.50   0.50   0.50   0.16   0.50   0.50   0.10   0.07   0.04   0.05   0.04   0.08   0.09   0.31   0.50   0.20   0.50   0.50   0.09   0.07   0.50   0.07   0.13   0.07   0.50   0.50   0.06   0.50   0.02   0.50   0.11   
0.01   0.01   0.02   0.03   0.04   0.02   0.04   0.03   0.02   0.01   0.08   0.02   0.06   0.02   0.02   0.00   0.04   0.01   0.05   0.01   0.02   0.06   0.03   0.00   0.00   0.01   0.01   0.00   0.01   0.03   0.01   0.07   0.01   0.08   0.01   0.10   0.62   0.14   0.00   0.01   0.04   0.05   0.04   0.02   0.07   0.01   0.12   0.99   0.99   0.01   0.01   0.99   0.02   0.02   0.01   0.03   0.08   0.01   0.07   0.02   0.17   0.14   0.06   0.08   0.08   0.04   0.01   0.06   0.05   0.03   0.02   0.01   0.07   0.10   0.00   0.04   0.00   0.07   
0.02   0.02   0.08   0.35   0.12   0.05   0.10   0.12   0.05   0.19   0.50   0.07   0.27   0.05   0.07   0.00   0.26   0.02   0.17   0.61   0.08   0.26   0.11   0.00   0.00   0.02   0.02   0.00   0.76   0.15   0.04   0.47   0.66   0.98   0.02   0.94   0.99   0.92   0.00   0.04   0.38   0.29   0.16   0.07   0.77   0.03   0.99   0.99   0.99   0.27   0.44   0.99   0.05   0.60   0.82   0.96   0.98   0.77   0.97   0.91   0.90   0.75   0.85   0.62   0.62   0.91   0.81   0.27   0.95   0.75   0.87   0.65   0.48   0.99   0.00   0.99   0.00   0.93   
0.50   0.50   0.50   0.19   0.11   0.50   0.50   0.50   0.50   0.50   0.25   0.50   0.50   0.41   0.50   0.50   0.29   0.50   0.50   0.50   0.50   0.50   0.50   0.50   0.50   0.50   0.50   0.50   0.65   0.50   0.50   0.44   0.83   0.50   0.26   0.50   0.37   0.50   0.50   0.50   0.50   0.10   0.50   0.50   0.50   0.50   0.50   0.50   0.50   0.50   0.30   0.50   0.50   0.12   0.33   0.18   0.50   0.05   0.50   0.60   0.25   0.81   0.16   0.97   0.49   0.08   0.88   0.50   0.50   0.50   0.27   0.97   0.92   0.50   0.50   0.50   0.63   0.20   
0.91   0.06   0.07   0.05   0.01   0.06   0.03   0.91   0.07   0.91   0.09   0.92   0.77   0.02   0.91   0.01   0.03   0.06   0.05   0.98   0.06   0.09   0.06   0.01   0.01   0.91   0.91   0.01   0.88   0.07   0.04   0.18   0.86   0.98   0.01   0.97   0.99   0.97   0.01   0.04   0.07   0.01   0.98   0.91   0.97   0.91   0.98   1.00   0.98   0.01   0.06   0.94   0.91   0.03   0.43   0.87   0.91   0.05   0.96   0.95   0.80   0.92   0.31   0.98   0.29   0.30   0.98   0.14   0.98   0.74   0.44   0.98   0.89   0.98   0.01   0.98   0.06   0.80   

0.50   0.50   0.50   0.50   0.50   0.50   0.50   0.50   0.50   0.50   0.50   0.50   0.50   0.50   0.50   0.50   0.50   0.50   0.50   0.06   0.50   0.50   0.50   0.50   0.50   0.50   0.50   0.50   0.06   0.50   0.50   0.50   0.09   0.06   0.50   0.18   0.21   0.24   0.50   0.50   0.50   0.50   0.50   0.50   0.27   0.50   0.12   0.50   0.50   0.50   0.16   0.50   0.50   0.10   0.07   0.04   0.05   0.04   0.08   0.09   0.31   0.50   0.20   0.50   0.50   0.09   0.07   0.50   0.07   0.13   0.07   0.50   0.50   0.06   0.50   0.02   0.50   0.11   
0.01   0.01   0.02   0.03   0.04   0.02   0.04   0.03   0.02   0.01   0.07   0.02   0.06   0.02   0.02   0.00   0.04   0.01   0.06   0.01   0.02   0.06   0.03   0.00   0.00   0.01   0.01   0.00   0.01   0.03   0.01   0.07   0.01   0.09   0.01   0.12   0.24   0.16   0.00   0.01   0.04   0.05   0.04   0.02   0.07   0.01   0.09   0.99   0.99   0.01   0.02   0.99   0.02   0.02   0.01   0.04   0.06   0.01   0.08   0.03   0.15   0.14   0.06   0.08   0.08   0.03   0.01   0.06   0.04   0.03   0.02   0.01   0.07   0.10   0.00   0.04   0.00   0.06   
0.02   0.02   0.07   0.32   0.12   0.05   0.09   0.11   0.05   0.19   0.46   0.07   0.25   0.05   0.07   0.00   0.25   0.02   0.17   0.60   0.07   0.24   0.10   0.00   0.00   0.02   0.02   0.00   0.73   0.14   0.04   0.44   0.73   0.99   0.02   0.95   0.98   0.94   0.00   0.04   0.35   0.28   0.15   0.07   0.74   0.03   0.97   0.99   0.99   0.25   0.56   0.99   0.05   0.59   0.80   0.97   0.96   0.73   0.98   0.94   0.87   0.72   0.83   0.72   0.59   0.89   0.78   0.25   0.93   0.80   0.85   0.74   0.45   0.99   0.00   0.99   0.00   0.92   
0.50   0.50   0.50   0.24   0.50   0.50   0.50   0.50   0.50   0.50   0.25   0.50   0.50   0.43   0.50   0.50   0.33   0.50   0.50   0.50   0.50   0.50   0.50   0.50   0.50   0.50   0.50   0.50   0.67   0.50   0.50   0.47   0.90   0.50   0.27   0.50   0.38   0.50   0.50   0.50   0.50   0.10   0.50   0.50   0.50   0.50   0.50   0.50   0.50   0.50   0.25   0.50   0.50   0.09   0.34   0.21   0.50   0.04   0.50   0.61   0.22   0.86   0.13   0.99   0.56   0.08   0.91   0.50   0.50   0.50   0.29   0.98   0.95   0.50   0.50   0.50   0.69   0.20   
0.91   0.06   0.07   0.06   0.04   0.06   0.03   0.91   0.07   0.91   0.08   0.92   0.77   0.02   0.91   0.01   0.03   0.06   0.06   0.98   0.06   0.08   0.06   0.01   0.01   0.91   0.91   0.01   0.88   0.07   0.04   0.18   0.95   0.98   0.01   0.97   0.98   0.97   0.01   0.04   0.07   0.01   0.98   0.91   0.97   0.91   0.98   1.00   0.98   0.01   0.08   0.94   0.91   0.03   0.43   0.92   0.91   0.04   0.96   0.97   0.73   0.94   0.24   0.99   0.34   0.29   0.98   0.14   0.98   0.73   0.46   0.99   0.91   0.98   0.01   0.98   0.07   0.78   

0.50   0.50   0.50   0.50   0.50   0.50   0.50   0.50   0.50   0.50   0.50   0.50   0.50   0.50   0.50   0.50   0.50   0.50   0.50   0.06   0.50   0.50   0.50   0.50   0.50   0.50   0.50   0.50   0.06   0.50   0.50   0.50   0.09   0.06   0.50   0.18   0.21   0.24   0.50   0.50   0.50   0.50   0.50   0.50   0.27   0.50   0.12   0.50   0.50   0.50   0.16   0.50   0.50   0.10   0.07   0.04   0.05   0.04   0.08   0.09   0.31   0.50   0.20   0.50   0.50   0.09   0.07   0.50   0.07   0.13   0.07   0.50   0.50   0.06   0.50   0.02   0.50   0.11   
0.01   0.01   0.02   0.03   0.04   0.02   0.04   0.03   0.02   0.01   0.08   0.02   0.06   0.02   0.02   0.00   0.04   0.01   0.06   0.01   0.02   0.06   0.03   0.00   0.00   0.01   0.01   0.00   0.01   0.03   0.01   0.07   0.01   0.07   0.01   0.10   0.56   0.17   0.00   0.01   0.04   0.05   0.04   0.02   0.07   0.01   0.13   0.99   0.99   0.01   0.02   0.99   0.02   0.02   0.01   0.04   0.06   0.01   0.07   0.03   0.18   0.14   0.06   0.09   0.09   0.04   0.01   0.06   0.04   0.03   0.02   0.01   0.07   0.13   0.00   0.03   0.00   0.07   
0.02   0.02   0.07   0.31   0.11   0.04   0.09   0.10   0.04   0.17   0.45   0.09   0.28   0.07   0.06   0.00   0.23   0.02   0.16   0.58   0.07   0.24   0.10   0.00   0.00   0.02   0.02   0.00   0.71   0.13   0.03   0.42   0.71   0.98   0.02   0.95   0.98   0.94   0.00   0.03   0.37   0.27   0.17   0.09   0.72   0.05   0.98   0.99   0.99   0.25   0.57   0.99   0.04   0.61   0.80   0.97   0.96   0.71   0.97   0.93   0.88   0.70   0.81   0.69   0.61   0.90   0.76   0.28   0.92   0.79   0.85   0.71   0.43   0.99   0.00   0.99   0.00   0.92   
0.50   0.50   0.50   0.20   0.50   0.50   0.50   0.50   0.50   0.50   0.27   0.50   0.50   0.45   0.50   0.50   0.29   0.50   0.50   0.50   0.50   0.50   0.50   0.50   0.50   0.50   0.50   0.50   0.72   0.50   0.50   0.42   0.88   0.50   0.31   0.50   0.34   0.50   0.50   0.50   0.50   0.09   0.50   0.50   0.50   0.50   0.50   0.50   0.50   0.50   0.23   0.50   0.50   0.09   0.34   0.18   0.50   0.04   0.50   0.57   0.21   0.84   0.12   0.50   0.46   0.10   0.91   0.50   0.50   0.50   0.29   0.50   0.94   0.50   0.50   0.50   0.69   0.17   
0.91   0.06   0.07   0.04   0.04   0.06   0.03   0.91   0.07   0.91   0.08   0.92   0.79   0.03   0.91   0.01   0.03   0.06   0.06   0.98   0.06   0.09   0.06   0.01   0.01   0.91   0.91   0.01   0.86   0.07   0.04   0.14   0.93   0.98   0.01   0.97   0.98   0.97   0.01   0.04   0.07   0.01   0.98   0.91   0.97   0.91   0.98   1.00   0.98   0.01   0.09   0.93   0.91   0.04   0.44   0.92   0.91   0.03   0.96   0.94   0.74   0.91   0.18   0.68   0.33   0.39   0.97   0.14   0.98   0.73   0.76   0.42   0.89   0.98   0.01   0.98   0.07   0.80   

0.50   0.50   0.50   0.50   0.50   0.50   0.50   0.50   0.50   0.50   0.50   0.50   0.50   0.50   0.50   0.50   0.50   0.50   0.50   0.06   0.50   0.50   0.50   0.50   0.50   0.50   0.50   0.50   0.06   0.50   0.50   0.50   0.09   0.06   0.50   0.18   0.21   0.24   0.50   0.50   0.50   0.50   0.50   0.50   0.27   0.50   0.12   0.50   0.50   0.50   0.16   0.50   0.50   0.10   0.07   0.04   0.05   0.04   0.08   0.09   0.31   0.50   0.20   0.50   0.50   0.09   0.07   0.50   0.07   0.13   0.07   0.50   0.50   0.06   0.50   0.02   0.50   0.11   
0.01   0.01   0.02   0.03   0.04   0.02   0.04   0.03   0.02   0.01   0.08   0.02   0.06   0.02   0.02   0.00   0.04   0.01   0.06   0.01   0.02   0.06   0.03   0.00   0.00   0.01   0.01   0.00   0.01   0.03   0.01   0.07   0.01   0.07   0.01   0.10   0.58   0.17   0.00   0.01   0.04   0.05   0.04   0.02   0.07   0.01   0.13   0.99   0.99   0.01   0.01   0.99   0.02   0.02   0.01   0.04   0.06   0.01   0.07   0.03   0.19   0.15   0.04   0.09   0.09   0.04   0.01   0.06   0.04   0.03   0.03   0.01   0.07   0.13   0.00   0.03   0.00   0.07   
0.02   0.02   0.07   0.33   0.12   0.05   0.09   0.11   0.05   0.19   0.47   0.09   0.29   0.07   0.07   0.00   0.25   0.02   0.17   0.60   0.07   0.25   0.10   0.00   0.00   0.02   0.02   0.00   0.73   0.13   0.04   0.44   0.73   0.98   0.02   0.95   0.98   0.94   0.00   0.04   0.39   0.29   0.19   0.10   0.74   0.05   0.98   0.99   0.99   0.27   0.58   0.99   0.04   0.63   0.82   0.97   0.96   0.73   0.97   0.93   0.89   0.71   0.82   0.71   0.64   0.91   0.78   0.30   0.93   0.80   0.86   0.73   0.45   0.99   0.00   0.99   0.00   0.93   
0.50   0.50   0.50   0.23   0.50   0.50   0.50   0.50   0.50   0.50   0.30   0.50   0.50   0.49   0.50   0.50   0.33   0.50   0.50   0.50   0.50   0.50   0.50   0.50   0.50   0.50   0.50   0.50   0.76   0.50   0.50   0.46   0.90   0.50   0.34   0.50   0.37   0.50   0.50   0.50   0.50   0.10   0.50   0.50   0.50   0.50   0.50   0.50   0.50   0.50   0.26   0.50   0.50   0.10   0.37   0.20   0.50   0.04   0.50   0.61   0.23   0.87   0.14   0.50   0.51   0.11   0.93   0.50   0.50   0.50   0.33   0.50   0.95   0.50   0.50   0.50   0.73   0.19   
0.92   0.07   0.07   0.07   0.04   0.07   0.04   0.92   0.07   0.92   0.13   0.93   0.84   0.05   0.92   0.01   0.04   0.07   0.07   0.98   0.07   0.11   0.07   0.01   0.01   0.92   0.92   0.01   0.94   0.07   0.05   0.21   0.97   0.98   0.01   0.98   0.99   0.97   0.01   0.05   0.07   0.01   0.98   0.92   0.97   0.92   0.98   1.00   0.98   0.01   0.12   0.95   0.92   0.06   0.84   0.96   0.92   0.05   0.97   0.98   0.84   0.93   0.24   0.79   0.75   0.83   0.99   0.15   0.98   0.81   0.88   0.79   0.94   0.98   0.01   0.98   0.08   0.89   

0.50   0.50   0.50   0.50   0.50   0.50   0.50   0.50   0.50   0.50   0.50   0.50   0.50   0.50   0.50   0.50   0.50   0.50   0.50   0.06   0.50   0.50   0.50   0.50   0.50   0.50   0.50   0.50   0.06   0.50   0.50   0.50   0.09   0.06   0.50   0.18   0.21   0.24   0.50   0.50   0.50   0.50   0.50   0.50   0.27   0.50   0.12   0.50   0.50   0.50   0.16   0.50   0.50   0.10   0.07   0.04   0.05   0.04   0.08   0.09   0.31   0.50   0.20   0.50   0.50   0.09   0.07   0.50   0.07   0.13   0.07   0.50   0.50   0.06   0.50   0.02   0.50   0.11   
0.01   0.01   0.02   0.04   0.04   0.02   0.04   0.04   0.02   0.01   0.08   0.02   0.06   0.02   0.02   0.00   0.04   0.01   0.05   0.01   0.02   0.06   0.03   0.00   0.00   0.01   0.01   0.00   0.01   0.04   0.01   0.08   0.01   0.06   0.01   0.09   0.79   0.16   0.00   0.01   0.04   0.05   0.04   0.02   0.10   0.01   0.55   0.99   0.99   0.01   0.01   0.99   0.02   0.02   0.02   0.04   0.10   0.01   0.06   0.04   0.27   0.16   0.04   0.09   0.09   0.04   0.01   0.06   0.06   0.03   0.03   0.01   0.08   0.10   0.00   0.03   0.00   0.08   
0.02   0.02   0.07   0.40   0.11   0.04   0.09   0.11   0.04   0.17   0.55   0.09   0.28   0.07   0.07   0.00   0.23   0.02   0.16   0.57   0.07   0.33   0.10   0.00   0.00   0.02   0.02   0.00   0.71   0.13   0.03   0.52   0.69   0.97   0.02   0.93   0.99   0.93   0.00   0.03   0.39   0.26   0.18   0.09   0.78   0.05   0.99   0.99   0.99   0.25   0.54   0.99   0.04   0.60   0.80   0.96   0.97   0.72   0.96   0.94   0.91   0.69   0.80   0.68   0.61   0.89   0.76   0.29   0.94   0.78   0.85   0.70   0.44   0.99   0.00   0.98   0.00   0.92   
0.50   0.50   0.50   0.21   0.50   0.50   0.50   0.50   0.50   0.50   0.27   0.50   0.50   0.44   0.50   0.50   0.29   0.50   0.50   0.50   0.50   0.50   0.50   0.50   0.50   0.50   0.50   0.50   0.69   0.50   0.50   0.41   0.86   0.50   0.31   0.50   0.33   0.50   0.50   0.50   0.50   0.10   0.50   0.50   0.50   0.50   0.50   0.50   0.50   0.50   0.24   0.50   0.50   0.10   0.34   0.19   0.50   0.05   0.50   0.54   0.22   0.81   0.13   0.50   0.45   0.11   0.89   0.50   0.50   0.50   0.30   0.50   0.92   0.50   0.50   0.50   0.66   0.18   
0.91   0.06   0.07   0.05   0.04   0.06   0.03   0.91   0.07   0.91   0.10   0.92   0.79   0.03   0.91   0.01   0.03   0.06   0.06   0.98   0.06   0.09   0.06   0.01   0.01   0.91   0.91   0.01   0.83   0.07   0.04   0.16   0.90   0.98   0.01   0.97   0.99   0.97   0.01   0.04   0.07   0.01   0.98   0.91   0.97   0.91   0.98   1.00   0.98   0.01   0.07   0.93   0.91   0.04   0.43   0.92   0.91   0.04   0.96   0.94   0.78   0.85   0.14   0.67   0.31   0.41   0.96   0.14   0.98   0.74   0.76   0.41   0.87   0.98   0.01   0.98   0.06   0.81   

0.50   0.50   0.50   0.50   0.50   0.50   0.50   0.50   0.50   0.50   0.50   0.50   0.50   0.50   0.50   0.50   0.50   0.50   0.50   0.06   0.50   0.50   0.50   0.50   0.50   0.50   0.50   0.50   0.06   0.50   0.50   0.50   0.09   0.06   0.50   0.18   0.21   0.24   0.50   0.50   0.50   0.50   0.50   0.50   0.27   0.50   0.12   0.50   0.50   0.50   0.16   0.50   0.50   0.10   0.07   0.04   0.05   0.04   0.08   0.09   0.31   0.50   0.20   0.50   0.50   0.09   0.07   0.50   0.07   0.13   0.07   0.50   0.50   0.06   0.50   0.02   0.50   0.11   
0.01   0.01   0.02   0.03   0.04   0.02   0.04   0.03   0.02   0.01   0.08   0.02   0.06   0.02   0.02   0.00   0.04   0.01   0.05   0.01   0.02   0.06   0.03   0.00   0.00   0.01   0.01   0.00   0.01   0.03   0.01   0.07   0.01   0.05   0.01   0.08   0.78   0.17   0.00   0.01   0.04   0.05   0.04   0.02   0.09   0.01   0.19   0.99   0.99   0.01   0.01   0.99   0.02   0.02   0.01   0.03   0.09   0.01   0.05   0.04   0.28   0.15   0.04   0.09   0.09   0.04   0.01   0.06   0.05   0.03   0.02   0.01   0.07   0.08   0.00   0.02   0.00   0.07   
0.02   0.02   0.06   0.40   0.11   0.04   0.08   0.10   0.04   0.15   0.55   0.08   0.27   0.06   0.06   0.00   0.21   0.02   0.15   0.54   0.06   0.32   0.10   0.00   0.00   0.02   0.02   0.00   0.76   0.12   0.03   0.60   0.66   0.96   0.02   0.92   0.99   0.95   0.00   0.03   0.37   0.25   0.18   0.08   0.76   0.05   0.98   0.99   0.99   0.23   0.52   0.99   0.04   0.58   0.78   0.95   0.96   0.77   0.95   0.95   0.93   0.68   0.78   0.66   0.59   0.87   0.74   0.27   0.93   0.82   0.82   0.68   0.43   0.99   0.00   0.98   0.00   0.90   
0.50   0.50   0.50   0.22   0.50   0.50   0.50   0.50   0.50   0.50   0.28   0.50   0.50   0.45   0.50   0.50   0.31   0.50   0.50   0.50   0.50   0.50   0.50   0.50   0.50   0.50   0.50   0.50   0.70   0.50   0.50   0.42   0.86   0.50   0.32   0.50   0.35   0.50   0.50   0.50   0.50   0.10   0.50   0.50   0.50   0.50   0.50   0.50   0.50   0.50   0.25   0.50   0.50   0.10   0.35   0.20   0.50   0.05   0.50   0.56   0.22   0.82   0.14   0.50   0.46   0.12   0.89   0.50   0.50   0.50   0.31   0.50   0.93   0.50   0.50   0.50   0.67   0.19   
0.91   0.06   0.07   0.07   0.04   0.06   0.03   0.91   0.07   0.91   0.14   0.92   0.75   0.03   0.91   0.01   0.03   0.06   0.06   0.98   0.06   0.10   0.06   0.01   0.01   0.91   0.91   0.01   0.91   0.07   0.04   0.57   0.86   0.98   0.01   0.96   0.99   0.97   0.01   0.04   0.07   0.01   0.98   0.91   0.97   0.91   0.98   1.00   0.98   0.01   0.05   0.95   0.91   0.03   0.41   0.81   0.91   0.08   0.96   0.97   0.89   0.84   0.13   0.65   0.29   0.31   0.96   0.13   0.98   0.74   0.41   0.39   0.89   0.98   0.01   0.98   0.07   0.69   

0.50   0.50   0.50   0.50   0.50   0.50   0.50   0.50   0.50   0.50   0.50   0.50   0.50   0.50   0.50   0.50   0.50   0.50   0.50   0.06   0.50   0.50   0.50   0.50   0.50   0.50   0.50   0.50   0.06   0.50   0.50   0.50   0.09   0.06   0.50   0.18   0.21   0.24   0.50   0.50   0.50   0.50   0.50   0.50   0.27   0.50   0.12   0.50   0.50   0.50   0.16   0.50   0.50   0.10   0.07   0.04   0.05   0.04   0.08   0.09   0.31   0.50   0.20   0.50   0.50   0.09   0.07   0.50   0.07   0.13   0.07   0.50   0.50   0.06   0.50   0.02   0.50   0.11   
0.01   0.01   0.02   0.03   0.04   0.02   0.04   0.03   0.02   0.01   0.08   0.02   0.06   0.02   0.02   0.00   0.04   0.01   0.05   0.01   0.02   0.06   0.03   0.00   0.00   0.01   0.01   0.00   0.01   0.03   0.01   0.07   0.01   0.05   0.01   0.08   0.78   0.17   0.00   0.01   0.04   0.05   0.04   0.02   0.09   0.01   0.19   0.99   0.99   0.01   0.01   0.99   0.02   0.02   0.01   0.03   0.09   0.01   0.05   0.04   0.28   0.15   0.04   0.09   0.09   0.04   0.01   0.06   0.05   0.03   0.02   0.01   0.07   0.08   0.00   0.02   0.00   0.07   
0.02   0.02   0.06   0.40   0.11   0.04   0.08   0.10   0.04   0.15   0.55   0.08   0.27   0.06   0.06   0.00   0.21   0.02   0.15   0.54   0.06   0.32   0.10   0.00   0.00   0.02   0.02   0.00   0.76   0.12   0.03   0.60   0.66   0.96   0.02   0.92   0.99   0.95   0.00   0.03   0.37   0.25   0.18   0.08   0.76   0.05   0.98   0.99   0.99   0.23   0.52   0.99   0.04   0.58   0.78   0.95   0.96   0.77   0.95   0.95   0.93   0.68   0.78   0.66   0.59   0.87   0.74   0.27   0.93   0.82   0.82   0.68   0.43   0.99   0.00   0.98   0.00   0.90   
0.50   0.50   0.50   0.22   0.50   0.50   0.50   0.50   0.50   0.50   0.27   0.50   0.50   0.43   0.50   0.50   0.30   0.50   0.50   0.50   0.50   0.50   0.50   0.50   0.50   0.50   0.50   0.50   0.68   0.50   0.50   0.41   0.85   0.50   0.31   0.50   0.34   0.50   0.50   0.50   0.50   0.10   0.50   0.50   0.50   0.50   0.50   0.50   0.50   0.50   0.24   0.50   0.50   0.10   0.34   0.19   0.50   0.05   0.50   0.54   0.22   0.80   0.14   0.50   0.45   0.12   0.88   0.50   0.50   0.50   0.30   0.50   0.92   0.50   0.50   0.50   0.65   0.18   
0.91   0.06   0.06   0.06   0.03   0.06   0.03   0.91   0.06   0.91   0.12   0.92   0.71   0.02   0.91   0.01   0.02   0.06   0.06   0.98   0.06   0.09   0.06   0.01   0.01   0.91   0.91   0.01   0.89   0.06   0.04   0.53   0.81   0.98   0.01   0.96   0.99   0.97   0.01   0.04   0.06   0.01   0.98   0.91   0.97   0.91   0.98   1.00   0.98   0.01   0.05   0.94   0.91   0.03   0.38   0.76   0.91   0.07   0.95   0.96   0.88   0.79   0.13   0.62   0.25   0.27   0.95   0.13   0.97   0.69   0.36   0.38   0.85   0.98   0.01   0.98   0.06   0.40   

0.00   0.00   0.00   0.00   0.00   0.00   0.00   0.00   0.00   0.00   0.00   0.00   0.00   0.00   0.00   0.00   0.00   0.00   0.00   0.00   0.00   0.00   0.00   0.00   0.00   0.00   0.00   0.00   1.00   0.00   0.00   0.00   1.00   1.00   0.00   1.00   1.00   1.00   0.00   0.00   0.00   0.00   0.00   0.00   1.00   0.00   1.00   1.00   1.00   0.00   1.00   0.00   0.00   1.00   1.00   1.00   1.00   1.00   1.00   1.00   1.00   1.00   1.00   1.00   1.00   1.00   1.00   0.00   1.00   1.00   1.00   1.00   1.00   1.00   1.00   1.00   1.00   1.00   