5.00   5.00   5.00   5.00   5.00   5.00   5.00   5.00   5.00   5.00   5.00   5.00   5.00   5.00   5.00   5.00   5.00   5.00   5.00   5.00   5.00   5.00   5.00   5.00   5.00   5.00   5.00   5.00   5.00   5.00   5.00   5.00   5.00   5.00   5.00   5.00   5.00   5.00   5.00   5.00   5.00   5.00   5.00   5.00   5.00   5.00   5.00   5.00   5.00   5.00   5.00   5.00   5.00   5.00   5.00   5.00   5.00   5.00   5.00   5.00   5.00   5.00   5.00   5.00   5.00   5.00   5.00   5.00   5.00   5.00   5.00   5.00   5.00   5.00   5.00   5.00   5.00   5.00   
0.05   0.05   0.05   0.88   0.05   0.05   0.05   0.05   0.88   0.88   0.05   0.88   0.88   0.88   0.05   0.05   0.05   0.05   0.05   0.05   0.88   0.91   0.91   0.05   0.88   0.88   0.05   0.05   0.05   0.05   0.88   0.88   0.88   0.88   0.99   0.05   0.99   0.05   0.88   0.99   0.99   0.99   0.05   0.05   0.88   0.05   0.88   0.88   0.99   0.88   0.05   0.99   0.88   0.05   0.99   0.88   0.88   0.99   0.99   0.88   0.88   0.88   0.88   0.88   0.88   0.88   0.88   0.88   0.05   0.88   0.88   0.88   0.99   0.88   0.88   0.88   0.88   0.88   
0.05   0.05   0.05   0.88   0.05   0.05   0.05   0.05   0.88   0.88   0.05   0.88   0.88   0.88   0.05   0.05   0.05   0.05   0.05   0.05   0.88   0.91   0.91   0.05   0.88   0.88   0.05   0.05   0.05   0.05   0.88   0.88   0.88   0.88   0.99   0.05   0.99   0.05   0.88   0.99   0.99   0.99   0.05   0.05   0.88   0.05   0.88   0.88   0.99   0.88   0.05   0.99   0.88   0.05   0.99   0.88   0.88   0.99   0.99   0.88   0.88   0.88   0.88   0.88   0.88   0.88   0.88   0.88   0.05   0.88   0.88   0.88   0.99   0.88   0.88   0.88   0.88   0.88   
0.11   0.21   0.20   0.50   0.29   0.25   0.37   0.06   0.19   0.62   0.16   0.48   0.25   0.51   0.30   0.17   0.20   0.28   0.26   0.09   0.32   0.44   0.11   0.23   0.17   0.71   0.14   0.07   0.16   0.34   0.07   0.63   0.11   0.44   0.62   0.53   0.69   0.39   0.11   0.86   0.83   0.92   0.13   0.22   0.14   0.08   0.77   0.80   0.48   0.28   0.20   0.55   0.11   0.08   0.58   0.39   0.51   0.46   0.59   0.59   0.77   0.55   0.31   0.79   0.43   0.52   0.25   0.67   0.61   0.49   0.67   0.86   0.59   0.79   0.66   0.65   0.50   0.59   
0.00   0.01   0.01   0.91   0.01   0.01   0.02   0.00   0.69   0.94   0.01   0.90   0.76   0.91   0.01   0.01   0.01   0.01   0.01   0.00   0.82   0.91   0.40   0.01   0.67   0.96   0.01   0.00   0.01   0.02   0.06   0.94   0.09   0.88   0.99   0.04   1.00   0.02   0.09   1.00   1.00   1.00   0.00   0.01   0.12   0.00   0.97   0.97   0.99   0.79   0.01   0.99   0.09   0.00   0.99   0.86   0.91   0.99   0.99   0.93   0.97   0.92   0.81   0.97   0.88   0.91   0.76   0.95   0.53   0.90   0.95   0.98   0.99   0.97   0.95   0.95   0.91   0.93   

5.00   5.00   5.00   5.00   5.00   5.00   5.00   5.00   5.00   5.00   5.00   5.00   5.00   5.00   5.00   5.00   5.00   5.00   5.00   5.00   5.00   5.00   5.00   5.00   5.00   5.00   5.00   5.00   5.00   5.00   5.00   5.00   5.00   5.00   5.00   5.00   5.00   5.00   5.00   5.00   5.00   5.00   5.00   5.00   5.00   5.00   5.00   5.00   5.00   5.00   5.00   5.00   5.00   5.00   5.00   5.00   5.00   5.00   5.00   5.00   5.00   5.00   5.00   5.00   5.00   5.00   5.00   5.00   5.00   5.00   5.00   5.00   5.00   5.00   5.00   5.00   5.00   5.00   
0.02   0.02   0.32   0.11   0.32   0.32   0.32   0.02   0.84   0.84   0.32   0.84   0.84   0.84   0.32   0.32   0.02   0.32   0.32   0.32   0.84   0.95   0.95   0.32   0.84   0.84   0.02   0.02   0.02   0.02   0.84   0.11   0.11   0.84   0.99   0.32   0.99   0.02   0.84   0.99   0.99   0.99   0.02   0.32   0.11   0.02   0.84   0.84   0.99   0.11   0.32   0.99   0.84   0.32   0.99   0.11   0.84   0.99   0.99   0.11   0.84   0.84   0.84   0.84   0.84   0.84   0.84   0.84   0.02   0.84   0.11   0.11   0.81   0.84   0.84   0.84   0.11   0.84   
0.02   0.02   0.32   0.11   0.32   0.32   0.32   0.02   0.84   0.84   0.32   0.84   0.84   0.84   0.32   0.32   0.02   0.32   0.32   0.32   0.84   0.95   0.95   0.32   0.84   0.84   0.02   0.02   0.02   0.02   0.84   0.11   0.11   0.84   0.99   0.32   0.99   0.02   0.84   0.99   0.99   0.99   0.02   0.32   0.11   0.02   0.84   0.84   0.99   0.11   0.32   0.99   0.84   0.32   0.99   0.11   0.84   0.99   0.99   0.11   0.84   0.84   0.84   0.84   0.84   0.84   0.84   0.84   0.02   0.84   0.11   0.11   0.81   0.84   0.84   0.84   0.11   0.84   
0.50   0.14   0.07   0.64   0.24   0.17   0.39   0.50   0.11   0.89   0.50   0.47   0.06   0.67   0.23   0.05   0.09   0.22   0.36   0.50   0.10   0.46   0.03   0.19   0.05   0.92   0.50   0.50   0.50   0.25   0.01   0.83   0.03   0.60   0.50   0.83   0.50   0.46   0.03   0.50   0.50   0.50   0.50   0.15   0.03   0.50   0.93   0.95   0.51   0.20   0.07   0.65   0.02   0.50   0.50   0.60   0.44   0.44   0.50   0.84   0.90   0.81   0.18   0.96   0.48   0.60   0.12   0.82   0.85   0.52   0.80   0.97   0.50   0.96   0.83   0.86   0.46   0.66   
0.03   0.00   0.00   0.91   0.01   0.01   0.03   0.03   0.53   0.99   0.03   0.89   0.05   0.95   0.01   0.00   0.00   0.01   0.02   0.03   0.07   0.89   0.11   0.01   0.04   0.99   0.03   0.03   0.03   0.01   0.01   0.97   0.01   0.93   0.99   0.77   0.99   0.02   0.02   0.99   0.99   0.99   0.03   0.01   0.01   0.03   0.99   0.99   0.99   0.10   0.00   1.00   0.02   0.03   0.99   0.89   0.87   0.99   0.99   0.97   0.99   0.97   0.66   1.00   0.89   0.93   0.54   0.98   0.71   0.91   0.96   0.99   0.99   0.99   0.98   0.98   0.83   0.94   

5.00   5.00   5.00   5.00   5.00   5.00   5.00   5.00   5.00   5.00   5.00   5.00   5.00   5.00   5.00   5.00   5.00   5.00   5.00   5.00   5.00   5.00   5.00   5.00   5.00   5.00   5.00   5.00   5.00   5.00   5.00   5.00   5.00   5.00   5.00   5.00   5.00   5.00   5.00   5.00   5.00   5.00   5.00   5.00   5.00   5.00   5.00   5.00   5.00   5.00   5.00   5.00   5.00   5.00   5.00   5.00   5.00   5.00   5.00   5.00   5.00   5.00   5.00   5.00   5.00   5.00   5.00   5.00   5.00   5.00   5.00   5.00   5.00   5.00   5.00   5.00   5.00   5.00   
0.02   0.02   0.06   0.32   0.06   0.06   0.06   0.02   0.57   0.57   0.06   0.57   0.57   0.57   0.06   0.06   0.02   0.06   0.06   0.06   0.57   0.16   0.16   0.06   0.57   0.57   0.02   0.02   0.02   0.02   0.57   0.91   0.32   0.57   0.99   0.06   0.99   0.02   0.57   0.80   0.99   0.99   0.02   0.06   0.32   0.02   0.96   0.57   0.99   0.32   0.06   0.80   0.96   0.06   0.80   0.91   0.96   0.99   0.99   0.91   0.96   0.57   0.96   0.57   0.57   0.96   0.57   0.96   0.02   0.57   0.32   0.32   0.65   0.96   0.96   0.96   0.32   0.57   
0.02   0.02   0.06   0.32   0.06   0.06   0.06   0.02   0.57   0.57   0.06   0.57   0.57   0.57   0.06   0.06   0.02   0.06   0.06   0.06   0.57   0.16   0.16   0.06   0.57   0.57   0.02   0.02   0.02   0.02   0.57   0.91   0.32   0.57   0.99   0.06   0.99   0.02   0.57   0.80   0.99   0.99   0.02   0.06   0.32   0.02   0.96   0.57   0.99   0.32   0.06   0.80   0.96   0.06   0.80   0.91   0.96   0.99   0.99   0.91   0.96   0.57   0.96   0.57   0.57   0.96   0.57   0.96   0.02   0.57   0.32   0.32   0.65   0.96   0.96   0.96   0.32   0.57   
0.50   0.50   0.50   0.55   0.15   0.14   0.40   0.50   0.12   0.86   0.50   0.33   0.09   0.73   0.22   0.50   0.50   0.20   0.43   0.50   0.06   0.50   0.09   0.16   0.06   0.96   0.50   0.50   0.50   0.50   0.02   0.78   0.03   0.64   0.50   0.87   0.50   0.48   0.03   0.50   0.50   0.50   0.50   0.20   0.06   0.50   0.93   0.50   0.60   0.16   0.50   0.50   0.03   0.50   0.50   0.58   0.53   0.49   0.50   0.84   0.94   0.73   0.41   0.50   0.58   0.68   0.19   0.79   0.85   0.53   0.90   0.50   0.50   0.50   0.78   0.88   0.46   0.88   
0.03   0.02   0.03   0.69   0.01   0.01   0.02   0.03   0.05   0.94   0.03   0.54   0.04   0.86   0.01   0.03   0.02   0.01   0.02   0.03   0.03   0.13   0.01   0.01   0.02   0.98   0.03   0.03   0.03   0.02   0.01   0.98   0.01   0.81   0.99   0.53   0.99   0.02   0.01   0.99   0.99   0.99   0.03   0.01   0.02   0.03   1.00   0.91   0.99   0.06   0.03   0.99   0.15   0.03   0.99   0.96   0.96   0.99   0.99   0.99   1.00   0.87   0.94   0.91   0.77   0.98   0.09   0.99   0.09   0.73   0.94   0.82   0.99   0.91   0.99   0.99   0.21   0.95   

5.00   5.00   5.00   5.00   5.00   5.00   5.00   5.00   5.00   5.00   5.00   5.00   5.00   5.00   5.00   5.00   5.00   5.00   5.00   5.00   5.00   5.00   5.00   5.00   5.00   5.00   5.00   5.00   5.00   5.00   5.00   5.00   5.00   5.00   5.00   5.00   5.00   5.00   5.00   5.00   5.00   5.00   5.00   5.00   5.00   5.00   5.00   5.00   5.00   5.00   5.00   5.00   5.00   5.00   5.00   5.00   5.00   5.00   5.00   5.00   5.00   5.00   5.00   5.00   5.00   5.00   5.00   5.00   5.00   5.00   5.00   5.00   5.00   5.00   5.00   5.00   5.00   5.00   
0.02   0.02   0.05   0.27   0.05   0.05   0.05   0.02   0.40   0.82   0.05   0.40   0.40   0.40   0.05   0.05   0.02   0.05   0.05   0.05   0.40   0.11   0.11   0.05   0.40   0.82   0.02   0.02   0.02   0.02   0.40   0.81   0.27   0.40   0.90   0.28   0.99   0.02   0.40   0.88   0.99   0.99   0.02   0.05   0.27   0.02   0.97   0.40   0.90   0.27   0.05   0.88   0.86   0.05   0.61   0.94   0.97   0.99   0.99   0.94   0.97   0.82   0.97   0.40   0.82   0.97   0.40   0.97   0.02   0.82   0.73   0.27   0.44   0.97   0.97   0.97   0.73   0.82   
0.02   0.02   0.05   0.27   0.05   0.05   0.05   0.02   0.40   0.82   0.05   0.40   0.40   0.40   0.05   0.05   0.02   0.05   0.05   0.05   0.40   0.11   0.11   0.05   0.40   0.82   0.02   0.02   0.02   0.02   0.40   0.81   0.27   0.40   0.90   0.28   0.99   0.02   0.40   0.88   0.99   0.99   0.02   0.05   0.27   0.02   0.97   0.40   0.90   0.27   0.05   0.88   0.86   0.05   0.61   0.94   0.97   0.99   0.99   0.94   0.97   0.82   0.97   0.40   0.82   0.97   0.40   0.97   0.02   0.82   0.73   0.27   0.44   0.97   0.97   0.97   0.73   0.82   
0.50   0.50   0.50   0.48   0.50   0.50   0.42   0.50   0.07   0.82   0.50   0.19   0.08   0.70   0.21   0.50   0.50   0.12   0.56   0.50   0.09   0.43   0.05   0.50   0.05   0.98   0.50   0.50   0.50   0.50   0.02   0.76   0.02   0.58   0.50   0.89   0.50   0.51   0.02   0.50   0.50   0.50   0.50   0.11   0.07   0.50   0.50   0.50   0.50   0.14   0.50   0.50   0.05   0.50   0.50   0.46   0.50   0.51   0.50   0.83   0.50   0.76   0.55   0.50   0.57   0.67   0.19   0.76   0.75   0.62   0.94   0.50   0.50   0.50   0.72   0.50   0.44   0.87   
0.02   0.02   0.03   0.18   0.03   0.03   0.02   0.02   0.02   0.95   0.02   0.06   0.02   0.70   0.01   0.03   0.02   0.00   0.03   0.02   0.03   0.09   0.01   0.03   0.01   1.00   0.02   0.02   0.02   0.02   0.01   0.91   0.00   0.58   0.99   0.84   0.99   0.02   0.01   0.99   0.99   0.99   0.02   0.00   0.02   0.02   0.96   0.91   0.99   0.04   0.03   0.99   0.07   0.02   0.99   0.94   0.96   0.99   0.99   0.99   0.96   0.93   0.97   0.91   0.86   0.98   0.06   0.99   0.05   0.88   0.98   0.83   0.99   0.91   0.99   0.96   0.74   0.97   

5.00   5.00   5.00   5.00   5.00   5.00   5.00   5.00   5.00   5.00   5.00   5.00   5.00   5.00   5.00   5.00   5.00   5.00   5.00   5.00   5.00   5.00   5.00   5.00   5.00   5.00   5.00   5.00   5.00   5.00   5.00   5.00   5.00   5.00   5.00   5.00   5.00   5.00   5.00   5.00   5.00   5.00   5.00   5.00   5.00   5.00   5.00   5.00   5.00   5.00   5.00   5.00   5.00   5.00   5.00   5.00   5.00   5.00   5.00   5.00   5.00   5.00   5.00   5.00   5.00   5.00   5.00   5.00   5.00   5.00   5.00   5.00   5.00   5.00   5.00   5.00   5.00   5.00   
0.03   0.03   0.06   0.29   0.06   0.02   0.06   0.01   0.23   0.83   0.06   0.42   0.42   0.42   0.06   0.02   0.03   0.06   0.06   0.06   0.42   0.06   0.06   0.02   0.42   0.83   0.03   0.03   0.01   0.03   0.42   0.82   0.17   0.42   0.90   0.28   0.99   0.01   0.42   0.88   0.99   0.99   0.03   0.02   0.29   0.03   0.97   0.42   0.90   0.29   0.02   0.88   0.87   0.02   0.61   0.95   0.97   0.99   0.99   0.88   0.97   0.83   0.97   0.42   0.83   0.97   0.23   0.97   0.03   0.83   0.75   0.29   0.46   0.97   0.97   0.97   0.75   0.83   
0.03   0.03   0.06   0.29   0.06   0.02   0.06   0.01   0.23   0.83   0.06   0.42   0.42   0.42   0.06   0.02   0.03   0.06   0.06   0.06   0.42   0.06   0.06   0.02   0.42   0.83   0.03   0.03   0.01   0.03   0.42   0.82   0.17   0.42   0.90   0.28   0.99   0.01   0.42   0.88   0.99   0.99   0.03   0.02   0.29   0.03   0.97   0.42   0.90   0.29   0.02   0.88   0.87   0.02   0.61   0.95   0.97   0.99   0.99   0.88   0.97   0.83   0.97   0.42   0.83   0.97   0.23   0.97   0.03   0.83   0.75   0.29   0.46   0.97   0.97   0.97   0.75   0.83   
0.50   0.50   0.50   0.47   0.50   0.50   0.46   0.50   0.06   0.89   0.50   0.11   0.06   0.76   0.21   0.50   0.50   0.50   0.67   0.50   0.09   0.45   0.50   0.50   0.03   0.50   0.50   0.50   0.50   0.50   0.50   0.81   0.50   0.69   0.50   0.96   0.50   0.47   0.50   0.50   0.50   0.50   0.50   0.50   0.06   0.50   0.50   0.50   0.50   0.13   0.50   0.50   0.04   0.50   0.50   0.54   0.59   0.50   0.50   0.93   0.50   0.87   0.74   0.50   0.78   0.69   0.20   0.83   0.77   0.76   0.98   0.50   0.50   0.50   0.78   0.50   0.47   0.91   
0.03   0.02   0.03   0.23   0.03   0.03   0.03   0.03   0.02   0.98   0.03   0.06   0.03   0.84   0.01   0.03   0.02   0.03   0.08   0.03   0.05   0.52   0.59   0.03   0.01   0.86   0.03   0.03   0.03   0.02   0.62   0.95   0.24   0.79   0.99   0.98   0.99   0.01   0.62   0.99   0.99   0.99   0.03   0.03   0.02   0.03   0.96   0.91   0.99   0.05   0.03   0.99   0.09   0.03   0.99   0.96   0.97   0.99   0.99   1.00   0.96   0.98   0.99   0.91   0.96   0.98   0.08   0.99   0.06   0.95   1.00   0.83   0.99   0.91   0.99   0.96   0.82   0.99   

5.00   5.00   5.00   5.00   5.00   5.00   5.00   5.00   5.00   5.00   5.00   5.00   5.00   5.00   5.00   5.00   5.00   5.00   5.00   5.00   5.00   5.00   5.00   5.00   5.00   5.00   5.00   5.00   5.00   5.00   5.00   5.00   5.00   5.00   5.00   5.00   5.00   5.00   5.00   5.00   5.00   5.00   5.00   5.00   5.00   5.00   5.00   5.00   5.00   5.00   5.00   5.00   5.00   5.00   5.00   5.00   5.00   5.00   5.00   5.00   5.00   5.00   5.00   5.00   5.00   5.00   5.00   5.00   5.00   5.00   5.00   5.00   5.00   5.00   5.00   5.00   5.00   5.00   
0.03   0.03   0.06   0.28   0.06   0.02   0.06   0.01   0.24   0.87   0.06   0.40   0.40   0.63   0.06   0.02   0.03   0.06   0.14   0.06   0.40   0.15   0.15   0.08   0.40   0.87   0.03   0.03   0.01   0.03   0.40   0.87   0.17   0.63   0.93   0.43   0.99   0.01   0.40   0.91   0.97   0.99   0.03   0.02   0.28   0.03   0.98   0.63   0.93   0.28   0.02   0.91   0.91   0.02   0.76   0.93   0.98   0.97   0.97   0.92   0.98   0.87   0.95   0.40   0.80   0.98   0.24   0.95   0.03   0.87   0.72   0.48   0.67   0.98   0.95   0.98   0.72   0.87   
0.03   0.03   0.06   0.28   0.06   0.02   0.06   0.01   0.24   0.87   0.06   0.40   0.40   0.63   0.06   0.02   0.03   0.06   0.14   0.06   0.40   0.15   0.15   0.08   0.40   0.87   0.03   0.03   0.01   0.03   0.40   0.87   0.17   0.63   0.93   0.43   0.99   0.01   0.40   0.91   0.97   0.99   0.03   0.02   0.28   0.03   0.98   0.63   0.93   0.28   0.02   0.91   0.91   0.02   0.76   0.93   0.98   0.97   0.97   0.92   0.98   0.87   0.95   0.40   0.80   0.98   0.24   0.95   0.03   0.87   0.72   0.48   0.67   0.98   0.95   0.98   0.72   0.87   
0.50   0.50   0.50   0.49   0.50   0.50   0.36   0.50   0.07   0.89   0.50   0.10   0.04   0.72   0.21   0.50   0.50   0.50   0.58   0.50   0.06   0.50   0.50   0.50   0.03   0.50   0.50   0.50   0.50   0.50   0.50   0.83   0.50   0.72   0.50   0.97   0.50   0.55   0.50   0.50   0.50   0.50   0.50   0.50   0.06   0.50   0.50   0.50   0.50   0.14   0.50   0.50   0.02   0.50   0.50   0.70   0.73   0.49   0.50   0.50   0.50   0.89   0.78   0.50   0.76   0.61   0.14   0.85   0.83   0.65   0.50   0.50   0.50   0.50   0.82   0.50   0.49   0.94   
0.02   0.02   0.03   0.19   0.03   0.03   0.02   0.02   0.02   0.99   0.02   0.04   0.02   0.86   0.01   0.03   0.02   0.03   0.15   0.02   0.02   0.70   0.69   0.03   0.01   0.87   0.02   0.02   0.02   0.02   0.65   0.97   0.22   0.86   0.99   0.99   0.99   0.01   0.65   0.99   0.99   0.99   0.02   0.03   0.01   0.02   0.96   0.91   0.99   0.04   0.03   0.99   0.08   0.02   0.99   0.97   0.99   0.99   0.99   0.94   0.96   0.98   0.99   0.91   0.95   0.98   0.04   0.99   0.07   0.94   0.85   0.83   0.99   0.91   0.99   0.96   0.82   0.99   

5.00   5.00   5.00   5.00   5.00   5.00   5.00   5.00   5.00   5.00   5.00   5.00   5.00   5.00   5.00   5.00   5.00   5.00   5.00   5.00   5.00   5.00   5.00   5.00   5.00   5.00   5.00   5.00   5.00   5.00   5.00   5.00   5.00   5.00   5.00   5.00   5.00   5.00   5.00   5.00   5.00   5.00   5.00   5.00   5.00   5.00   5.00   5.00   5.00   5.00   5.00   5.00   5.00   5.00   5.00   5.00   5.00   5.00   5.00   5.00   5.00   5.00   5.00   5.00   5.00   5.00   5.00   5.00   5.00   5.00   5.00   5.00   5.00   5.00   5.00   5.00   5.00   5.00   
0.05   0.05   0.08   0.33   0.08   0.01   0.04   0.01   0.28   0.89   0.04   0.46   0.46   0.66   0.04   0.01   0.05   0.08   0.18   0.08   0.46   0.20   0.13   0.10   0.32   0.89   0.02   0.02   0.01   0.02   0.32   0.82   0.13   0.52   0.90   0.53   0.99   0.01   0.32   0.92   0.95   0.99   0.05   0.01   0.22   0.02   0.96   0.66   0.92   0.33   0.04   0.92   0.89   0.01   0.77   0.93   0.98   0.97   0.97   0.92   0.98   0.89   0.95   0.46   0.82   0.98   0.19   0.95   0.05   0.89   0.76   0.54   0.69   0.98   0.95   0.98   0.76   0.89   
0.05   0.05   0.08   0.33   0.08   0.01   0.04   0.01   0.28   0.89   0.04   0.46   0.46   0.66   0.04   0.01   0.05   0.08   0.18   0.08   0.46   0.20   0.13   0.10   0.32   0.89   0.02   0.02   0.01   0.02   0.32   0.82   0.13   0.52   0.90   0.53   0.99   0.01   0.32   0.92   0.95   0.99   0.05   0.01   0.22   0.02   0.96   0.66   0.92   0.33   0.04   0.92   0.89   0.01   0.77   0.93   0.98   0.97   0.97   0.92   0.98   0.89   0.95   0.46   0.82   0.98   0.19   0.95   0.05   0.89   0.76   0.54   0.69   0.98   0.95   0.98   0.76   0.89   
0.50   0.50   0.50   0.48   0.50   0.50   0.36   0.50   0.07   0.88   0.50   0.10   0.05   0.70   0.21   0.50   0.50   0.50   0.57   0.50   0.06   0.49   0.50   0.50   0.03   0.50   0.50   0.50   0.50   0.50   0.50   0.82   0.50   0.71   0.50   0.97   0.50   0.54   0.50   0.50   0.50   0.50   0.50   0.50   0.06   0.50   0.50   0.50   0.50   0.14   0.50   0.50   0.03   0.50   0.50   0.69   0.72   0.48   0.50   0.50   0.50   0.88   0.76   0.50   0.75   0.60   0.14   0.84   0.81   0.64   0.50   0.50   0.50   0.50   0.81   0.50   0.48   0.93   
0.02   0.02   0.03   0.24   0.03   0.03   0.01   0.02   0.03   0.99   0.02   0.05   0.02   0.86   0.00   0.03   0.02   0.03   0.21   0.02   0.03   0.72   0.70   0.03   0.01   0.88   0.02   0.02   0.02   0.02   0.65   0.95   0.22   0.79   0.99   0.99   0.99   0.01   0.65   0.99   0.99   0.99   0.02   0.03   0.01   0.02   0.96   0.91   0.99   0.05   0.03   0.99   0.09   0.02   0.99   0.97   0.99   0.99   0.99   0.94   0.96   0.98   0.98   0.91   0.95   0.98   0.02   0.99   0.16   0.94   0.86   0.84   0.99   0.91   0.99   0.96   0.83   0.99   

0.56   0.46   0.45   0.26   0.46   0.28   0.18   0.50   0.42   0.27   0.51   0.43   0.49   0.27   0.40   0.54   0.48   0.41   0.46   0.56   0.36   0.27   0.40   0.36   0.37   0.25   0.52   0.43   0.50   0.42   0.24   0.38   0.46   0.29   0.32   0.31   0.50   0.50   0.61   0.22   0.20   0.50   0.32   0.35   0.55   0.35   0.20   0.09   0.25   0.35   0.47   0.35   0.46   0.67   0.40   0.41   0.23   0.28   0.31   0.33   0.23   0.35   0.23   0.16   0.22   0.25   0.18   0.36   0.26   0.27   0.40   0.32   0.12   0.12   0.38   0.33   0.38   0.30   
0.02   0.01   0.02   0.03   0.02   0.00   0.00   0.00   0.05   0.27   0.02   0.08   0.10   0.16   0.01   0.01   0.01   0.02   0.04   0.03   0.06   0.02   0.02   0.02   0.05   0.25   0.01   0.01   0.00   0.01   0.03   0.51   0.03   0.14   0.63   0.10   0.99   0.00   0.12   0.15   0.61   0.99   0.01   0.00   0.06   0.00   0.70   0.05   0.62   0.04   0.01   0.25   0.55   0.01   0.16   0.33   0.86   0.80   0.54   0.61   0.86   0.19   0.22   0.06   0.16   0.87   0.01   0.77   0.00   0.14   0.12   0.06   0.03   0.33   0.54   0.91   0.11   0.16   
0.04   0.04   0.08   0.27   0.08   0.01   0.04   0.01   0.23   0.91   0.04   0.39   0.39   0.81   0.04   0.01   0.04   0.08   0.20   0.08   0.39   0.21   0.15   0.12   0.27   0.91   0.02   0.02   0.01   0.02   0.27   0.88   0.10   0.77   0.93   0.72   0.99   0.01   0.27   0.84   0.96   0.99   0.04   0.01   0.18   0.02   0.97   0.81   0.94   0.27   0.03   0.84   0.84   0.01   0.69   0.85   0.98   0.97   0.91   0.94   0.98   0.80   0.88   0.73   0.86   0.98   0.16   0.96   0.04   0.80   0.63   0.47   0.60   0.98   0.88   0.98   0.63   0.80   
0.50   0.50   0.50   0.50   0.50   0.50   0.39   0.50   0.04   0.83   0.50   0.06   0.04   0.75   0.50   0.50   0.50   0.50   0.39   0.50   0.05   0.51   0.50   0.50   0.50   0.50   0.50   0.50   0.50   0.50   0.50   0.74   0.50   0.63   0.50   0.96   0.50   0.50   0.50   0.50   0.50   0.50   0.50   0.50   0.03   0.50   0.50   0.50   0.50   0.12   0.50   0.50   0.01   0.50   0.50   0.49   0.79   0.36   0.50   0.50   0.50   0.80   0.74   0.50   0.86   0.65   0.11   0.83   0.77   0.65   0.50   0.50   0.50   0.50   0.67   0.50   0.39   0.96   
0.02   0.01   0.03   0.21   0.03   0.03   0.01   0.02   0.01   0.98   0.02   0.02   0.02   0.93   0.02   0.03   0.01   0.03   0.12   0.02   0.02   0.70   0.70   0.03   0.16   0.86   0.02   0.02   0.02   0.01   0.63   0.95   0.19   0.84   0.99   0.99   0.99   0.00   0.63   0.99   0.99   0.99   0.02   0.03   0.00   0.02   0.96   0.91   0.99   0.03   0.03   0.99   0.04   0.02   0.99   0.89   0.99   0.98   0.99   0.94   0.96   0.96   0.97   0.91   0.98   0.99   0.02   0.99   0.11   0.91   0.84   0.82   0.99   0.91   0.95   0.96   0.48   0.99   

0.22   0.31   0.20   0.14   0.32   0.50   0.50   0.50   0.15   0.05   0.25   0.27   0.25   0.08   0.21   0.33   0.21   0.22   0.12   0.41   0.17   0.05   0.27   0.10   0.13   0.03   0.29   0.50   0.50   0.50   0.07   0.19   0.36   0.03   0.06   0.07   0.50   0.50   0.54   0.12   0.09   0.50   0.50   0.50   0.40   0.50   0.03   0.00   0.11   0.12   0.44   0.30   0.26   0.59   0.08   0.12   0.06   0.12   0.06   0.05   0.02   0.08   0.04   0.02   0.09   0.11   0.09   0.08   0.50   0.05   0.13   0.10   0.02   0.01   0.14   0.08   0.14   0.13   
0.00   0.00   0.00   0.01   0.01   0.01   0.01   0.00   0.01   0.01   0.00   0.02   0.02   0.01   0.00   0.00   0.00   0.00   0.00   0.01   0.01   0.00   0.01   0.00   0.01   0.01   0.00   0.00   0.00   0.00   0.00   0.04   0.01   0.00   0.03   0.02   0.98   0.00   0.04   0.04   0.06   0.98   0.01   0.01   0.01   0.00   0.02   0.00   0.07   0.00   0.01   0.07   0.05   0.01   0.01   0.02   0.07   0.10   0.02   0.03   0.01   0.01   0.01   0.00   0.02   0.12   0.00   0.05   0.01   0.01   0.01   0.01   0.00   0.01   0.05   0.03   0.01   0.04   
0.03   0.03   0.07   0.21   0.07   0.01   0.04   0.01   0.20   0.85   0.04   0.33   0.33   0.74   0.04   0.01   0.03   0.07   0.19   0.07   0.33   0.21   0.14   0.11   0.23   0.93   0.01   0.01   0.01   0.01   0.23   0.80   0.08   0.69   0.94   0.82   0.99   0.01   0.23   0.90   0.96   0.99   0.03   0.01   0.14   0.01   0.97   0.87   0.95   0.21   0.03   0.79   0.76   0.01   0.62   0.77   0.98   0.97   0.93   0.95   0.92   0.73   0.81   0.65   0.79   0.98   0.13   0.96   0.03   0.87   0.55   0.40   0.53   0.98   0.91   0.92   0.55   0.87   
0.50   0.50   0.50   0.54   0.50   0.50   0.44   0.50   0.03   0.83   0.50   0.06   0.03   0.74   0.50   0.50   0.50   0.50   0.23   0.50   0.04   0.74   0.50   0.50   0.50   0.50   0.50   0.50   0.50   0.50   0.50   0.81   0.50   0.62   0.50   0.98   0.50   0.50   0.50   0.50   0.50   0.50   0.50   0.50   0.50   0.50   0.50   0.50   0.50   0.12   0.50   0.50   0.01   0.50   0.50   0.56   0.50   0.39   0.50   0.50   0.50   0.78   0.67   0.50   0.86   0.58   0.10   0.84   0.81   0.47   0.50   0.50   0.50   0.50   0.74   0.50   0.41   0.99   
0.02   0.01   0.03   0.22   0.03   0.03   0.01   0.02   0.01   0.98   0.02   0.02   0.01   0.91   0.02   0.03   0.01   0.03   0.06   0.02   0.01   0.84   0.68   0.03   0.15   0.87   0.02   0.02   0.02   0.01   0.62   0.95   0.18   0.79   0.99   1.00   0.99   0.00   0.62   0.99   0.99   0.99   0.02   0.03   0.10   0.02   0.96   0.91   0.99   0.03   0.03   0.99   0.02   0.02   0.99   0.89   0.98   0.98   0.99   0.93   0.96   0.94   0.94   0.91   0.97   0.99   0.01   0.99   0.13   0.90   0.84   0.82   0.99   0.91   0.98   0.96   0.49   1.00   

0.50   0.50   0.50   0.50   0.05   0.50   0.50   0.50   0.50   0.02   0.50   0.05   0.09   0.05   0.50   0.50   0.50   0.50   0.50   0.20   0.04   0.50   0.11   0.50   0.50   0.04   0.50   0.50   0.50   0.50   0.50   0.04   0.14   0.50   0.03   0.02   0.50   0.50   0.16   0.03   0.04   0.50   0.50   0.50   0.19   0.50   0.01   0.50   0.04   0.50   0.08   0.09   0.09   0.21   0.04   0.03   0.02   0.03   0.02   0.02   0.02   0.03   0.02   0.50   0.06   0.02   0.50   0.02   0.50   0.02   0.09   0.50   0.50   0.01   0.03   0.04   0.03   0.07   
0.01   0.01   0.02   0.03   0.00   0.01   0.01   0.00   0.03   0.01   0.01   0.00   0.00   0.01   0.01   0.01   0.01   0.02   0.03   0.00   0.00   0.04   0.00   0.02   0.03   0.03   0.00   0.00   0.00   0.00   0.03   0.01   0.00   0.11   0.01   0.00   0.98   0.00   0.01   0.01   0.02   0.98   0.01   0.01   0.01   0.00   0.01   0.21   0.03   0.03   0.00   0.02   0.02   0.00   0.00   0.00   0.02   0.03   0.01   0.01   0.01   0.01   0.00   0.09   0.01   0.02   0.02   0.01   0.01   0.01   0.01   0.05   0.07   0.01   0.01   0.02   0.00   0.03   
0.03   0.03   0.06   0.19   0.06   0.01   0.03   0.01   0.17   0.88   0.03   0.29   0.29   0.80   0.03   0.01   0.03   0.06   0.16   0.06   0.29   0.17   0.12   0.09   0.20   0.95   0.01   0.01   0.01   0.01   0.50   0.74   0.07   0.63   0.91   0.77   0.99   0.01   0.20   0.92   0.94   0.99   0.03   0.01   0.13   0.01   0.98   0.84   0.96   0.19   0.03   0.74   0.81   0.01   0.56   0.71   0.96   0.98   0.90   0.91   0.94   0.80   0.76   0.58   0.75   0.96   0.12   0.97   0.03   0.84   0.48   0.34   0.46   0.99   0.93   0.90   0.48   0.90   
0.50   0.50   0.50   0.51   0.50   0.50   0.40   0.50   0.06   0.82   0.50   0.07   0.05   0.77   0.50   0.50   0.50   0.50   0.31   0.50   0.06   0.68   0.50   0.50   0.50   0.50   0.50   0.50   0.50   0.50   0.50   0.79   0.50   0.62   0.50   0.50   0.50   0.50   0.50   0.50   0.50   0.50   0.50   0.50   0.50   0.50   0.50   0.50   0.50   0.10   0.50   0.50   0.02   0.50   0.50   0.58   0.50   0.43   0.50   0.50   0.50   0.77   0.77   0.50   0.82   0.62   0.09   0.50   0.80   0.49   0.50   0.50   0.50   0.50   0.73   0.50   0.48   0.50   
0.02   0.01   0.03   0.20   0.03   0.03   0.01   0.02   0.02   0.98   0.02   0.03   0.02   0.95   0.02   0.03   0.01   0.03   0.09   0.02   0.02   0.81   0.71   0.03   0.15   0.88   0.02   0.02   0.02   0.01   0.65   0.94   0.19   0.79   0.99   0.90   0.99   0.00   0.65   0.99   0.99   0.99   0.02   0.03   0.10   0.02   0.96   0.91   0.99   0.03   0.03   0.99   0.07   0.02   0.99   0.89   0.98   0.99   0.99   0.94   0.96   0.96   0.96   0.91   0.96   0.98   0.01   0.97   0.13   0.90   0.86   0.83   0.99   0.91   0.98   0.96   0.73   0.92   

0.50   0.50   0.50   0.50   0.50   0.50   0.50   0.50   0.50   0.50   0.50   0.50   0.50   0.03   0.50   0.50   0.50   0.50   0.50   0.50   0.50   0.50   0.50   0.50   0.50   0.03   0.50   0.50   0.50   0.50   0.50   0.50   0.50   0.50   0.02   0.50   0.50   0.50   0.50   0.02   0.03   0.50   0.50   0.50   0.50   0.50   0.01   0.50   0.03   0.50   0.50   0.07   0.07   0.50   0.50   0.50   0.02   0.02   0.50   0.02   0.01   0.03   0.50   0.50   0.04   0.02   0.50   0.02   0.50   0.50   0.06   0.50   0.50   0.01   0.02   0.03   0.50   0.05   
0.01   0.01   0.02   0.03   0.02   0.01   0.01   0.00   0.03   0.26   0.01   0.04   0.04   0.01   0.01   0.01   0.01   0.02   0.03   0.02   0.04   0.04   0.03   0.02   0.03   0.03   0.00   0.00   0.00   0.00   0.03   0.13   0.01   0.11   0.01   0.16   0.98   0.00   0.03   0.01   0.01   0.98   0.01   0.01   0.02   0.00   0.01   0.22   0.04   0.03   0.01   0.01   0.02   0.01   0.09   0.11   0.01   0.03   0.26   0.01   0.01   0.01   0.14   0.10   0.01   0.01   0.02   0.02   0.01   0.19   0.00   0.05   0.07   0.01   0.01   0.01   0.06   0.02   
0.03   0.03   0.06   0.17   0.06   0.01   0.03   0.01   0.16   0.90   0.03   0.25   0.25   0.77   0.03   0.01   0.03   0.06   0.14   0.06   0.25   0.14   0.10   0.08   0.37   0.95   0.01   0.01   0.01   0.01   0.47   0.70   0.07   0.69   0.89   0.71   0.99   0.01   0.19   0.89   0.91   0.99   0.03   0.01   0.12   0.01   0.98   0.85   0.96   0.35   0.03   0.68   0.83   0.01   0.50   0.65   0.94   0.98   0.87   0.92   0.94   0.76   0.71   0.54   0.70   0.94   0.11   0.97   0.03   0.79   0.42   0.30   0.41   0.97   0.90   0.87   0.57   0.87   
0.50   0.50   0.50   0.47   0.50   0.50   0.36   0.50   0.04   0.81   0.50   0.05   0.04   0.75   0.50   0.50   0.50   0.50   0.27   0.50   0.04   0.66   0.50   0.50   0.50   0.50   0.50   0.50   0.50   0.50   0.50   0.78   0.50   0.59   0.50   0.50   0.50   0.50   0.50   0.50   0.50   0.50   0.50   0.50   0.50   0.50   0.50   0.50   0.50   0.07   0.50   0.50   0.01   0.50   0.50   0.55   0.50   0.39   0.50   0.50   0.50   0.76   0.75   0.50   0.81   0.59   0.07   0.50   0.79   0.45   0.50   0.50   0.50   0.50   0.71   0.50   0.44   0.50   
0.02   0.01   0.03   0.17   0.03   0.03   0.01   0.02   0.01   0.98   0.02   0.02   0.01   0.94   0.02   0.03   0.01   0.03   0.06   0.02   0.01   0.78   0.71   0.03   0.15   0.88   0.02   0.02   0.02   0.01   0.64   0.93   0.19   0.81   0.99   0.90   0.99   0.00   0.64   0.99   0.99   0.99   0.02   0.03   0.10   0.02   0.96   0.91   0.99   0.04   0.03   0.99   0.05   0.02   0.99   0.87   0.98   0.99   0.99   0.94   0.96   0.96   0.95   0.91   0.96   0.98   0.01   0.97   0.12   0.87   0.86   0.83   0.99   0.91   0.98   0.96   0.74   0.92   

0.50   0.50   0.50   0.50   0.50   0.50   0.50   0.50   0.50   0.50   0.50   0.50   0.50   0.02   0.50   0.50   0.50   0.50   0.50   0.50   0.50   0.50   0.50   0.50   0.50   0.02   0.50   0.50   0.50   0.50   0.50   0.50   0.50   0.50   0.02   0.50   0.50   0.50   0.50   0.02   0.03   0.50   0.50   0.50   0.50   0.50   0.00   0.50   0.02   0.50   0.50   0.06   0.05   0.50   0.50   0.50   0.01   0.01   0.50   0.02   0.01   0.50   0.50   0.50   0.50   0.01   0.50   0.01   0.50   0.50   0.50   0.50   0.50   0.50   0.02   0.02   0.50   0.05   
0.01   0.01   0.02   0.03   0.02   0.01   0.01   0.00   0.03   0.28   0.01   0.05   0.05   0.00   0.01   0.01   0.01   0.02   0.04   0.02   0.05   0.04   0.03   0.02   0.04   0.02   0.00   0.00   0.00   0.00   0.04   0.14   0.02   0.12   0.01   0.17   0.98   0.00   0.04   0.01   0.01   0.98   0.01   0.01   0.02   0.00   0.01   0.24   0.03   0.03   0.01   0.01   0.02   0.01   0.10   0.12   0.01   0.02   0.28   0.01   0.01   0.18   0.15   0.10   0.14   0.01   0.02   0.02   0.01   0.21   0.07   0.06   0.08   0.69   0.01   0.01   0.07   0.02   
0.02   0.03   0.07   0.19   0.07   0.02   0.04   0.01   0.18   0.91   0.04   0.29   0.29   0.77   0.04   0.02   0.03   0.07   0.17   0.07   0.29   0.18   0.13   0.10   0.41   0.96   0.01   0.01   0.01   0.01   0.50   0.73   0.08   0.72   0.90   0.75   0.99   0.01   0.16   0.89   0.91   0.99   0.03   0.02   0.13   0.02   0.98   0.87   0.97   0.39   0.03   0.71   0.85   0.02   0.54   0.68   0.95   0.98   0.88   0.93   0.95   0.78   0.74   0.58   0.73   0.95   0.10   0.97   0.03   0.81   0.46   0.34   0.45   0.98   0.91   0.88   0.56   0.88   
0.50   0.50   0.50   0.41   0.50   0.50   0.31   0.50   0.04   0.75   0.50   0.05   0.04   0.68   0.50   0.50   0.50   0.50   0.24   0.50   0.04   0.59   0.50   0.50   0.50   0.50   0.50   0.50   0.50   0.50   0.50   0.70   0.50   0.52   0.50   0.50   0.50   0.50   0.50   0.50   0.50   0.50   0.50   0.50   0.50   0.50   0.50   0.50   0.50   0.07   0.50   0.50   0.01   0.50   0.50   0.48   0.50   0.34   0.50   0.50   0.50   0.69   0.68   0.50   0.74   0.52   0.07   0.50   0.72   0.40   0.50   0.50   0.50   0.50   0.64   0.50   0.39   0.50   
0.02   0.01   0.03   0.14   0.03   0.03   0.01   0.02   0.01   0.97   0.02   0.02   0.01   0.90   0.02   0.03   0.01   0.03   0.06   0.02   0.01   0.70   0.69   0.03   0.15   0.87   0.02   0.02   0.02   0.01   0.62   0.90   0.18   0.74   0.99   0.88   0.99   0.00   0.62   0.99   0.99   0.99   0.02   0.03   0.10   0.02   0.96   0.91   0.99   0.03   0.03   0.99   0.06   0.02   0.99   0.82   0.98   0.99   0.99   0.93   0.96   0.93   0.92   0.91   0.93   0.97   0.01   0.97   0.09   0.83   0.84   0.82   0.99   0.91   0.97   0.96   0.45   0.91   

0.50   0.50   0.50   0.50   0.50   0.50   0.50   0.50   0.50   0.50   0.50   0.50   0.50   0.50   0.50   0.50   0.50   0.50   0.50   0.50   0.50   0.50   0.50   0.50   0.50   0.03   0.50   0.50   0.50   0.50   0.50   0.50   0.50   0.50   0.02   0.50   0.50   0.50   0.50   0.50   0.04   0.50   0.50   0.50   0.50   0.50   0.01   0.50   0.03   0.50   0.50   0.07   0.06   0.50   0.50   0.50   0.02   0.02   0.50   0.03   0.50   0.50   0.50   0.50   0.50   0.02   0.50   0.02   0.50   0.50   0.50   0.50   0.50   0.50   0.02   0.03   0.50   0.06   
0.01   0.01   0.02   0.04   0.02   0.01   0.01   0.00   0.04   0.32   0.01   0.05   0.05   0.18   0.01   0.01   0.01   0.02   0.04   0.02   0.05   0.04   0.03   0.03   0.04   0.04   0.01   0.01   0.00   0.01   0.04   0.16   0.02   0.13   0.01   0.19   0.98   0.00   0.04   0.29   0.01   0.98   0.01   0.01   0.03   0.01   0.01   0.27   0.04   0.04   0.01   0.02   0.03   0.01   0.11   0.14   0.02   0.05   0.31   0.02   0.66   0.21   0.17   0.12   0.16   0.01   0.03   0.02   0.01   0.23   0.08   0.06   0.09   0.73   0.01   0.02   0.08   0.03   
0.03   0.03   0.08   0.18   0.08   0.01   0.03   0.01   0.16   0.90   0.04   0.26   0.30   0.76   0.03   0.02   0.04   0.06   0.18   0.06   0.30   0.16   0.11   0.11   0.42   0.95   0.01   0.01   0.01   0.01   0.51   0.74   0.09   0.71   0.90   0.76   0.99   0.01   0.18   0.89   0.91   0.99   0.04   0.01   0.12   0.02   0.98   0.87   0.97   0.41   0.03   0.72   0.84   0.01   0.55   0.70   0.94   0.98   0.88   0.93   0.94   0.79   0.75   0.59   0.74   0.95   0.11   0.98   0.04   0.82   0.48   0.35   0.43   0.98   0.91   0.87   0.58   0.88   
0.50   0.50   0.50   0.49   0.50   0.50   0.29   0.50   0.03   0.84   0.50   0.06   0.02   0.80   0.50   0.50   0.50   0.50   0.30   0.50   0.04   0.56   0.50   0.50   0.50   0.50   0.50   0.50   0.50   0.50   0.50   0.84   0.50   0.68   0.50   0.50   0.50   0.50   0.50   0.50   0.50   0.50   0.50   0.50   0.50   0.50   0.50   0.50   0.50   0.05   0.50   0.50   0.01   0.50   0.50   0.47   0.50   0.34   0.50   0.50   0.50   0.74   0.68   0.50   0.77   0.58   0.50   0.50   0.81   0.52   0.50   0.50   0.50   0.50   0.71   0.50   0.46   0.50   
0.02   0.01   0.03   0.20   0.03   0.03   0.01   0.02   0.01   0.99   0.02   0.02   0.01   0.95   0.02   0.03   0.01   0.03   0.08   0.02   0.01   0.70   0.71   0.03   0.15   0.88   0.02   0.02   0.02   0.01   0.64   0.95   0.19   0.86   0.99   0.90   0.99   0.00   0.64   0.99   0.99   0.99   0.02   0.03   0.10   0.02   0.96   0.91   0.99   0.03   0.03   0.99   0.04   0.02   0.99   0.83   0.98   0.99   0.99   0.94   0.96   0.95   0.93   0.91   0.94   0.97   0.07   0.97   0.15   0.90   0.86   0.83   0.99   0.91   0.98   0.96   0.72   0.92   

0.50   0.50   0.50   0.50   0.50   0.50   0.50   0.50   0.50   0.50   0.50   0.50   0.50   0.50   0.50   0.50   0.50   0.50   0.50   0.50   0.50   0.50   0.50   0.50   0.50   0.03   0.50   0.50   0.50   0.50   0.50   0.50   0.50   0.50   0.02   0.50   0.50   0.50   0.50   0.50   0.04   0.50   0.50   0.50   0.50   0.50   0.01   0.50   0.03   0.50   0.50   0.07   0.06   0.50   0.50   0.50   0.02   0.02   0.50   0.03   0.50   0.50   0.50   0.50   0.50   0.02   0.50   0.02   0.50   0.50   0.50   0.50   0.50   0.50   0.02   0.03   0.50   0.06   
0.01   0.01   0.02   0.04   0.02   0.01   0.01   0.00   0.04   0.32   0.01   0.05   0.05   0.18   0.01   0.01   0.01   0.02   0.04   0.02   0.05   0.04   0.03   0.03   0.04   0.04   0.01   0.01   0.00   0.01   0.04   0.16   0.02   0.14   0.01   0.19   0.98   0.00   0.04   0.29   0.02   0.98   0.01   0.01   0.03   0.01   0.01   0.27   0.04   0.04   0.01   0.02   0.03   0.01   0.11   0.14   0.02   0.05   0.31   0.02   0.65   0.21   0.18   0.12   0.17   0.01   0.03   0.02   0.01   0.23   0.08   0.06   0.09   0.74   0.01   0.02   0.08   0.03   
0.02   0.03   0.07   0.14   0.07   0.01   0.03   0.01   0.14   0.90   0.04   0.21   0.24   0.63   0.03   0.02   0.04   0.05   0.18   0.05   0.24   0.43   0.38   0.12   0.31   0.96   0.01   0.01   0.01   0.01   0.37   0.78   0.07   0.58   0.92   0.84   0.99   0.01   0.14   0.91   0.93   0.99   0.04   0.01   0.09   0.02   0.98   0.89   0.97   0.30   0.02   0.79   0.73   0.01   0.46   0.77   0.96   0.98   0.91   0.95   0.95   0.82   0.80   0.67   0.79   0.96   0.08   0.98   0.04   0.86   0.63   0.55   0.36   0.98   0.93   0.90   0.68   0.90   
0.50   0.50   0.50   0.46   0.50   0.50   0.27   0.50   0.03   0.81   0.50   0.06   0.02   0.77   0.50   0.50   0.50   0.50   0.29   0.50   0.04   0.53   0.50   0.50   0.50   0.50   0.50   0.50   0.50   0.50   0.50   0.82   0.50   0.65   0.50   0.50   0.50   0.50   0.50   0.50   0.50   0.50   0.50   0.50   0.50   0.50   0.50   0.50   0.50   0.05   0.50   0.50   0.01   0.50   0.50   0.44   0.50   0.32   0.50   0.50   0.50   0.70   0.65   0.50   0.73   0.55   0.50   0.50   0.78   0.49   0.50   0.50   0.50   0.50   0.67   0.50   0.43   0.50   
0.02   0.01   0.03   0.14   0.03   0.03   0.01   0.02   0.01   0.99   0.02   0.02   0.01   0.90   0.02   0.03   0.01   0.03   0.06   0.02   0.01   0.76   0.74   0.03   0.14   0.89   0.02   0.02   0.02   0.01   0.65   0.96   0.18   0.77   0.99   0.91   0.99   0.00   0.65   0.99   0.99   0.99   0.02   0.03   0.09   0.02   0.96   0.92   0.99   0.02   0.03   0.99   0.03   0.02   0.99   0.86   0.98   0.99   0.99   0.94   0.96   0.95   0.94   0.92   0.95   0.98   0.06   0.98   0.12   0.91   0.87   0.85   0.99   0.92   0.98   0.96   0.77   0.93   

0.50   0.50   0.50   0.50   0.50   0.50   0.50   0.50   0.50   0.50   0.50   0.50   0.50   0.50   0.50   0.50   0.50   0.50   0.50   0.50   0.50   0.50   0.50   0.50   0.50   0.03   0.50   0.50   0.50   0.50   0.50   0.50   0.50   0.50   0.02   0.50   0.50   0.50   0.50   0.50   0.04   0.50   0.50   0.50   0.50   0.50   0.01   0.50   0.03   0.50   0.50   0.07   0.06   0.50   0.50   0.50   0.02   0.02   0.50   0.03   0.50   0.50   0.50   0.50   0.50   0.02   0.50   0.02   0.50   0.50   0.50   0.50   0.50   0.50   0.02   0.03   0.50   0.06   
0.01   0.01   0.02   0.04   0.02   0.01   0.01   0.00   0.04   0.33   0.01   0.05   0.05   0.18   0.01   0.01   0.01   0.02   0.04   0.02   0.05   0.04   0.03   0.03   0.04   0.03   0.01   0.01   0.00   0.01   0.04   0.17   0.02   0.14   0.01   0.19   0.98   0.00   0.04   0.29   0.02   0.98   0.01   0.01   0.03   0.01   0.01   0.27   0.04   0.04   0.01   0.02   0.03   0.01   0.11   0.15   0.02   0.05   0.32   0.02   0.66   0.21   0.18   0.12   0.17   0.01   0.03   0.02   0.01   0.24   0.08   0.07   0.09   0.74   0.01   0.02   0.08   0.03   
0.02   0.03   0.08   0.15   0.08   0.01   0.03   0.01   0.15   0.91   0.04   0.22   0.26   0.65   0.03   0.02   0.04   0.04   0.19   0.06   0.26   0.46   0.41   0.13   0.33   0.96   0.01   0.01   0.01   0.01   0.40   0.80   0.07   0.61   0.92   0.85   0.99   0.01   0.15   0.92   0.94   0.99   0.04   0.01   0.10   0.02   0.99   0.90   0.97   0.29   0.03   0.81   0.75   0.01   0.49   0.79   0.96   0.98   0.92   0.95   0.95   0.83   0.82   0.70   0.81   0.96   0.09   0.98   0.04   0.87   0.66   0.58   0.39   0.98   0.93   0.91   0.68   0.91   
0.50   0.50   0.50   0.42   0.50   0.50   0.50   0.50   0.50   0.81   0.50   0.04   0.50   0.69   0.50   0.50   0.50   0.50   0.35   0.50   0.04   0.59   0.50   0.50   0.50   0.50   0.50   0.50   0.50   0.50   0.50   0.80   0.50   0.64   0.50   0.50   0.50   0.50   0.50   0.50   0.50   0.50   0.50   0.50   0.50   0.50   0.50   0.50   0.50   0.07   0.50   0.50   0.01   0.50   0.50   0.60   0.50   0.23   0.50   0.50   0.50   0.72   0.74   0.50   0.83   0.55   0.50   0.50   0.78   0.41   0.50   0.50   0.50   0.50   0.71   0.50   0.58   0.50   
0.02   0.01   0.03   0.14   0.03   0.03   0.02   0.02   0.17   0.99   0.02   0.01   0.22   0.86   0.02   0.03   0.01   0.03   0.10   0.02   0.01   0.81   0.74   0.03   0.14   0.89   0.02   0.02   0.02   0.01   0.65   0.95   0.18   0.77   0.99   0.91   0.99   0.00   0.65   0.99   0.99   0.99   0.02   0.03   0.09   0.02   0.96   0.92   0.99   0.02   0.03   0.99   0.02   0.02   0.99   0.92   0.98   0.98   0.99   0.94   0.96   0.96   0.96   0.92   0.97   0.98   0.06   0.98   0.16   0.89   0.87   0.84   0.99   0.92   0.98   0.96   0.82   0.93   

0.50   0.50   0.50   0.50   0.50   0.50   0.50   0.50   0.50   0.50   0.50   0.50   0.50   0.50   0.50   0.50   0.50   0.50   0.50   0.50   0.50   0.50   0.50   0.50   0.50   0.03   0.50   0.50   0.50   0.50   0.50   0.50   0.50   0.50   0.02   0.50   0.50   0.50   0.50   0.50   0.04   0.50   0.50   0.50   0.50   0.50   0.01   0.50   0.03   0.50   0.50   0.07   0.06   0.50   0.50   0.50   0.02   0.02   0.50   0.03   0.50   0.50   0.50   0.50   0.50   0.02   0.50   0.02   0.50   0.50   0.50   0.50   0.50   0.50   0.02   0.03   0.50   0.06   
0.01   0.01   0.02   0.04   0.02   0.01   0.01   0.00   0.04   0.33   0.01   0.05   0.05   0.18   0.01   0.01   0.01   0.02   0.04   0.02   0.05   0.04   0.03   0.03   0.04   0.03   0.01   0.01   0.00   0.01   0.04   0.17   0.02   0.14   0.01   0.20   0.98   0.00   0.04   0.30   0.02   0.98   0.01   0.01   0.03   0.01   0.01   0.27   0.03   0.04   0.01   0.02   0.02   0.01   0.11   0.15   0.02   0.05   0.33   0.02   0.66   0.21   0.19   0.12   0.17   0.02   0.03   0.03   0.01   0.24   0.08   0.07   0.09   0.77   0.01   0.02   0.08   0.03   
0.02   0.03   0.08   0.13   0.08   0.01   0.03   0.01   0.13   0.92   0.04   0.19   0.22   0.72   0.03   0.02   0.04   0.04   0.40   0.06   0.22   0.42   0.38   0.34   0.28   0.96   0.01   0.01   0.01   0.01   0.35   0.82   0.06   0.68   0.93   0.88   0.99   0.01   0.13   0.93   0.94   0.99   0.04   0.01   0.08   0.02   0.99   0.91   0.94   0.24   0.03   0.75   0.69   0.01   0.60   0.81   0.96   0.98   0.87   0.96   0.95   0.85   0.75   0.64   0.83   0.97   0.08   0.98   0.04   0.89   0.59   0.66   0.35   0.98   0.93   0.92   0.61   0.92   
0.50   0.50   0.50   0.40   0.50   0.50   0.50   0.50   0.50   0.78   0.50   0.05   0.50   0.65   0.50   0.50   0.50   0.50   0.33   0.50   0.04   0.55   0.50   0.50   0.50   0.50   0.50   0.50   0.50   0.50   0.50   0.76   0.50   0.60   0.50   0.50   0.50   0.50   0.50   0.50   0.50   0.50   0.50   0.50   0.50   0.50   0.50   0.50   0.50   0.08   0.50   0.50   0.01   0.50   0.50   0.56   0.50   0.22   0.50   0.50   0.50   0.68   0.70   0.50   0.80   0.51   0.50   0.50   0.74   0.39   0.50   0.50   0.50   0.50   0.67   0.50   0.54   0.50   
0.02   0.01   0.03   0.11   0.03   0.03   0.02   0.02   0.16   0.98   0.02   0.01   0.22   0.87   0.02   0.03   0.01   0.03   0.21   0.02   0.01   0.73   0.74   0.03   0.14   0.89   0.02   0.02   0.02   0.01   0.65   0.95   0.17   0.79   0.99   0.91   0.99   0.00   0.65   0.99   0.99   0.99   0.02   0.03   0.09   0.02   0.96   0.92   0.99   0.01   0.03   0.99   0.02   0.02   0.99   0.91   0.98   0.98   0.99   0.94   0.96   0.95   0.93   0.92   0.97   0.98   0.06   0.98   0.14   0.89   0.87   0.84   0.99   0.92   0.98   0.96   0.73   0.93   

0.50   0.50   0.50   0.50   0.50   0.50   0.50   0.50   0.50   0.50   0.50   0.50   0.50   0.50   0.50   0.50   0.50   0.50   0.50   0.50   0.50   0.50   0.50   0.50   0.50   0.03   0.50   0.50   0.50   0.50   0.50   0.50   0.50   0.50   0.02   0.50   0.50   0.50   0.50   0.50   0.04   0.50   0.50   0.50   0.50   0.50   0.01   0.50   0.03   0.50   0.50   0.07   0.06   0.50   0.50   0.50   0.02   0.02   0.50   0.03   0.50   0.50   0.50   0.50   0.50   0.02   0.50   0.02   0.50   0.50   0.50   0.50   0.50   0.50   0.02   0.03   0.50   0.06   
0.01   0.01   0.02   0.04   0.02   0.01   0.01   0.00   0.04   0.32   0.01   0.05   0.05   0.17   0.01   0.01   0.01   0.02   0.04   0.02   0.05   0.04   0.03   0.03   0.04   0.03   0.01   0.01   0.00   0.01   0.04   0.17   0.02   0.14   0.01   0.20   0.98   0.00   0.04   0.29   0.02   0.98   0.01   0.01   0.03   0.01   0.01   0.27   0.03   0.04   0.01   0.02   0.02   0.01   0.11   0.15   0.02   0.05   0.32   0.02   0.65   0.21   0.18   0.12   0.17   0.02   0.03   0.02   0.01   0.24   0.08   0.07   0.09   0.77   0.01   0.02   0.08   0.03   
0.02   0.02   0.07   0.12   0.07   0.01   0.03   0.01   0.12   0.92   0.05   0.21   0.24   0.71   0.04   0.02   0.03   0.04   0.37   0.05   0.20   0.39   0.35   0.32   0.26   0.96   0.01   0.01   0.01   0.01   0.33   0.81   0.06   0.66   0.92   0.87   0.99   0.01   0.15   0.93   0.93   0.99   0.03   0.01   0.10   0.03   0.99   0.90   0.93   0.22   0.04   0.75   0.67   0.01   0.59   0.80   0.96   0.98   0.86   0.95   0.96   0.84   0.74   0.62   0.83   0.97   0.10   0.98   0.03   0.89   0.57   0.64   0.32   0.99   0.93   0.92   0.58   0.92   
0.50   0.50   0.50   0.45   0.50   0.50   0.50   0.50   0.50   0.85   0.50   0.04   0.50   0.74   0.50   0.50   0.50   0.50   0.36   0.50   0.04   0.63   0.50   0.50   0.50   0.50   0.50   0.50   0.50   0.50   0.50   0.84   0.50   0.69   0.50   0.50   0.50   0.50   0.50   0.50   0.50   0.50   0.50   0.50   0.50   0.50   0.50   0.50   0.50   0.07   0.50   0.50   0.01   0.50   0.50   0.65   0.50   0.23   0.50   0.50   0.50   0.76   0.79   0.50   0.87   0.59   0.50   0.50   0.82   0.44   0.50   0.50   0.50   0.50   0.76   0.50   0.62   0.50   
0.02   0.01   0.03   0.13   0.03   0.03   0.02   0.02   0.16   0.99   0.02   0.01   0.22   0.92   0.02   0.03   0.01   0.03   0.23   0.02   0.01   0.78   0.73   0.03   0.14   0.89   0.02   0.02   0.02   0.01   0.65   0.97   0.17   0.84   0.99   0.91   0.99   0.00   0.65   0.99   0.99   0.99   0.02   0.03   0.09   0.02   0.96   0.92   0.99   0.01   0.03   0.99   0.01   0.02   0.99   0.94   0.98   0.97   0.99   0.94   0.96   0.97   0.95   0.92   0.98   0.99   0.06   0.98   0.20   0.92   0.87   0.84   0.99   0.92   0.99   0.96   0.78   0.93   

0.50   0.50   0.50   0.50   0.50   0.50   0.50   0.50   0.50   0.50   0.50   0.50   0.50   0.50   0.50   0.50   0.50   0.50   0.50   0.50   0.50   0.50   0.50   0.50   0.50   0.03   0.50   0.50   0.50   0.50   0.50   0.50   0.50   0.50   0.02   0.50   0.50   0.50   0.50   0.50   0.04   0.50   0.50   0.50   0.50   0.50   0.01   0.50   0.03   0.50   0.50   0.07   0.06   0.50   0.50   0.50   0.02   0.02   0.50   0.03   0.50   0.50   0.50   0.50   0.50   0.02   0.50   0.02   0.50   0.50   0.50   0.50   0.50   0.50   0.02   0.03   0.50   0.06   
0.01   0.01   0.02   0.04   0.02   0.01   0.01   0.00   0.04   0.32   0.01   0.05   0.05   0.17   0.01   0.01   0.01   0.02   0.04   0.02   0.05   0.04   0.03   0.03   0.04   0.03   0.01   0.01   0.00   0.01   0.04   0.17   0.02   0.14   0.01   0.20   0.98   0.00   0.04   0.29   0.02   0.98   0.01   0.01   0.03   0.01   0.01   0.27   0.02   0.04   0.01   0.02   0.02   0.01   0.11   0.15   0.02   0.04   0.33   0.02   0.65   0.21   0.18   0.12   0.17   0.02   0.03   0.03   0.01   0.24   0.08   0.07   0.09   0.79   0.01   0.02   0.08   0.04   
0.02   0.02   0.06   0.11   0.06   0.01   0.02   0.01   0.11   0.93   0.05   0.19   0.22   0.68   0.04   0.02   0.03   0.03   0.36   0.05   0.19   0.37   0.32   0.30   0.23   0.93   0.01   0.01   0.01   0.01   0.29   0.78   0.05   0.73   0.94   0.90   0.99   0.01   0.13   0.94   0.95   0.99   0.03   0.01   0.09   0.02   0.97   0.92   0.91   0.19   0.03   0.72   0.64   0.01   0.57   0.84   0.97   0.96   0.89   0.96   0.93   0.88   0.71   0.58   0.80   0.95   0.08   0.98   0.03   0.91   0.54   0.61   0.30   0.99   0.94   0.93   0.55   0.94   
0.50   0.50   0.50   0.41   0.50   0.50   0.50   0.50   0.50   0.79   0.50   0.05   0.50   0.67   0.50   0.50   0.50   0.50   0.34   0.50   0.04   0.57   0.50   0.50   0.50   0.50   0.50   0.50   0.50   0.50   0.50   0.78   0.50   0.62   0.50   0.50   0.50   0.50   0.50   0.50   0.50   0.50   0.50   0.50   0.50   0.50   0.50   0.50   0.50   0.08   0.50   0.50   0.01   0.50   0.50   0.58   0.50   0.23   0.50   0.50   0.50   0.70   0.72   0.50   0.81   0.53   0.50   0.50   0.76   0.40   0.50   0.50   0.50   0.50   0.69   0.50   0.56   0.50   
0.02   0.01   0.03   0.11   0.03   0.03   0.02   0.02   0.16   0.99   0.02   0.02   0.22   0.88   0.02   0.03   0.01   0.03   0.21   0.02   0.01   0.72   0.72   0.03   0.14   0.90   0.02   0.02   0.02   0.01   0.65   0.94   0.16   0.84   0.99   0.91   0.99   0.00   0.65   0.99   0.99   0.99   0.02   0.03   0.09   0.02   0.96   0.92   0.99   0.01   0.03   0.99   0.01   0.02   0.99   0.94   0.98   0.95   0.99   0.94   0.96   0.96   0.92   0.92   0.97   0.98   0.06   0.97   0.14   0.92   0.87   0.84   0.99   0.92   0.98   0.96   0.71   0.93   

0.50   0.50   0.50   0.50   0.50   0.50   0.50   0.50   0.50   0.50   0.50   0.50   0.50   0.50   0.50   0.50   0.50   0.50   0.50   0.50   0.50   0.50   0.50   0.50   0.50   0.03   0.50   0.50   0.50   0.50   0.50   0.50   0.50   0.50   0.02   0.50   0.50   0.50   0.50   0.50   0.04   0.50   0.50   0.50   0.50   0.50   0.01   0.50   0.03   0.50   0.50   0.07   0.06   0.50   0.50   0.50   0.02   0.02   0.50   0.03   0.50   0.50   0.50   0.50   0.50   0.02   0.50   0.02   0.50   0.50   0.50   0.50   0.50   0.50   0.02   0.03   0.50   0.06   
0.01   0.01   0.02   0.04   0.02   0.01   0.01   0.00   0.04   0.32   0.01   0.05   0.05   0.18   0.01   0.01   0.01   0.02   0.04   0.02   0.05   0.04   0.03   0.03   0.04   0.03   0.01   0.01   0.00   0.01   0.04   0.17   0.02   0.14   0.01   0.20   0.98   0.00   0.04   0.30   0.02   0.98   0.01   0.01   0.03   0.01   0.01   0.27   0.02   0.04   0.01   0.01   0.02   0.01   0.11   0.15   0.02   0.05   0.33   0.02   0.66   0.21   0.19   0.12   0.17   0.02   0.03   0.03   0.01   0.24   0.08   0.07   0.09   0.76   0.01   0.02   0.09   0.03   
0.03   0.03   0.06   0.13   0.06   0.01   0.02   0.01   0.10   0.93   0.07   0.17   0.20   0.70   0.03   0.01   0.03   0.03   0.38   0.04   0.21   0.35   0.34   0.33   0.26   0.94   0.01   0.01   0.01   0.01   0.32   0.77   0.05   0.72   0.93   0.89   0.99   0.01   0.16   0.94   0.95   0.99   0.03   0.01   0.08   0.02   0.96   0.92   0.90   0.22   0.03   0.71   0.65   0.02   0.56   0.83   0.97   0.96   0.88   0.96   0.93   0.88   0.71   0.59   0.81   0.95   0.11   0.98   0.03   0.92   0.52   0.60   0.28   0.99   0.94   0.92   0.54   0.93   
0.50   0.50   0.50   0.45   0.50   0.50   0.50   0.50   0.50   0.82   0.50   0.06   0.50   0.70   0.50   0.50   0.50   0.50   0.37   0.50   0.05   0.61   0.50   0.50   0.50   0.50   0.50   0.50   0.50   0.50   0.50   0.80   0.50   0.65   0.50   0.50   0.50   0.50   0.50   0.50   0.50   0.50   0.50   0.50   0.50   0.50   0.50   0.50   0.50   0.09   0.50   0.50   0.01   0.50   0.50   0.62   0.50   0.25   0.50   0.50   0.50   0.73   0.75   0.50   0.83   0.57   0.50   0.50   0.79   0.44   0.50   0.50   0.50   0.50   0.72   0.50   0.60   0.50   
0.02   0.01   0.03   0.14   0.03   0.03   0.02   0.02   0.16   0.99   0.02   0.02   0.22   0.90   0.02   0.03   0.01   0.03   0.26   0.02   0.02   0.73   0.72   0.03   0.14   0.90   0.02   0.02   0.02   0.01   0.65   0.95   0.17   0.85   0.99   0.91   0.99   0.00   0.65   0.99   0.99   0.99   0.02   0.03   0.09   0.02   0.96   0.92   0.99   0.02   0.03   0.99   0.02   0.02   0.99   0.94   0.98   0.96   0.99   0.94   0.96   0.97   0.93   0.92   0.98   0.98   0.06   0.97   0.14   0.93   0.87   0.83   0.99   0.92   0.98   0.96   0.72   0.93   

0.50   0.50   0.50   0.50   0.50   0.50   0.50   0.50   0.50   0.50   0.50   0.50   0.50   0.50   0.50   0.50   0.50   0.50   0.50   0.50   0.50   0.50   0.50   0.50   0.50   0.03   0.50   0.50   0.50   0.50   0.50   0.50   0.50   0.50   0.02   0.50   0.50   0.50   0.50   0.50   0.04   0.50   0.50   0.50   0.50   0.50   0.01   0.50   0.03   0.50   0.50   0.07   0.06   0.50   0.50   0.50   0.02   0.02   0.50   0.03   0.50   0.50   0.50   0.50   0.50   0.02   0.50   0.02   0.50   0.50   0.50   0.50   0.50   0.50   0.02   0.03   0.50   0.06   
0.01   0.01   0.02   0.04   0.02   0.01   0.01   0.00   0.04   0.32   0.01   0.05   0.05   0.18   0.01   0.01   0.01   0.02   0.04   0.02   0.05   0.04   0.03   0.03   0.04   0.03   0.01   0.01   0.00   0.01   0.04   0.17   0.02   0.14   0.01   0.20   0.98   0.00   0.04   0.30   0.02   0.98   0.01   0.01   0.03   0.01   0.01   0.27   0.02   0.04   0.01   0.01   0.02   0.01   0.11   0.15   0.02   0.05   0.33   0.02   0.66   0.21   0.19   0.12   0.17   0.02   0.03   0.03   0.01   0.24   0.08   0.07   0.09   0.76   0.01   0.02   0.09   0.03   
0.03   0.03   0.06   0.13   0.06   0.01   0.02   0.01   0.10   0.93   0.07   0.17   0.20   0.70   0.03   0.01   0.03   0.03   0.38   0.04   0.21   0.35   0.34   0.33   0.26   0.94   0.01   0.01   0.01   0.01   0.32   0.77   0.05   0.72   0.93   0.89   0.99   0.01   0.16   0.94   0.95   0.99   0.03   0.01   0.08   0.02   0.96   0.92   0.90   0.22   0.03   0.71   0.65   0.02   0.56   0.83   0.97   0.96   0.88   0.96   0.93   0.88   0.71   0.59   0.81   0.95   0.11   0.98   0.03   0.92   0.52   0.60   0.28   0.99   0.94   0.92   0.54   0.93   
0.50   0.50   0.50   0.46   0.50   0.50   0.50   0.50   0.50   0.84   0.50   0.06   0.50   0.72   0.50   0.50   0.50   0.50   0.39   0.50   0.05   0.63   0.50   0.50   0.50   0.50   0.50   0.50   0.50   0.50   0.50   0.82   0.50   0.68   0.50   0.50   0.50   0.50   0.50   0.50   0.50   0.50   0.50   0.50   0.50   0.50   0.50   0.50   0.50   0.09   0.50   0.50   0.01   0.50   0.50   0.64   0.50   0.26   0.50   0.50   0.50   0.75   0.77   0.50   0.85   0.59   0.50   0.50   0.81   0.45   0.50   0.50   0.50   0.50   0.74   0.50   0.62   0.50   
0.02   0.01   0.03   0.15   0.03   0.03   0.02   0.02   0.16   0.99   0.02   0.02   0.22   0.91   0.02   0.03   0.01   0.03   0.27   0.02   0.01   0.75   0.72   0.03   0.14   0.90   0.02   0.02   0.02   0.01   0.65   0.95   0.17   0.86   0.99   0.91   0.99   0.00   0.65   0.99   0.99   0.99   0.02   0.03   0.09   0.02   0.96   0.92   0.99   0.02   0.03   0.99   0.02   0.02   0.99   0.95   0.98   0.96   0.99   0.94   0.96   0.97   0.94   0.92   0.98   0.98   0.06   0.97   0.16   0.94   0.87   0.83   0.99   0.92   0.99   0.96   0.74   0.93   

0.00   0.00   0.00   0.00   0.00   0.00   0.00   0.00   0.00   0.00   0.00   0.00   0.00   0.00   0.00   0.00   0.00   0.00   0.00   0.00   0.00   0.00   0.00   0.00   0.00   0.00   0.00   0.00   0.00   0.00   0.00   1.00   0.00   0.00   1.00   1.00   1.00   0.00   0.00   1.00   1.00   1.00   0.00   0.00   0.00   0.00   1.00   1.00   1.00   1.00   0.00   1.00   0.00   0.00   1.00   1.00   1.00   1.00   1.00   1.00   1.00   1.00   1.00   1.00   1.00   1.00   0.00   1.00   1.00   1.00   1.00   1.00   1.00   1.00   1.00   1.00   1.00   1.00   