5.00   5.00   5.00   5.00   5.00   5.00   5.00   5.00   5.00   5.00   5.00   5.00   5.00   5.00   5.00   5.00   5.00   5.00   5.00   5.00   5.00   5.00   5.00   5.00   5.00   5.00   5.00   5.00   5.00   5.00   5.00   5.00   5.00   5.00   5.00   5.00   5.00   5.00   5.00   5.00   5.00   5.00   5.00   5.00   5.00   5.00   5.00   5.00   5.00   5.00   5.00   5.00   5.00   5.00   5.00   5.00   5.00   5.00   5.00   5.00   5.00   5.00   5.00   5.00   5.00   5.00   5.00   5.00   5.00   5.00   5.00   5.00   5.00   5.00   5.00   5.00   5.00   5.00   
0.05   0.05   0.05   0.05   0.05   0.05   0.05   0.05   0.05   0.99   0.48   0.05   0.05   0.05   0.05   0.05   0.05   0.05   0.05   0.48   0.05   0.05   0.05   0.05   0.91   0.05   0.05   0.05   0.05   0.05   0.05   0.91   0.91   0.05   0.05   0.48   0.91   0.91   0.05   0.91   0.05   0.05   0.91   0.48   0.99   0.05   0.48   0.05   0.99   0.99   0.05   0.48   0.99   0.99   0.91   0.91   0.91   0.91   0.91   0.91   0.91   0.05   0.99   0.91   0.05   0.91   0.91   0.05   0.91   0.91   0.05   0.05   0.91   0.91   0.05   0.91   0.99   0.91   
0.05   0.05   0.05   0.05   0.05   0.05   0.05   0.05   0.05   0.99   0.48   0.05   0.05   0.05   0.05   0.05   0.05   0.05   0.05   0.48   0.05   0.05   0.05   0.05   0.91   0.05   0.05   0.05   0.05   0.05   0.05   0.91   0.91   0.05   0.05   0.48   0.91   0.91   0.05   0.91   0.05   0.05   0.91   0.48   0.99   0.05   0.48   0.05   0.99   0.99   0.05   0.48   0.99   0.99   0.91   0.91   0.91   0.91   0.91   0.91   0.91   0.05   0.99   0.91   0.05   0.91   0.91   0.05   0.91   0.91   0.05   0.05   0.91   0.91   0.05   0.91   0.99   0.91   
0.16   0.11   0.04   0.78   0.11   0.18   0.01   0.55   0.01   0.57   0.00   0.29   0.44   0.01   0.23   0.16   0.05   0.40   0.54   0.00   0.15   0.13   0.05   0.02   0.97   0.04   0.01   0.01   0.10   0.01   0.91   0.99   0.90   0.01   0.68   0.00   0.99   0.99   0.52   0.93   0.00   0.00   0.91   0.06   0.95   0.96   0.22   0.29   0.10   0.85   0.01   0.85   0.85   0.15   0.74   0.22   0.15   0.56   0.96   0.49   0.40   0.88   0.79   0.18   0.03   0.79   0.99   0.88   0.12   0.85   1.00   0.83   0.99   0.81   0.58   0.84   0.43   0.88   
0.01   0.01   0.00   0.94   0.01   0.01   0.00   0.84   0.00   0.99   0.00   0.65   0.78   0.00   0.58   0.01   0.00   0.75   0.84   0.00   0.01   0.01   0.00   0.00   1.00   0.00   0.00   0.00   0.00   0.00   0.98   1.00   1.00   0.00   0.91   0.00   1.00   1.00   0.83   1.00   0.00   0.00   1.00   0.00   1.00   0.99   0.02   0.65   0.87   1.00   0.00   0.97   1.00   0.91   0.99   0.93   0.90   0.98   1.00   0.98   0.97   0.97   1.00   0.92   0.00   0.99   1.00   0.97   0.88   1.00   1.00   0.96   1.00   1.00   0.86   1.00   0.98   1.00   

5.00   5.00   5.00   5.00   5.00   5.00   5.00   5.00   5.00   5.00   5.00   5.00   5.00   5.00   5.00   5.00   5.00   5.00   5.00   5.00   5.00   5.00   5.00   5.00   5.00   5.00   5.00   5.00   5.00   5.00   5.00   5.00   5.00   5.00   5.00   5.00   5.00   5.00   5.00   5.00   5.00   5.00   5.00   5.00   5.00   5.00   5.00   5.00   5.00   5.00   5.00   5.00   5.00   5.00   5.00   5.00   5.00   5.00   5.00   5.00   5.00   5.00   5.00   5.00   5.00   5.00   5.00   5.00   5.00   5.00   5.00   5.00   5.00   5.00   5.00   5.00   5.00   5.00   
0.60   0.60   0.60   0.60   0.02   0.60   0.60   0.60   0.02   0.98   0.73   0.60   0.60   0.60   0.02   0.02   0.02   0.60   0.60   0.73   0.60   0.60   0.02   0.02   0.96   0.60   0.60   0.02   0.02   0.60   0.60   0.96   0.96   0.60   0.60   0.73   0.96   0.96   0.60   0.96   0.60   0.02   0.86   0.73   0.98   0.60   0.09   0.60   0.89   0.98   0.60   0.73   0.98   0.89   0.96   0.96   0.96   0.96   0.96   0.96   0.96   0.60   0.98   0.96   0.60   0.96   0.86   0.60   0.96   0.96   0.60   0.60   0.96   0.96   0.02   0.96   0.89   0.96   
0.60   0.60   0.60   0.60   0.02   0.60   0.60   0.60   0.02   0.98   0.73   0.60   0.60   0.60   0.02   0.02   0.02   0.60   0.60   0.73   0.60   0.60   0.02   0.02   0.96   0.60   0.60   0.02   0.02   0.60   0.60   0.96   0.96   0.60   0.60   0.73   0.96   0.96   0.60   0.96   0.60   0.02   0.86   0.73   0.98   0.60   0.09   0.60   0.89   0.98   0.60   0.73   0.98   0.89   0.96   0.96   0.96   0.96   0.96   0.96   0.96   0.60   0.98   0.96   0.60   0.96   0.86   0.60   0.96   0.96   0.60   0.60   0.96   0.96   0.02   0.96   0.89   0.96   
0.06   0.50   0.50   0.84   0.50   0.14   0.50   0.75   0.50   0.62   0.50   0.42   0.47   0.50   0.26   0.02   0.50   0.38   0.48   0.50   0.11   0.50   0.50   0.50   0.50   0.50   0.50   0.50   0.50   0.50   0.97   0.50   0.50   0.50   0.74   0.50   0.50   0.50   0.75   0.50   0.50   0.50   0.50   0.50   0.50   0.98   0.08   0.22   0.04   0.50   0.50   0.93   0.50   0.09   0.70   0.19   0.02   0.61   0.50   0.81   0.62   0.96   0.50   0.30   0.50   0.50   0.50   0.95   0.16   0.50   0.50   0.92   0.50   0.50   0.63   0.50   0.72   0.50   
0.04   0.87   0.87   0.98   0.87   0.56   0.87   0.96   0.87   0.98   0.02   0.85   0.87   0.87   0.02   0.00   0.87   0.82   0.88   0.02   0.08   0.87   0.87   0.87   0.98   0.87   0.87   0.87   0.87   0.87   1.00   0.98   0.98   0.87   0.96   0.02   0.98   0.98   0.96   0.98   0.87   0.87   0.98   0.02   0.97   1.00   0.00   0.69   0.26   0.97   0.87   0.98   0.97   0.45   0.99   0.94   0.33   0.99   0.98   1.00   0.99   1.00   0.97   0.97   0.87   0.98   0.98   0.99   0.93   0.98   0.87   0.99   0.98   0.98   0.77   0.98   0.98   0.98   

5.00   5.00   5.00   5.00   5.00   5.00   5.00   5.00   5.00   5.00   5.00   5.00   5.00   5.00   5.00   5.00   5.00   5.00   5.00   5.00   5.00   5.00   5.00   5.00   5.00   5.00   5.00   5.00   5.00   5.00   5.00   5.00   5.00   5.00   5.00   5.00   5.00   5.00   5.00   5.00   5.00   5.00   5.00   5.00   5.00   5.00   5.00   5.00   5.00   5.00   5.00   5.00   5.00   5.00   5.00   5.00   5.00   5.00   5.00   5.00   5.00   5.00   5.00   5.00   5.00   5.00   5.00   5.00   5.00   5.00   5.00   5.00   5.00   5.00   5.00   5.00   5.00   5.00   
0.13   0.13   0.59   0.59   0.01   0.13   0.13   0.13   0.01   0.96   0.12   0.59   0.59   0.59   0.01   0.01   0.01   0.59   0.13   0.12   0.13   0.13   0.01   0.01   0.97   0.13   0.13   0.01   0.01   0.13   0.59   0.97   0.97   0.13   0.13   0.12   0.97   0.97   0.59   0.97   0.13   0.01   0.62   0.12   0.96   0.59   0.35   0.13   0.23   0.39   0.13   0.12   0.96   0.23   0.97   0.97   0.97   0.97   0.97   0.97   0.97   0.59   0.96   0.97   0.13   0.97   0.62   0.59   0.97   0.97   0.59   0.59   0.97   0.97   0.01   0.97   0.23   0.97   
0.13   0.13   0.59   0.59   0.01   0.13   0.13   0.13   0.01   0.96   0.12   0.59   0.59   0.59   0.01   0.01   0.01   0.59   0.13   0.12   0.13   0.13   0.01   0.01   0.97   0.13   0.13   0.01   0.01   0.13   0.59   0.97   0.97   0.13   0.13   0.12   0.97   0.97   0.59   0.97   0.13   0.01   0.62   0.12   0.96   0.59   0.35   0.13   0.23   0.39   0.13   0.12   0.96   0.23   0.97   0.97   0.97   0.97   0.97   0.97   0.97   0.59   0.96   0.97   0.13   0.97   0.62   0.59   0.97   0.97   0.59   0.59   0.97   0.97   0.01   0.97   0.23   0.97   
0.04   0.50   0.50   0.82   0.50   0.12   0.50   0.68   0.50   0.77   0.50   0.46   0.43   0.50   0.25   0.50   0.50   0.44   0.43   0.50   0.08   0.50   0.50   0.50   0.50   0.50   0.50   0.50   0.50   0.50   0.50   0.50   0.50   0.50   0.71   0.50   0.50   0.50   0.69   0.50   0.50   0.50   0.50   0.50   0.50   0.50   0.50   0.21   0.04   0.50   0.50   0.94   0.50   0.06   0.50   0.16   0.02   0.79   0.50   0.50   0.56   0.50   0.50   0.50   0.50   0.50   0.50   0.96   0.18   0.50   0.50   0.84   0.50   0.50   0.52   0.50   0.66   0.50   
0.05   0.91   0.91   0.99   0.91   0.14   0.91   0.88   0.91   0.96   0.03   0.95   0.94   0.91   0.10   0.54   0.91   0.94   0.73   0.03   0.10   0.91   0.91   0.91   0.99   0.91   0.91   0.91   0.91   0.91   0.92   0.99   0.99   0.91   0.90   0.03   0.99   0.99   0.98   0.99   0.91   0.91   0.99   0.03   0.69   0.92   0.03   0.25   0.01   0.69   0.91   0.95   0.69   0.01   0.99   0.94   0.20   1.00   0.99   0.99   0.99   0.92   0.69   0.99   0.91   0.99   0.99   1.00   0.95   0.99   0.91   0.99   0.99   0.99   0.52   0.99   0.56   0.99   

5.00   5.00   5.00   5.00   5.00   5.00   5.00   5.00   5.00   5.00   5.00   5.00   5.00   5.00   5.00   5.00   5.00   5.00   5.00   5.00   5.00   5.00   5.00   5.00   5.00   5.00   5.00   5.00   5.00   5.00   5.00   5.00   5.00   5.00   5.00   5.00   5.00   5.00   5.00   5.00   5.00   5.00   5.00   5.00   5.00   5.00   5.00   5.00   5.00   5.00   5.00   5.00   5.00   5.00   5.00   5.00   5.00   5.00   5.00   5.00   5.00   5.00   5.00   5.00   5.00   5.00   5.00   5.00   5.00   5.00   5.00   5.00   5.00   5.00   5.00   5.00   5.00   5.00   
0.25   0.12   0.72   0.72   0.01   0.12   0.12   0.12   0.01   0.97   0.24   0.72   0.59   0.59   0.01   0.01   0.01   0.72   0.12   0.11   0.25   0.12   0.07   0.07   0.98   0.12   0.12   0.01   0.01   0.25   0.59   0.90   0.98   0.25   0.25   0.24   0.98   0.98   0.72   0.98   0.25   0.01   0.76   0.11   0.88   0.59   0.49   0.12   0.27   0.42   0.25   0.11   0.88   0.27   0.90   0.98   0.98   0.98   0.90   0.98   0.98   0.72   0.97   0.98   0.25   0.98   0.76   0.59   0.98   0.90   0.59   0.59   0.90   0.98   0.01   0.90   0.27   0.90   
0.25   0.12   0.72   0.72   0.01   0.12   0.12   0.12   0.01   0.97   0.24   0.72   0.59   0.59   0.01   0.01   0.01   0.72   0.12   0.11   0.25   0.12   0.07   0.07   0.98   0.12   0.12   0.01   0.01   0.25   0.59   0.90   0.98   0.25   0.25   0.24   0.98   0.98   0.72   0.98   0.25   0.01   0.76   0.11   0.88   0.59   0.49   0.12   0.27   0.42   0.25   0.11   0.88   0.27   0.90   0.98   0.98   0.98   0.90   0.98   0.98   0.72   0.97   0.98   0.25   0.98   0.76   0.59   0.98   0.90   0.59   0.59   0.90   0.98   0.01   0.90   0.27   0.90   
0.06   0.50   0.50   0.92   0.50   0.20   0.50   0.71   0.50   0.82   0.50   0.64   0.62   0.50   0.36   0.50   0.50   0.59   0.48   0.50   0.11   0.50   0.50   0.50   0.50   0.50   0.50   0.50   0.50   0.50   0.50   0.50   0.50   0.50   0.78   0.50   0.50   0.50   0.76   0.50   0.50   0.50   0.50   0.50   0.50   0.50   0.50   0.28   0.04   0.50   0.50   0.98   0.50   0.12   0.50   0.16   0.05   0.50   0.50   0.50   0.47   0.50   0.50   0.68   0.50   0.50   0.50   0.50   0.26   0.50   0.50   0.88   0.50   0.50   0.61   0.50   0.73   0.50   
0.12   0.87   0.87   0.99   0.87   0.13   0.87   0.82   0.87   0.99   0.02   0.97   0.90   0.87   0.05   0.09   0.87   0.96   0.62   0.02   0.19   0.87   0.87   0.87   0.99   0.87   0.87   0.87   0.87   0.87   0.88   0.99   0.99   0.87   0.94   0.02   0.99   0.99   0.98   0.99   0.87   0.87   0.99   0.02   0.94   0.88   0.02   0.19   0.02   0.94   0.87   0.98   0.94   0.06   0.99   0.95   0.82   0.99   0.99   0.99   0.99   0.88   0.94   0.99   0.87   0.99   0.99   0.93   0.97   0.99   0.87   0.98   0.99   0.99   0.13   0.99   0.76   0.99   

5.00   5.00   5.00   5.00   5.00   5.00   5.00   5.00   5.00   5.00   5.00   5.00   5.00   5.00   5.00   5.00   5.00   5.00   5.00   5.00   5.00   5.00   5.00   5.00   5.00   5.00   5.00   5.00   5.00   5.00   5.00   5.00   5.00   5.00   5.00   5.00   5.00   5.00   5.00   5.00   5.00   5.00   5.00   5.00   5.00   5.00   5.00   5.00   5.00   5.00   5.00   5.00   5.00   5.00   5.00   5.00   5.00   5.00   5.00   5.00   5.00   5.00   5.00   5.00   5.00   5.00   5.00   5.00   5.00   5.00   5.00   5.00   5.00   5.00   5.00   5.00   5.00   5.00   
0.16   0.08   0.49   0.49   0.01   0.08   0.08   0.08   0.01   0.98   0.15   0.81   0.40   0.40   0.01   0.01   0.01   0.81   0.34   0.08   0.16   0.08   0.29   0.05   0.98   0.08   0.08   0.01   0.01   0.16   0.71   0.92   0.98   0.16   0.16   0.15   0.98   0.98   0.81   0.98   0.16   0.01   0.78   0.08   0.91   0.40   0.32   0.08   0.14   0.25   0.16   0.34   0.91   0.14   0.92   0.98   0.98   0.98   0.61   0.98   0.70   0.49   0.98   0.98   0.16   0.98   0.50   0.40   0.98   0.61   0.71   0.40   0.92   0.98   0.01   0.92   0.14   0.92   
0.16   0.08   0.49   0.49   0.01   0.08   0.08   0.08   0.01   0.98   0.15   0.81   0.40   0.40   0.01   0.01   0.01   0.81   0.34   0.08   0.16   0.08   0.29   0.05   0.98   0.08   0.08   0.01   0.01   0.16   0.71   0.92   0.98   0.16   0.16   0.15   0.98   0.98   0.81   0.98   0.16   0.01   0.78   0.08   0.91   0.40   0.32   0.08   0.14   0.25   0.16   0.34   0.91   0.14   0.92   0.98   0.98   0.98   0.61   0.98   0.70   0.49   0.98   0.98   0.16   0.98   0.50   0.40   0.98   0.61   0.71   0.40   0.92   0.98   0.01   0.92   0.14   0.92   
0.06   0.50   0.50   0.50   0.50   0.30   0.50   0.78   0.50   0.91   0.50   0.76   0.60   0.50   0.48   0.50   0.50   0.65   0.45   0.50   0.19   0.50   0.50   0.50   0.50   0.50   0.50   0.50   0.50   0.50   0.50   0.50   0.50   0.50   0.79   0.50   0.50   0.50   0.80   0.50   0.50   0.50   0.50   0.50   0.50   0.50   0.50   0.31   0.05   0.50   0.50   0.98   0.50   0.07   0.50   0.26   0.06   0.50   0.50   0.50   0.38   0.50   0.50   0.50   0.50   0.50   0.50   0.50   0.25   0.50   0.50   0.80   0.50   0.50   0.62   0.50   0.74   0.50   
0.09   0.88   0.88   0.95   0.88   0.18   0.88   0.83   0.88   1.00   0.02   0.99   0.86   0.88   0.07   0.09   0.88   0.98   0.73   0.02   0.26   0.88   0.88   0.88   0.99   0.88   0.88   0.88   0.88   0.88   0.89   0.99   0.99   0.88   0.93   0.02   0.99   0.99   0.99   0.99   0.88   0.88   0.99   0.02   0.92   0.89   0.02   0.19   0.01   0.92   0.88   0.99   0.92   0.02   0.99   0.98   0.88   0.99   0.99   0.99   0.93   0.89   0.92   0.99   0.88   0.99   0.99   0.94   0.98   0.99   0.88   0.94   0.99   0.99   0.12   0.99   0.65   0.99   

5.00   5.00   5.00   5.00   5.00   5.00   5.00   5.00   5.00   5.00   5.00   5.00   5.00   5.00   5.00   5.00   5.00   5.00   5.00   5.00   5.00   5.00   5.00   5.00   5.00   5.00   5.00   5.00   5.00   5.00   5.00   5.00   5.00   5.00   5.00   5.00   5.00   5.00   5.00   5.00   5.00   5.00   5.00   5.00   5.00   5.00   5.00   5.00   5.00   5.00   5.00   5.00   5.00   5.00   5.00   5.00   5.00   5.00   5.00   5.00   5.00   5.00   5.00   5.00   5.00   5.00   5.00   5.00   5.00   5.00   5.00   5.00   5.00   5.00   5.00   5.00   5.00   5.00   
0.16   0.07   0.57   0.49   0.01   0.07   0.07   0.07   0.01   0.99   0.15   0.78   0.40   0.40   0.01   0.01   0.01   0.78   0.35   0.07   0.16   0.07   0.32   0.11   0.99   0.07   0.07   0.01   0.01   0.16   0.68   0.89   0.97   0.16   0.16   0.15   0.97   0.97   0.85   0.97   0.22   0.01   0.87   0.07   0.94   0.47   0.42   0.07   0.17   0.27   0.22   0.35   0.89   0.17   0.89   0.99   0.97   0.99   0.67   0.97   0.70   0.49   0.96   0.97   0.16   0.99   0.54   0.40   0.97   0.60   0.68   0.40   0.89   0.97   0.01   0.89   0.22   0.89   
0.16   0.07   0.57   0.49   0.01   0.07   0.07   0.07   0.01   0.99   0.15   0.78   0.40   0.40   0.01   0.01   0.01   0.78   0.35   0.07   0.16   0.07   0.32   0.11   0.99   0.07   0.07   0.01   0.01   0.16   0.68   0.89   0.97   0.16   0.16   0.15   0.97   0.97   0.85   0.97   0.22   0.01   0.87   0.07   0.94   0.47   0.42   0.07   0.17   0.27   0.22   0.35   0.89   0.17   0.89   0.99   0.97   0.99   0.67   0.97   0.70   0.49   0.96   0.97   0.16   0.99   0.54   0.40   0.97   0.60   0.68   0.40   0.89   0.97   0.01   0.89   0.22   0.89   
0.08   0.50   0.50   0.50   0.50   0.39   0.50   0.88   0.50   0.50   0.50   0.91   0.69   0.50   0.55   0.50   0.50   0.84   0.62   0.50   0.20   0.50   0.50   0.50   0.50   0.50   0.50   0.50   0.50   0.50   0.50   0.50   0.50   0.50   0.85   0.50   0.50   0.50   0.88   0.50   0.50   0.50   0.50   0.50   0.50   0.50   0.50   0.29   0.05   0.50   0.50   1.00   0.50   0.09   0.50   0.36   0.07   0.50   0.50   0.50   0.54   0.50   0.50   0.50   0.50   0.50   0.50   0.50   0.35   0.50   0.50   0.92   0.50   0.50   0.70   0.50   0.83   0.50   
0.12   0.87   0.87   0.95   0.87   0.24   0.87   0.91   0.87   0.97   0.02   1.00   0.90   0.87   0.09   0.08   0.87   0.99   0.84   0.02   0.27   0.87   0.87   0.87   0.99   0.87   0.87   0.87   0.87   0.87   0.88   0.99   0.99   0.87   0.95   0.02   0.99   0.99   1.00   0.99   0.87   0.87   0.99   0.02   0.94   0.88   0.02   0.17   0.02   0.94   0.87   1.00   0.94   0.04   0.99   0.99   0.85   0.99   0.99   0.99   0.96   0.88   0.94   0.99   0.87   0.99   0.99   0.93   0.98   0.99   0.87   0.98   0.99   0.99   0.15   0.99   0.87   0.99   

5.00   5.00   5.00   5.00   5.00   5.00   5.00   5.00   5.00   5.00   5.00   5.00   5.00   5.00   5.00   5.00   5.00   5.00   5.00   5.00   5.00   5.00   5.00   5.00   5.00   5.00   5.00   5.00   5.00   5.00   5.00   5.00   5.00   5.00   5.00   5.00   5.00   5.00   5.00   5.00   5.00   5.00   5.00   5.00   5.00   5.00   5.00   5.00   5.00   5.00   5.00   5.00   5.00   5.00   5.00   5.00   5.00   5.00   5.00   5.00   5.00   5.00   5.00   5.00   5.00   5.00   5.00   5.00   5.00   5.00   5.00   5.00   5.00   5.00   5.00   5.00   5.00   5.00   
0.13   0.06   0.48   0.42   0.01   0.06   0.06   0.06   0.01   0.98   0.18   0.80   0.34   0.34   0.01   0.01   0.01   0.73   0.30   0.06   0.13   0.06   0.26   0.08   0.98   0.06   0.06   0.01   0.01   0.13   0.62   0.85   0.94   0.13   0.13   0.18   0.98   0.94   0.86   0.98   0.17   0.03   0.78   0.11   0.96   0.39   0.33   0.11   0.12   0.27   0.17   0.34   0.92   0.12   0.92   0.98   0.94   0.99   0.66   0.94   0.62   0.42   0.98   0.98   0.18   0.98   0.44   0.34   0.98   0.52   0.62   0.34   0.85   0.98   0.01   0.85   0.16   0.85   
0.13   0.06   0.48   0.42   0.01   0.06   0.06   0.06   0.01   0.98   0.18   0.80   0.34   0.34   0.01   0.01   0.01   0.73   0.30   0.06   0.13   0.06   0.26   0.08   0.98   0.06   0.06   0.01   0.01   0.13   0.62   0.85   0.94   0.13   0.13   0.18   0.98   0.94   0.86   0.98   0.17   0.03   0.78   0.11   0.96   0.39   0.33   0.11   0.12   0.27   0.17   0.34   0.92   0.12   0.92   0.98   0.94   0.99   0.66   0.94   0.62   0.42   0.98   0.98   0.18   0.98   0.44   0.34   0.98   0.52   0.62   0.34   0.85   0.98   0.01   0.85   0.16   0.85   
0.06   0.50   0.50   0.50   0.50   0.38   0.50   0.92   0.50   0.50   0.50   0.50   0.59   0.50   0.47   0.50   0.50   0.71   0.54   0.50   0.27   0.50   0.50   0.50   0.50   0.50   0.50   0.50   0.50   0.50   0.50   0.50   0.50   0.50   0.82   0.50   0.50   0.50   0.50   0.50   0.50   0.50   0.50   0.50   0.50   0.50   0.50   0.36   0.06   0.50   0.50   0.50   0.50   0.08   0.50   0.56   0.05   0.50   0.50   0.50   0.64   0.50   0.50   0.50   0.50   0.50   0.50   0.50   0.36   0.50   0.50   0.93   0.50   0.50   0.65   0.50   0.84   0.50   
0.07   0.89   0.89   0.95   0.89   0.19   0.89   0.92   0.89   0.95   0.02   0.95   0.80   0.89   0.06   0.08   0.89   0.98   0.71   0.02   0.28   0.89   0.89   0.89   0.99   0.89   0.89   0.89   0.89   0.89   0.89   0.99   0.99   0.89   0.91   0.02   0.99   0.99   0.98   0.99   0.89   0.89   0.99   0.02   0.87   0.89   0.02   0.24   0.01   0.87   0.89   0.37   0.87   0.01   0.99   0.99   0.38   0.99   0.99   0.99   0.96   0.89   0.87   0.99   0.89   0.99   0.99   0.93   0.99   0.99   0.89   0.97   0.99   0.99   0.12   0.99   0.77   0.99   

5.00   5.00   5.00   5.00   5.00   5.00   5.00   5.00   5.00   5.00   5.00   5.00   5.00   5.00   5.00   5.00   5.00   5.00   5.00   5.00   5.00   5.00   5.00   5.00   5.00   5.00   5.00   5.00   5.00   5.00   5.00   5.00   5.00   5.00   5.00   5.00   5.00   5.00   5.00   5.00   5.00   5.00   5.00   5.00   5.00   5.00   5.00   5.00   5.00   5.00   5.00   5.00   5.00   5.00   5.00   5.00   5.00   5.00   5.00   5.00   5.00   5.00   5.00   5.00   5.00   5.00   5.00   5.00   5.00   5.00   5.00   5.00   5.00   5.00   5.00   5.00   5.00   5.00   
0.15   0.08   0.53   0.47   0.01   0.08   0.08   0.08   0.01   0.98   0.21   0.78   0.35   0.38   0.01   0.01   0.01   0.76   0.31   0.08   0.15   0.08   0.29   0.09   0.98   0.05   0.05   0.01   0.01   0.15   0.66   0.87   0.95   0.15   0.15   0.18   0.96   0.92   0.84   0.98   0.17   0.04   0.82   0.14   0.96   0.44   0.38   0.13   0.13   0.31   0.20   0.39   0.93   0.16   0.93   0.98   0.95   0.99   0.71   0.95   0.67   0.47   0.98   0.98   0.18   0.98   0.50   0.38   0.98   0.58   0.66   0.38   0.87   0.98   0.01   0.87   0.17   0.87   
0.15   0.08   0.53   0.47   0.01   0.08   0.08   0.08   0.01   0.98   0.21   0.78   0.35   0.38   0.01   0.01   0.01   0.76   0.31   0.08   0.15   0.08   0.29   0.09   0.98   0.05   0.05   0.01   0.01   0.15   0.66   0.87   0.95   0.15   0.15   0.18   0.96   0.92   0.84   0.98   0.17   0.04   0.82   0.14   0.96   0.44   0.38   0.13   0.13   0.31   0.20   0.39   0.93   0.16   0.93   0.98   0.95   0.99   0.71   0.95   0.67   0.47   0.98   0.98   0.18   0.98   0.50   0.38   0.98   0.58   0.66   0.38   0.87   0.98   0.01   0.87   0.17   0.87   
0.10   0.50   0.50   0.50   0.50   0.46   0.50   0.97   0.50   0.50   0.50   0.50   0.60   0.50   0.60   0.50   0.50   0.80   0.54   0.50   0.19   0.50   0.50   0.50   0.50   0.50   0.50   0.50   0.50   0.50   0.50   0.50   0.50   0.50   0.90   0.50   0.50   0.50   0.50   0.50   0.50   0.50   0.50   0.50   0.50   0.50   0.50   0.33   0.10   0.50   0.50   0.50   0.50   0.13   0.50   0.50   0.08   0.50   0.50   0.50   0.72   0.50   0.50   0.50   0.50   0.50   0.50   0.50   0.62   0.50   0.50   0.91   0.50   0.50   0.78   0.50   0.95   0.50   
0.14   0.90   0.90   0.95   0.90   0.32   0.90   0.98   0.90   0.94   0.02   0.96   0.76   0.90   0.19   0.11   0.90   0.99   0.45   0.02   0.25   0.90   0.90   0.90   0.99   0.90   0.90   0.90   0.90   0.90   0.90   0.99   0.99   0.90   0.97   0.02   0.99   0.99   0.98   0.99   0.90   0.90   0.99   0.02   0.78   0.90   0.02   0.28   0.01   0.78   0.90   0.35   0.78   0.02   0.99   0.99   0.84   0.99   0.99   0.99   0.98   0.90   0.78   0.99   0.90   0.99   0.99   0.94   1.00   0.99   0.90   0.97   0.99   0.99   0.61   0.99   0.88   0.99   

5.00   5.00   5.00   5.00   5.00   5.00   5.00   5.00   5.00   5.00   5.00   5.00   5.00   5.00   5.00   5.00   5.00   5.00   5.00   5.00   5.00   5.00   5.00   5.00   5.00   5.00   5.00   5.00   5.00   5.00   5.00   5.00   5.00   5.00   5.00   5.00   5.00   5.00   5.00   5.00   5.00   5.00   5.00   5.00   5.00   5.00   5.00   5.00   5.00   5.00   5.00   5.00   5.00   5.00   5.00   5.00   5.00   5.00   5.00   5.00   5.00   5.00   5.00   5.00   5.00   5.00   5.00   5.00   5.00   5.00   5.00   5.00   5.00   5.00   5.00   5.00   5.00   5.00   
0.11   0.06   0.40   0.35   0.01   0.06   0.06   0.06   0.01   0.98   0.16   0.54   0.50   0.29   0.01   0.01   0.01   0.52   0.21   0.06   0.11   0.29   0.21   0.08   0.98   0.04   0.04   0.01   0.01   0.11   0.71   0.90   0.95   0.11   0.11   0.13   0.96   0.93   0.84   0.98   0.13   0.03   0.88   0.11   0.97   0.58   0.31   0.10   0.15   0.48   0.16   0.28   0.95   0.17   0.94   0.98   0.95   0.99   0.81   0.95   0.78   0.59   0.98   0.98   0.13   0.98   0.65   0.29   0.98   0.71   0.71   0.29   0.63   0.98   0.01   0.90   0.38   0.90   
0.11   0.06   0.40   0.35   0.01   0.06   0.06   0.06   0.01   0.98   0.16   0.54   0.50   0.29   0.01   0.01   0.01   0.52   0.21   0.06   0.11   0.29   0.21   0.08   0.98   0.04   0.04   0.01   0.01   0.11   0.71   0.90   0.95   0.11   0.11   0.13   0.96   0.93   0.84   0.98   0.13   0.03   0.88   0.11   0.97   0.58   0.31   0.10   0.15   0.48   0.16   0.28   0.95   0.17   0.94   0.98   0.95   0.99   0.81   0.95   0.78   0.59   0.98   0.98   0.13   0.98   0.65   0.29   0.98   0.71   0.71   0.29   0.63   0.98   0.01   0.90   0.38   0.90   
0.14   0.50   0.50   0.50   0.50   0.43   0.50   0.97   0.50   0.50   0.50   0.50   0.61   0.50   0.59   0.50   0.50   0.81   0.48   0.50   0.27   0.50   0.50   0.50   0.50   0.50   0.50   0.50   0.50   0.50   0.50   0.50   0.50   0.50   0.89   0.50   0.50   0.50   0.50   0.50   0.50   0.50   0.50   0.50   0.50   0.50   0.50   0.31   0.11   0.50   0.50   0.50   0.50   0.15   0.50   0.50   0.05   0.50   0.50   0.50   0.79   0.50   0.50   0.50   0.50   0.50   0.50   0.50   0.50   0.50   0.50   0.89   0.50   0.50   0.79   0.50   0.95   0.50   
0.14   0.87   0.87   0.94   0.87   0.23   0.87   0.97   0.87   0.95   0.02   0.95   0.84   0.87   0.12   0.08   0.87   0.98   0.35   0.02   0.28   0.87   0.87   0.87   0.99   0.87   0.87   0.87   0.87   0.87   0.88   0.99   0.99   0.87   0.94   0.02   0.99   0.99   0.97   0.99   0.87   0.87   0.99   0.02   0.89   0.88   0.02   0.20   0.02   0.89   0.87   0.34   0.89   0.04   0.99   0.99   0.48   0.99   0.99   0.99   0.99   0.88   0.89   0.99   0.87   0.99   0.99   0.93   0.99   0.99   0.87   0.95   0.99   0.99   0.57   0.99   0.96   0.99   

5.00   5.00   5.00   5.00   5.00   5.00   5.00   5.00   5.00   5.00   5.00   5.00   5.00   5.00   5.00   5.00   5.00   5.00   5.00   5.00   5.00   5.00   5.00   5.00   5.00   5.00   5.00   5.00   5.00   5.00   5.00   5.00   5.00   5.00   5.00   5.00   5.00   5.00   5.00   5.00   5.00   5.00   5.00   5.00   5.00   5.00   5.00   5.00   5.00   5.00   5.00   5.00   5.00   5.00   5.00   5.00   5.00   5.00   5.00   5.00   5.00   5.00   5.00   5.00   5.00   5.00   5.00   5.00   5.00   5.00   5.00   5.00   5.00   5.00   5.00   5.00   5.00   5.00   
0.11   0.06   0.39   0.34   0.01   0.04   0.06   0.06   0.01   0.98   0.16   0.52   0.48   0.25   0.01   0.01   0.01   0.50   0.17   0.07   0.11   0.25   0.17   0.08   0.98   0.04   0.04   0.00   0.00   0.11   0.70   0.90   0.96   0.11   0.08   0.13   0.96   0.93   0.83   0.98   0.13   0.02   0.88   0.11   0.98   0.57   0.30   0.07   0.14   0.47   0.16   0.27   0.95   0.16   0.94   0.98   0.91   0.99   0.75   0.96   0.77   0.58   0.98   0.98   0.09   0.98   0.64   0.28   0.98   0.70   0.70   0.28   0.61   0.98   0.01   0.90   0.36   0.85   
0.11   0.06   0.39   0.34   0.01   0.04   0.06   0.06   0.01   0.98   0.16   0.52   0.48   0.25   0.01   0.01   0.01   0.50   0.17   0.07   0.11   0.25   0.17   0.08   0.98   0.04   0.04   0.00   0.00   0.11   0.70   0.90   0.96   0.11   0.08   0.13   0.96   0.93   0.83   0.98   0.13   0.02   0.88   0.11   0.98   0.57   0.30   0.07   0.14   0.47   0.16   0.27   0.95   0.16   0.94   0.98   0.91   0.99   0.75   0.96   0.77   0.58   0.98   0.98   0.09   0.98   0.64   0.28   0.98   0.70   0.70   0.28   0.61   0.98   0.01   0.90   0.36   0.85   
0.11   0.50   0.50   0.50   0.50   0.37   0.50   0.97   0.50   0.50   0.50   0.50   0.54   0.50   0.52   0.50   0.50   0.77   0.41   0.50   0.22   0.50   0.50   0.50   0.50   0.50   0.50   0.50   0.50   0.50   0.50   0.50   0.50   0.50   0.86   0.50   0.50   0.50   0.50   0.50   0.50   0.50   0.50   0.50   0.50   0.50   0.50   0.25   0.09   0.50   0.50   0.50   0.50   0.12   0.50   0.50   0.04   0.50   0.50   0.50   0.74   0.50   0.50   0.50   0.50   0.50   0.50   0.50   0.50   0.50   0.50   0.86   0.50   0.50   0.75   0.50   0.94   0.50   
0.10   0.88   0.88   0.94   0.88   0.21   0.88   0.96   0.88   0.95   0.02   0.95   0.78   0.88   0.10   0.09   0.88   0.97   0.32   0.02   0.22   0.88   0.88   0.88   0.99   0.88   0.88   0.88   0.88   0.88   0.89   0.99   0.99   0.88   0.93   0.02   0.99   0.99   0.98   0.99   0.88   0.88   0.99   0.02   0.85   0.89   0.02   0.18   0.01   0.85   0.88   0.34   0.85   0.02   0.99   0.99   0.42   0.99   0.99   0.99   0.98   0.89   0.85   0.99   0.88   0.99   0.99   0.93   0.99   0.99   0.88   0.94   0.99   0.99   0.54   0.99   0.93   0.99   

5.00   5.00   5.00   5.00   5.00   5.00   5.00   5.00   5.00   5.00   5.00   5.00   5.00   5.00   5.00   5.00   5.00   5.00   5.00   5.00   5.00   5.00   5.00   5.00   5.00   5.00   5.00   5.00   5.00   5.00   5.00   5.00   5.00   5.00   5.00   5.00   5.00   5.00   5.00   5.00   5.00   5.00   5.00   5.00   5.00   5.00   5.00   5.00   5.00   5.00   5.00   5.00   5.00   5.00   5.00   5.00   5.00   5.00   5.00   5.00   5.00   5.00   5.00   5.00   5.00   5.00   5.00   5.00   5.00   5.00   5.00   5.00   5.00   5.00   5.00   5.00   5.00   5.00   
0.11   0.06   0.37   0.32   0.01   0.03   0.06   0.06   0.01   0.97   0.15   0.51   0.47   0.24   0.01   0.01   0.01   0.49   0.17   0.06   0.14   0.24   0.16   0.11   0.99   0.04   0.04   0.01   0.01   0.11   0.73   0.88   0.97   0.11   0.07   0.16   0.98   0.91   0.86   0.97   0.13   0.02   0.86   0.10   0.98   0.60   0.29   0.10   0.17   0.46   0.19   0.30   0.93   0.16   0.96   0.97   0.93   0.99   0.74   0.94   0.79   0.56   0.97   0.97   0.13   0.97   0.62   0.27   0.97   0.68   0.68   0.27   0.60   0.99   0.01   0.92   0.36   0.83   
0.11   0.06   0.37   0.32   0.01   0.03   0.06   0.06   0.01   0.97   0.15   0.51   0.47   0.24   0.01   0.01   0.01   0.49   0.17   0.06   0.14   0.24   0.16   0.11   0.99   0.04   0.04   0.01   0.01   0.11   0.73   0.88   0.97   0.11   0.07   0.16   0.98   0.91   0.86   0.97   0.13   0.02   0.86   0.10   0.98   0.60   0.29   0.10   0.17   0.46   0.19   0.30   0.93   0.16   0.96   0.97   0.93   0.99   0.74   0.94   0.79   0.56   0.97   0.97   0.13   0.97   0.62   0.27   0.97   0.68   0.68   0.27   0.60   0.99   0.01   0.92   0.36   0.83   
0.08   0.50   0.50   0.50   0.50   0.32   0.50   0.97   0.50   0.50   0.50   0.50   0.50   0.50   0.48   0.50   0.50   0.75   0.37   0.50   0.18   0.50   0.50   0.50   0.50   0.50   0.50   0.50   0.50   0.50   0.50   0.50   0.50   0.50   0.85   0.50   0.50   0.50   0.50   0.50   0.50   0.50   0.50   0.50   0.50   0.50   0.50   0.21   0.06   0.50   0.50   0.50   0.50   0.09   0.50   0.50   0.03   0.50   0.50   0.50   0.71   0.50   0.50   0.50   0.50   0.50   0.50   0.50   0.50   0.50   0.50   0.85   0.50   0.50   0.72   0.50   0.94   0.50   
0.05   0.86   0.86   0.93   0.86   0.11   0.86   0.94   0.86   0.96   0.02   0.93   0.50   0.86   0.05   0.06   0.86   0.94   0.18   0.02   0.18   0.86   0.86   0.86   0.99   0.86   0.86   0.86   0.86   0.86   0.87   0.99   0.99   0.86   0.89   0.02   0.99   0.99   0.97   0.99   0.86   0.86   0.99   0.02   0.91   0.87   0.01   0.15   0.01   0.91   0.86   0.28   0.91   0.01   0.99   0.99   0.33   0.99   0.99   0.99   0.98   0.87   0.91   0.99   0.86   0.99   0.99   0.91   0.99   0.99   0.86   0.89   0.99   0.99   0.15   0.99   0.91   0.99   

5.00   5.00   5.00   5.00   5.00   5.00   5.00   5.00   5.00   5.00   5.00   5.00   5.00   5.00   5.00   5.00   5.00   5.00   5.00   5.00   5.00   5.00   5.00   5.00   5.00   5.00   5.00   5.00   5.00   5.00   5.00   5.00   5.00   5.00   5.00   5.00   5.00   5.00   5.00   5.00   5.00   5.00   5.00   5.00   5.00   5.00   5.00   5.00   5.00   5.00   5.00   5.00   5.00   5.00   5.00   5.00   5.00   5.00   5.00   5.00   5.00   5.00   5.00   5.00   5.00   5.00   5.00   5.00   5.00   5.00   5.00   5.00   5.00   5.00   5.00   5.00   5.00   5.00   
0.13   0.08   0.33   0.34   0.03   0.02   0.08   0.04   0.01   0.98   0.11   0.52   0.50   0.20   0.01   0.03   0.03   0.51   0.18   0.08   0.16   0.27   0.19   0.09   0.99   0.02   0.02   0.00   0.00   0.08   0.67   0.90   0.97   0.08   0.05   0.12   0.98   0.84   0.86   0.98   0.09   0.01   0.90   0.07   0.94   0.62   0.32   0.12   0.20   0.49   0.21   0.31   0.94   0.19   0.96   0.98   0.94   0.99   0.76   0.95   0.81   0.59   0.98   0.98   0.09   0.98   0.67   0.29   0.98   0.71   0.71   0.29   0.55   0.99   0.01   0.93   0.40   0.76   
0.13   0.08   0.33   0.34   0.03   0.02   0.08   0.04   0.01   0.98   0.11   0.52   0.50   0.20   0.01   0.03   0.03   0.51   0.18   0.08   0.16   0.27   0.19   0.09   0.99   0.02   0.02   0.00   0.00   0.08   0.67   0.90   0.97   0.08   0.05   0.12   0.98   0.84   0.86   0.98   0.09   0.01   0.90   0.07   0.94   0.62   0.32   0.12   0.20   0.49   0.21   0.31   0.94   0.19   0.96   0.98   0.94   0.99   0.76   0.95   0.81   0.59   0.98   0.98   0.09   0.98   0.67   0.29   0.98   0.71   0.71   0.29   0.55   0.99   0.01   0.93   0.40   0.76   
0.10   0.50   0.50   0.50   0.50   0.37   0.50   0.97   0.50   0.50   0.50   0.50   0.55   0.50   0.53   0.50   0.50   0.78   0.42   0.50   0.22   0.50   0.50   0.50   0.50   0.50   0.50   0.50   0.50   0.50   0.50   0.50   0.50   0.50   0.87   0.50   0.50   0.50   0.50   0.50   0.50   0.50   0.50   0.50   0.50   0.50   0.50   0.25   0.08   0.50   0.50   0.50   0.50   0.12   0.50   0.50   0.04   0.50   0.50   0.50   0.75   0.50   0.50   0.50   0.50   0.50   0.50   0.50   0.50   0.50   0.50   0.87   0.50   0.50   0.76   0.50   0.94   0.50   
0.09   0.84   0.84   0.92   0.84   0.06   0.84   0.94   0.84   0.98   0.02   0.93   0.84   0.84   0.03   0.04   0.84   0.96   0.29   0.02   0.28   0.84   0.84   0.84   0.99   0.84   0.84   0.84   0.84   0.84   0.86   0.99   0.99   0.84   0.88   0.02   0.99   0.99   0.96   0.99   0.84   0.84   0.99   0.02   0.96   0.86   0.01   0.22   0.08   0.96   0.84   0.31   0.96   0.08   0.99   0.99   0.46   0.99   0.99   0.99   0.99   0.86   0.96   0.99   0.84   0.99   0.99   0.91   0.99   0.99   0.84   0.94   0.99   0.99   0.06   0.99   0.98   0.99   

5.00   5.00   5.00   5.00   5.00   5.00   5.00   5.00   5.00   5.00   5.00   5.00   5.00   5.00   5.00   5.00   5.00   5.00   5.00   5.00   5.00   5.00   5.00   5.00   5.00   5.00   5.00   5.00   5.00   5.00   5.00   5.00   5.00   5.00   5.00   5.00   5.00   5.00   5.00   5.00   5.00   5.00   5.00   5.00   5.00   5.00   5.00   5.00   5.00   5.00   5.00   5.00   5.00   5.00   5.00   5.00   5.00   5.00   5.00   5.00   5.00   5.00   5.00   5.00   5.00   5.00   5.00   5.00   5.00   5.00   5.00   5.00   5.00   5.00   5.00   5.00   5.00   5.00   
0.11   0.07   0.31   0.33   0.03   0.02   0.07   0.03   0.01   0.98   0.09   0.51   0.48   0.20   0.01   0.03   0.03   0.49   0.18   0.07   0.14   0.25   0.18   0.07   0.90   0.02   0.02   0.00   0.00   0.06   0.83   0.95   0.98   0.06   0.04   0.10   0.98   0.92   0.92   0.98   0.08   0.01   0.95   0.06   0.85   0.59   0.29   0.10   0.18   0.46   0.18   0.29   0.96   0.17   0.98   0.88   0.97   0.99   0.87   0.97   0.75   0.56   0.88   0.88   0.08   0.98   0.82   0.28   0.98   0.67   0.67   0.28   0.74   0.99   0.01   0.96   0.37   0.89   
0.11   0.07   0.31   0.33   0.03   0.02   0.07   0.03   0.01   0.98   0.09   0.51   0.48   0.20   0.01   0.03   0.03   0.49   0.18   0.07   0.14   0.25   0.18   0.07   0.90   0.02   0.02   0.00   0.00   0.06   0.83   0.95   0.98   0.06   0.04   0.10   0.98   0.92   0.92   0.98   0.08   0.01   0.95   0.06   0.85   0.59   0.29   0.10   0.18   0.46   0.18   0.29   0.96   0.17   0.98   0.88   0.97   0.99   0.87   0.97   0.75   0.56   0.88   0.88   0.08   0.98   0.82   0.28   0.98   0.67   0.67   0.28   0.74   0.99   0.01   0.96   0.37   0.89   
0.07   0.50   0.50   0.50   0.50   0.27   0.50   0.95   0.50   0.50   0.50   0.50   0.43   0.50   0.41   0.50   0.50   0.69   0.31   0.50   0.15   0.50   0.50   0.50   0.50   0.50   0.50   0.50   0.50   0.50   0.50   0.50   0.50   0.50   0.81   0.50   0.50   0.50   0.50   0.50   0.50   0.50   0.50   0.50   0.50   0.50   0.50   0.17   0.06   0.50   0.50   0.50   0.50   0.08   0.50   0.50   0.02   0.50   0.50   0.50   0.65   0.50   0.50   0.50   0.50   0.50   0.50   0.50   0.50   0.50   0.50   0.81   0.50   0.50   0.66   0.50   0.91   0.50   
0.05   0.84   0.84   0.92   0.84   0.04   0.84   0.90   0.84   0.97   0.02   0.93   0.72   0.84   0.02   0.04   0.84   0.93   0.19   0.02   0.17   0.84   0.84   0.84   0.99   0.84   0.84   0.84   0.84   0.84   0.86   0.99   0.99   0.84   0.81   0.02   0.99   0.99   0.96   0.99   0.84   0.84   0.99   0.02   0.96   0.86   0.01   0.14   0.04   0.96   0.84   0.30   0.96   0.04   0.99   0.99   0.46   0.99   0.99   0.99   0.98   0.86   0.96   0.99   0.84   0.99   0.99   0.90   0.99   0.99   0.84   0.89   0.99   0.99   0.04   0.99   0.96   0.99   

5.00   5.00   5.00   5.00   5.00   5.00   5.00   5.00   5.00   5.00   5.00   5.00   5.00   5.00   5.00   5.00   5.00   5.00   5.00   5.00   5.00   5.00   5.00   5.00   5.00   5.00   5.00   5.00   5.00   5.00   5.00   5.00   5.00   5.00   5.00   5.00   5.00   5.00   5.00   5.00   5.00   5.00   5.00   5.00   5.00   5.00   5.00   5.00   5.00   5.00   5.00   5.00   5.00   5.00   5.00   5.00   5.00   5.00   5.00   5.00   5.00   5.00   5.00   5.00   5.00   5.00   5.00   5.00   5.00   5.00   5.00   5.00   5.00   5.00   5.00   5.00   5.00   5.00   
0.10   0.07   0.30   0.31   0.03   0.01   0.07   0.03   0.01   0.98   0.09   0.49   0.46   0.19   0.01   0.02   0.02   0.48   0.17   0.06   0.13   0.24   0.17   0.07   0.90   0.02   0.02   0.00   0.00   0.06   0.82   0.95   0.98   0.06   0.04   0.10   0.98   0.92   0.92   0.98   0.08   0.01   0.95   0.05   0.84   0.58   0.28   0.10   0.17   0.44   0.18   0.28   0.96   0.16   0.98   0.87   0.97   0.99   0.87   0.97   0.74   0.54   0.87   0.87   0.07   0.98   0.81   0.27   0.98   0.66   0.66   0.27   0.73   0.99   0.01   0.96   0.36   0.88   
0.10   0.07   0.30   0.31   0.03   0.01   0.07   0.03   0.01   0.98   0.09   0.49   0.46   0.19   0.01   0.02   0.02   0.48   0.17   0.06   0.13   0.24   0.17   0.07   0.90   0.02   0.02   0.00   0.00   0.06   0.82   0.95   0.98   0.06   0.04   0.10   0.98   0.92   0.92   0.98   0.08   0.01   0.95   0.05   0.84   0.58   0.28   0.10   0.17   0.44   0.18   0.28   0.96   0.16   0.98   0.87   0.97   0.99   0.87   0.97   0.74   0.54   0.87   0.87   0.07   0.98   0.81   0.27   0.98   0.66   0.66   0.27   0.73   0.99   0.01   0.96   0.36   0.88   
0.11   0.50   0.50   0.50   0.50   0.38   0.50   0.97   0.50   0.50   0.50   0.50   0.56   0.50   0.54   0.50   0.50   0.78   0.43   0.50   0.23   0.50   0.50   0.50   0.50   0.50   0.50   0.50   0.50   0.50   0.50   0.50   0.50   0.50   0.87   0.50   0.50   0.50   0.50   0.50   0.50   0.50   0.50   0.50   0.50   0.50   0.50   0.26   0.09   0.50   0.50   0.50   0.50   0.13   0.50   0.50   0.04   0.50   0.50   0.50   0.75   0.50   0.50   0.50   0.50   0.50   0.50   0.50   0.50   0.50   0.50   0.87   0.50   0.50   0.76   0.50   0.94   0.50   
0.10   0.85   0.85   0.93   0.85   0.08   0.85   0.94   0.85   0.98   0.02   0.94   0.84   0.85   0.03   0.04   0.85   0.96   0.37   0.02   0.30   0.85   0.85   0.85   0.99   0.85   0.85   0.85   0.85   0.85   0.86   0.99   0.99   0.85   0.89   0.02   0.99   0.99   0.96   0.99   0.85   0.85   0.99   0.02   0.96   0.86   0.01   0.24   0.08   0.96   0.85   0.33   0.96   0.08   0.99   0.99   0.88   0.99   0.99   0.99   0.99   0.86   0.96   0.99   0.85   0.99   0.99   0.91   0.99   0.99   0.85   0.95   0.99   0.99   0.07   0.99   0.97   0.99   

5.00   5.00   5.00   5.00   5.00   5.00   5.00   5.00   5.00   5.00   5.00   5.00   5.00   5.00   5.00   5.00   5.00   5.00   5.00   5.00   5.00   5.00   5.00   5.00   5.00   5.00   5.00   5.00   5.00   5.00   5.00   5.00   5.00   5.00   5.00   5.00   5.00   5.00   5.00   5.00   5.00   5.00   5.00   5.00   5.00   5.00   5.00   5.00   5.00   5.00   5.00   5.00   5.00   5.00   5.00   5.00   5.00   5.00   5.00   5.00   5.00   5.00   5.00   5.00   5.00   5.00   5.00   5.00   5.00   5.00   5.00   5.00   5.00   5.00   5.00   5.00   5.00   5.00   
0.10   0.06   0.28   0.30   0.03   0.01   0.06   0.03   0.01   0.95   0.08   0.47   0.46   0.18   0.01   0.02   0.02   0.45   0.16   0.06   0.13   0.25   0.15   0.06   0.92   0.02   0.02   0.00   0.00   0.06   0.88   0.97   0.99   0.05   0.03   0.09   0.99   0.95   0.89   0.99   0.07   0.01   0.91   0.05   0.81   0.70   0.26   0.10   0.17   0.58   0.17   0.27   0.93   0.16   0.99   0.83   0.93   0.99   0.91   0.94   0.72   0.67   0.83   0.84   0.07   0.95   0.88   0.26   0.95   0.76   0.75   0.26   0.72   0.99   0.01   0.98   0.36   0.93   
0.10   0.06   0.28   0.30   0.03   0.01   0.06   0.03   0.01   0.95   0.08   0.47   0.46   0.18   0.01   0.02   0.02   0.45   0.16   0.06   0.13   0.25   0.15   0.06   0.92   0.02   0.02   0.00   0.00   0.06   0.88   0.97   0.99   0.05   0.03   0.09   0.99   0.95   0.89   0.99   0.07   0.01   0.91   0.05   0.81   0.70   0.26   0.10   0.17   0.58   0.17   0.27   0.93   0.16   0.99   0.83   0.93   0.99   0.91   0.94   0.72   0.67   0.83   0.84   0.07   0.95   0.88   0.26   0.95   0.76   0.75   0.26   0.72   0.99   0.01   0.98   0.36   0.93   
0.11   0.50   0.50   0.50   0.50   0.38   0.50   0.97   0.50   0.50   0.50   0.50   0.57   0.50   0.55   0.50   0.50   0.79   0.43   0.50   0.23   0.50   0.50   0.50   0.50   0.50   0.50   0.50   0.50   0.50   0.50   0.50   0.50   0.50   0.88   0.50   0.50   0.50   0.50   0.50   0.50   0.50   0.50   0.50   0.50   0.50   0.50   0.26   0.09   0.50   0.50   0.50   0.50   0.12   0.50   0.50   0.04   0.50   0.50   0.50   0.76   0.50   0.50   0.50   0.50   0.50   0.50   0.50   0.50   0.50   0.50   0.88   0.50   0.50   0.77   0.50   0.95   0.50   
0.09   0.85   0.85   0.93   0.85   0.08   0.85   0.94   0.85   0.98   0.02   0.94   0.84   0.85   0.03   0.04   0.85   0.96   0.37   0.02   0.29   0.85   0.85   0.85   0.99   0.85   0.85   0.85   0.85   0.85   0.86   0.99   0.99   0.85   0.90   0.02   0.99   0.99   0.96   0.99   0.85   0.85   0.99   0.02   0.96   0.86   0.01   0.23   0.07   0.96   0.85   0.33   0.96   0.07   0.99   0.99   0.86   0.99   0.99   0.99   0.99   0.86   0.96   0.99   0.85   0.99   0.99   0.91   0.99   0.99   0.85   0.95   0.99   0.99   0.08   0.99   0.98   0.99   

0.80   0.52   0.29   0.54   0.81   0.53   0.88   0.46   0.50   0.46   0.21   0.13   0.51   0.74   0.65   0.92   0.65   0.20   0.75   0.60   0.26   0.29   0.52   0.42   0.26   0.30   0.77   0.50   0.50   0.10   0.34   0.32   0.36   0.20   0.68   0.79   0.57   0.14   0.01   0.00   0.40   0.73   0.01   0.36   0.39   0.36   0.61   0.81   0.82   0.26   0.32   0.12   0.70   0.57   0.21   0.35   0.23   0.50   0.06   0.34   0.06   0.04   0.15   0.08   0.27   0.39   0.53   0.52   0.07   0.62   0.26   0.24   0.20   0.50   0.50   0.51   0.61   0.21   
0.10   0.03   0.03   0.09   0.07   0.01   0.12   0.02   0.00   0.79   0.01   0.03   0.16   0.15   0.01   0.09   0.03   0.04   0.15   0.04   0.02   0.03   0.06   0.02   0.50   0.00   0.02   0.00   0.00   0.00   0.29   0.79   0.95   0.00   0.02   0.12   0.98   0.20   0.01   0.02   0.01   0.02   0.01   0.01   0.28   0.17   0.09   0.16   0.18   0.08   0.03   0.01   0.82   0.05   0.89   0.28   0.55   0.99   0.06   0.66   0.03   0.01   0.11   0.06   0.01   0.76   0.61   0.07   0.13   0.50   0.11   0.02   0.09   0.99   0.00   0.94   0.14   0.19   
0.07   0.08   0.23   0.25   0.04   0.03   0.04   0.04   0.01   0.95   0.10   0.48   0.47   0.18   0.02   0.01   0.04   0.46   0.18   0.07   0.15   0.26   0.17   0.08   0.92   0.01   0.01   0.00   0.00   0.08   0.88   0.97   0.99   0.04   0.02   0.11   0.99   0.95   0.90   0.99   0.05   0.02   0.92   0.03   0.81   0.71   0.21   0.12   0.13   0.58   0.19   0.29   0.90   0.12   0.99   0.84   0.94   0.99   0.91   0.94   0.73   0.67   0.84   0.84   0.09   0.95   0.87   0.21   0.95   0.71   0.71   0.22   0.72   0.99   0.01   0.98   0.32   0.89   
0.11   0.50   0.50   0.50   0.50   0.39   0.50   0.97   0.50   0.50   0.50   0.50   0.57   0.50   0.55   0.50   0.50   0.80   0.44   0.50   0.23   0.50   0.50   0.50   0.50   0.50   0.50   0.50   0.50   0.50   0.50   0.50   0.50   0.50   0.88   0.50   0.50   0.50   0.50   0.50   0.50   0.50   0.50   0.50   0.50   0.50   0.50   0.26   0.09   0.50   0.50   0.50   0.50   0.12   0.50   0.50   0.04   0.50   0.50   0.50   0.77   0.50   0.50   0.50   0.50   0.50   0.50   0.50   0.50   0.50   0.50   0.88   0.50   0.50   0.78   0.50   0.95   0.50   
0.07   0.88   0.88   0.94   0.88   0.18   0.88   0.96   0.88   0.96   0.02   0.95   0.80   0.88   0.11   0.07   0.88   0.97   0.39   0.02   0.28   0.88   0.88   0.88   0.99   0.88   0.88   0.88   0.88   0.88   0.88   0.99   0.99   0.88   0.89   0.02   0.99   0.99   0.97   0.99   0.88   0.88   0.99   0.02   0.90   0.88   0.02   0.26   0.02   0.90   0.88   0.32   0.90   0.02   0.99   0.99   0.89   0.99   0.99   0.99   0.99   0.88   0.90   0.99   0.88   0.99   0.99   0.92   0.99   0.99   0.88   0.93   0.99   0.99   0.14   0.99   0.92   0.99   

0.43   0.21   0.18   0.24   0.37   0.29   0.60   0.40   0.50   0.23   0.27   0.16   0.20   0.35   0.34   0.52   0.33   0.12   0.36   0.41   0.18   0.17   0.35   0.34   0.26   0.50   0.42   0.50   0.50   0.50   0.16   0.23   0.19   0.50   0.31   0.46   0.26   0.11   0.05   0.03   0.37   0.48   0.04   0.40   0.20   0.30   0.38   0.38   0.39   0.21   0.36   0.10   0.34   0.23   0.14   0.31   0.14   0.50   0.07   0.19   0.13   0.07   0.14   0.11   0.43   0.16   0.26   0.24   0.11   0.38   0.13   0.19   0.13   0.50   0.50   0.18   0.25   0.16   
0.01   0.01   0.01   0.01   0.01   0.00   0.02   0.01   0.00   0.14   0.01   0.02   0.02   0.02   0.01   0.01   0.01   0.01   0.02   0.01   0.01   0.01   0.02   0.01   0.15   0.00   0.00   0.00   0.00   0.02   0.08   0.18   0.83   0.01   0.00   0.02   0.93   0.10   0.02   0.06   0.01   0.01   0.03   0.01   0.06   0.07   0.03   0.02   0.02   0.03   0.02   0.01   0.21   0.01   0.75   0.11   0.11   0.99   0.03   0.11   0.03   0.01   0.06   0.03   0.02   0.14   0.10   0.01   0.07   0.12   0.02   0.01   0.03   0.98   0.00   0.65   0.02   0.09   
0.06   0.07   0.21   0.22   0.04   0.02   0.04   0.04   0.01   0.92   0.08   0.42   0.42   0.17   0.07   0.01   0.03   0.41   0.16   0.06   0.13   0.31   0.15   0.07   0.89   0.01   0.01   0.00   0.00   0.07   0.88   0.94   0.99   0.03   0.02   0.09   0.99   0.95   0.85   0.99   0.04   0.02   0.93   0.03   0.76   0.65   0.27   0.10   0.13   0.53   0.16   0.25   0.91   0.19   0.99   0.79   0.95   0.99   0.88   0.91   0.75   0.61   0.85   0.79   0.08   0.96   0.84   0.19   0.92   0.73   0.65   0.28   0.67   0.99   0.01   0.98   0.30   0.91   
0.09   0.50   0.50   0.50   0.50   0.32   0.50   0.96   0.50   0.50   0.50   0.50   0.49   0.50   0.47   0.50   0.50   0.72   0.36   0.50   0.19   0.50   0.50   0.50   0.50   0.50   0.50   0.50   0.50   0.50   0.50   0.50   0.50   0.50   0.83   0.50   0.50   0.50   0.50   0.50   0.50   0.50   0.50   0.50   0.50   0.50   0.50   0.21   0.07   0.50   0.50   0.50   0.50   0.10   0.50   0.50   0.03   0.50   0.50   0.50   0.69   0.50   0.50   0.50   0.50   0.50   0.50   0.50   0.50   0.50   0.50   0.83   0.50   0.50   0.70   0.50   0.92   0.50   
0.04   0.88   0.88   0.94   0.88   0.13   0.88   0.93   0.88   0.94   0.02   0.95   0.49   0.88   0.10   0.07   0.88   0.94   0.25   0.02   0.20   0.88   0.88   0.88   0.99   0.88   0.88   0.88   0.88   0.88   0.88   0.99   0.99   0.88   0.81   0.02   0.99   0.99   0.97   0.99   0.88   0.88   0.99   0.02   0.86   0.88   0.02   0.18   0.01   0.86   0.88   0.28   0.86   0.01   0.99   0.99   0.89   0.99   0.99   0.99   0.98   0.88   0.86   0.99   0.88   0.99   0.99   0.92   0.99   0.99   0.88   0.87   0.99   0.99   0.14   0.99   0.80   0.99   

0.18   0.50   0.10   0.14   0.16   0.50   0.21   0.18   0.50   0.14   0.12   0.10   0.11   0.16   0.15   0.50   0.50   0.10   0.15   0.13   0.50   0.10   0.14   0.13   0.11   0.50   0.50   0.50   0.50   0.50   0.10   0.12   0.11   0.50   0.50   0.15   0.11   0.07   0.06   0.04   0.13   0.50   0.06   0.50   0.12   0.15   0.15   0.18   0.17   0.11   0.14   0.50   0.18   0.11   0.08   0.13   0.09   0.50   0.06   0.10   0.09   0.06   0.10   0.09   0.15   0.12   0.13   0.12   0.07   0.12   0.11   0.10   0.09   0.50   0.50   0.12   0.14   0.09   
0.00   0.02   0.00   0.01   0.00   0.01   0.00   0.00   0.00   0.07   0.00   0.01   0.01   0.01   0.00   0.00   0.01   0.01   0.01   0.00   0.03   0.01   0.01   0.00   0.05   0.00   0.00   0.00   0.00   0.02   0.04   0.08   0.69   0.01   0.01   0.00   0.84   0.05   0.02   0.09   0.00   0.01   0.03   0.01   0.03   0.02   0.01   0.01   0.01   0.01   0.01   0.05   0.08   0.00   0.17   0.03   0.07   0.99   0.02   0.04   0.02   0.01   0.04   0.03   0.00   0.08   0.04   0.00   0.04   0.02   0.02   0.01   0.02   0.98   0.00   0.17   0.01   0.04   
0.06   0.06   0.21   0.22   0.04   0.03   0.03   0.04   0.01   0.92   0.09   0.42   0.40   0.16   0.07   0.01   0.03   0.39   0.15   0.06   0.13   0.29   0.15   0.08   0.89   0.01   0.01   0.00   0.00   0.07   0.87   0.94   0.99   0.04   0.02   0.09   0.99   0.95   0.85   0.99   0.04   0.02   0.92   0.03   0.76   0.63   0.26   0.10   0.12   0.51   0.17   0.24   0.90   0.17   0.99   0.77   0.95   0.99   0.87   0.90   0.73   0.59   0.84   0.79   0.09   0.95   0.82   0.18   0.92   0.71   0.63   0.26   0.66   0.99   0.01   0.98   0.27   0.89   
0.13   0.50   0.50   0.50   0.50   0.41   0.50   0.97   0.50   0.50   0.50   0.50   0.59   0.50   0.57   0.50   0.50   0.80   0.46   0.50   0.25   0.50   0.50   0.50   0.50   0.50   0.50   0.50   0.50   0.50   0.50   0.50   0.50   0.50   0.88   0.50   0.50   0.50   0.50   0.50   0.50   0.50   0.50   0.50   0.50   0.50   0.50   0.29   0.10   0.50   0.50   0.50   0.50   0.14   0.50   0.50   0.05   0.50   0.50   0.50   0.77   0.50   0.50   0.50   0.50   0.50   0.50   0.50   0.50   0.50   0.50   0.88   0.50   0.50   0.78   0.50   0.95   0.50   
0.08   0.89   0.89   0.94   0.89   0.25   0.89   0.96   0.89   0.94   0.02   0.95   0.76   0.89   0.19   0.08   0.89   0.96   0.37   0.02   0.32   0.89   0.89   0.89   0.99   0.89   0.89   0.89   0.89   0.89   0.89   0.99   0.99   0.89   0.90   0.02   0.99   0.99   0.98   0.99   0.89   0.89   0.99   0.02   0.84   0.89   0.02   0.26   0.01   0.84   0.89   0.31   0.84   0.02   0.99   0.99   0.94   0.99   0.99   0.99   0.98   0.89   0.84   0.99   0.89   0.99   0.99   0.93   0.99   0.99   0.89   0.92   0.99   0.99   0.21   0.99   0.87   0.99   

0.50   0.50   0.50   0.06   0.50   0.50   0.50   0.50   0.50   0.06   0.50   0.06   0.06   0.50   0.50   0.50   0.50   0.06   0.50   0.50   0.50   0.50   0.50   0.50   0.06   0.50   0.50   0.50   0.50   0.50   0.06   0.06   0.06   0.50   0.50   0.50   0.06   0.06   0.06   0.06   0.50   0.50   0.06   0.50   0.06   0.06   0.06   0.50   0.50   0.06   0.50   0.50   0.06   0.50   0.06   0.06   0.06   0.50   0.06   0.06   0.06   0.06   0.06   0.06   0.50   0.06   0.06   0.50   0.06   0.06   0.06   0.50   0.06   0.50   0.50   0.06   0.06   0.06   
0.02   0.02   0.04   0.00   0.01   0.01   0.01   0.02   0.00   0.02   0.02   0.00   0.00   0.03   0.02   0.01   0.01   0.01   0.03   0.02   0.03   0.05   0.03   0.02   0.03   0.00   0.00   0.00   0.00   0.02   0.02   0.04   0.12   0.01   0.01   0.02   0.14   0.04   0.02   0.13   0.01   0.01   0.03   0.01   0.02   0.01   0.00   0.02   0.02   0.01   0.04   0.05   0.02   0.03   0.12   0.01   0.04   0.99   0.02   0.02   0.01   0.01   0.02   0.02   0.02   0.04   0.02   0.03   0.03   0.01   0.01   0.04   0.01   0.97   0.00   0.08   0.00   0.02   
0.06   0.06   0.17   0.33   0.04   0.02   0.03   0.03   0.01   0.79   0.07   0.35   0.35   0.13   0.07   0.01   0.03   0.48   0.27   0.06   0.12   0.28   0.14   0.07   0.91   0.01   0.01   0.00   0.00   0.06   0.89   0.95   0.99   0.03   0.02   0.08   0.99   0.96   0.86   0.99   0.03   0.02   0.93   0.03   0.80   0.70   0.23   0.09   0.26   0.63   0.14   0.36   0.92   0.32   0.99   0.81   0.95   0.99   0.89   0.91   0.78   0.66   0.87   0.82   0.07   0.95   0.86   0.30   0.93   0.78   0.70   0.23   0.57   0.99   0.01   0.99   0.41   0.92   
0.16   0.50   0.50   0.50   0.50   0.46   0.50   0.98   0.50   0.50   0.50   0.50   0.64   0.50   0.62   0.50   0.50   0.83   0.51   0.50   0.30   0.50   0.50   0.50   0.50   0.50   0.50   0.50   0.50   0.50   0.50   0.50   0.50   0.50   0.90   0.50   0.50   0.50   0.50   0.50   0.50   0.50   0.50   0.50   0.50   0.50   0.50   0.34   0.13   0.50   0.50   0.50   0.50   0.17   0.50   0.50   0.06   0.50   0.50   0.50   0.81   0.50   0.50   0.50   0.50   0.50   0.50   0.50   0.50   0.50   0.50   0.90   0.50   0.50   0.81   0.50   0.96   0.50   
0.08   0.85   0.85   0.93   0.85   0.08   0.85   0.94   0.85   0.98   0.02   0.94   0.87   0.85   0.05   0.04   0.85   0.98   0.79   0.02   0.30   0.85   0.85   0.85   0.99   0.85   0.85   0.85   0.85   0.85   0.86   0.99   0.99   0.85   0.86   0.02   0.99   0.99   0.96   0.99   0.85   0.85   0.99   0.02   0.97   0.86   0.01   0.28   0.22   0.97   0.85   0.38   0.97   0.24   0.99   0.99   0.91   0.99   0.99   0.99   0.99   0.86   0.97   0.99   0.85   0.99   0.99   0.91   0.99   0.99   0.85   0.96   0.99   0.99   0.09   0.99   0.99   0.99   

0.50   0.50   0.50   0.50   0.50   0.50   0.50   0.50   0.50   0.05   0.50   0.50   0.50   0.50   0.50   0.50   0.50   0.50   0.50   0.50   0.50   0.50   0.50   0.50   0.06   0.50   0.50   0.50   0.50   0.50   0.06   0.05   0.06   0.50   0.50   0.50   0.06   0.07   0.08   0.10   0.50   0.50   0.08   0.50   0.06   0.05   0.50   0.50   0.50   0.06   0.50   0.50   0.04   0.50   0.07   0.05   0.06   0.50   0.07   0.06   0.06   0.08   0.06   0.06   0.50   0.06   0.05   0.50   0.07   0.06   0.06   0.50   0.06   0.50   0.50   0.06   0.50   0.06   
0.02   0.02   0.04   0.05   0.01   0.01   0.01   0.02   0.00   0.02   0.02   0.07   0.05   0.03   0.02   0.01   0.01   0.08   0.03   0.02   0.03   0.05   0.03   0.02   0.03   0.00   0.00   0.00   0.00   0.02   0.02   0.04   0.12   0.01   0.01   0.02   0.15   0.05   0.03   0.71   0.01   0.01   0.04   0.01   0.01   0.01   0.04   0.02   0.02   0.01   0.04   0.05   0.02   0.03   0.13   0.01   0.05   0.99   0.03   0.02   0.01   0.01   0.02   0.02   0.02   0.04   0.02   0.03   0.03   0.01   0.01   0.05   0.01   0.98   0.00   0.08   0.05   0.02   
0.06   0.06   0.17   0.33   0.04   0.02   0.03   0.03   0.01   0.79   0.07   0.35   0.35   0.13   0.07   0.01   0.03   0.48   0.27   0.06   0.12   0.28   0.14   0.07   0.91   0.01   0.01   0.00   0.00   0.06   0.89   0.95   0.99   0.03   0.02   0.08   0.99   0.96   0.86   0.99   0.03   0.02   0.93   0.03   0.80   0.70   0.23   0.09   0.26   0.63   0.14   0.36   0.92   0.32   0.99   0.81   0.95   0.99   0.89   0.91   0.78   0.66   0.87   0.82   0.07   0.95   0.86   0.30   0.93   0.78   0.70   0.23   0.57   0.99   0.01   0.99   0.41   0.92   
0.12   0.50   0.50   0.50   0.50   0.41   0.50   0.97   0.50   0.50   0.50   0.50   0.58   0.50   0.56   0.50   0.50   0.80   0.45   0.50   0.25   0.50   0.50   0.50   0.50   0.50   0.50   0.50   0.50   0.50   0.50   0.50   0.50   0.50   0.88   0.50   0.50   0.50   0.50   0.50   0.50   0.50   0.50   0.50   0.50   0.50   0.50   0.28   0.10   0.50   0.50   0.50   0.50   0.14   0.50   0.50   0.05   0.50   0.50   0.50   0.77   0.50   0.50   0.50   0.50   0.50   0.50   0.50   0.50   0.50   0.50   0.88   0.50   0.50   0.77   0.50   0.95   0.50   
0.06   0.84   0.84   0.93   0.84   0.07   0.84   0.93   0.84   0.98   0.02   0.94   0.83   0.84   0.04   0.04   0.84   0.97   0.73   0.02   0.25   0.84   0.84   0.84   0.99   0.84   0.84   0.84   0.84   0.84   0.86   0.99   0.99   0.84   0.83   0.02   0.99   0.99   0.96   0.99   0.84   0.84   0.99   0.02   0.97   0.86   0.01   0.23   0.15   0.97   0.84   0.37   0.97   0.17   0.99   0.99   0.89   0.99   0.99   0.99   0.99   0.86   0.97   0.99   0.84   0.99   0.99   0.91   0.99   0.99   0.84   0.94   0.99   0.99   0.07   0.99   0.99   0.99   

0.00   0.00   0.00   0.00   0.00   0.00   0.00   0.00   0.00   0.00   0.00   0.00   0.00   0.00   0.00   0.00   0.00   0.00   0.00   0.00   0.00   0.00   0.00   0.00   0.00   0.00   0.00   0.00   0.00   0.00   1.00   1.00   1.00   0.00   0.00   0.00   1.00   1.00   1.00   1.00   0.00   0.00   1.00   0.00   1.00   1.00   1.00   0.00   0.00   1.00   0.00   1.00   1.00   1.00   1.00   1.00   1.00   1.00   1.00   1.00   1.00   1.00   1.00   1.00   0.00   1.00   1.00   1.00   1.00   1.00   1.00   1.00   1.00   1.00   1.00   1.00   1.00   1.00   