5.00   5.00   5.00   5.00   5.00   5.00   5.00   5.00   5.00   5.00   5.00   5.00   5.00   5.00   5.00   5.00   5.00   5.00   5.00   5.00   5.00   5.00   5.00   5.00   5.00   5.00   5.00   5.00   5.00   5.00   5.00   5.00   5.00   5.00   5.00   5.00   5.00   5.00   5.00   5.00   5.00   5.00   5.00   5.00   5.00   5.00   5.00   5.00   5.00   5.00   5.00   5.00   5.00   5.00   5.00   5.00   5.00   5.00   5.00   5.00   5.00   5.00   5.00   5.00   5.00   5.00   5.00   5.00   5.00   5.00   5.00   5.00   5.00   5.00   5.00   5.00   5.00   5.00   
0.05   0.05   0.05   0.05   0.05   0.05   0.89   0.05   0.05   0.05   0.05   0.05   0.89   0.63   0.98   0.63   0.98   0.05   0.05   0.05   0.05   0.05   0.05   0.05   0.05   0.05   0.89   0.05   0.05   0.89   0.05   0.05   0.05   0.89   0.05   0.89   0.05   0.05   0.89   0.05   0.05   0.98   0.05   0.98   0.98   0.89   0.63   0.98   0.89   0.89   0.05   0.63   0.05   0.63   0.89   0.05   0.63   0.05   0.05   0.89   0.98   0.98   0.89   0.98   0.89   0.89   0.05   0.63   0.05   0.05   0.05   0.05   0.63   0.89   0.89   0.98   0.05   0.89   
0.05   0.05   0.05   0.05   0.05   0.05   0.89   0.05   0.05   0.05   0.05   0.05   0.89   0.63   0.98   0.63   0.98   0.05   0.05   0.05   0.05   0.05   0.05   0.05   0.05   0.05   0.89   0.05   0.05   0.89   0.05   0.05   0.05   0.89   0.05   0.89   0.05   0.05   0.89   0.05   0.05   0.98   0.05   0.98   0.98   0.89   0.63   0.98   0.89   0.89   0.05   0.63   0.05   0.63   0.89   0.05   0.63   0.05   0.05   0.89   0.98   0.98   0.89   0.98   0.89   0.89   0.05   0.63   0.05   0.05   0.05   0.05   0.63   0.89   0.89   0.98   0.05   0.89   
0.08   0.14   0.17   0.14   0.03   0.37   0.12   0.68   0.00   0.23   0.01   0.11   1.00   0.02   0.18   0.06   0.98   0.90   0.00   0.21   0.24   0.04   0.97   0.81   0.00   0.55   0.71   0.06   1.00   0.44   0.00   0.38   0.43   0.84   0.00   0.81   0.83   0.98   0.89   0.00   0.73   0.92   0.01   0.06   0.07   1.00   0.22   0.95   1.00   0.85   0.07   0.07   0.39   0.98   0.09   0.01   1.00   0.40   0.23   0.56   1.00   1.00   0.98   0.96   0.73   0.92   0.76   0.46   0.94   0.99   0.86   0.99   0.71   0.43   0.50   0.95   0.46   0.99   
0.00   0.01   0.01   0.01   0.00   0.02   0.50   0.86   0.00   0.01   0.00   0.01   1.00   0.03   0.95   0.07   1.00   0.96   0.00   0.01   0.01   0.00   0.99   0.92   0.00   0.77   0.98   0.00   1.00   0.95   0.00   0.02   0.03   0.99   0.00   0.99   0.93   0.99   0.99   0.00   0.88   1.00   0.00   0.86   0.88   1.00   0.62   1.00   1.00   0.99   0.00   0.08   0.03   1.00   0.43   0.00   1.00   0.03   0.01   0.97   1.00   1.00   1.00   1.00   0.99   1.00   0.90   0.84   0.98   1.00   0.95   1.00   0.94   0.95   0.96   1.00   0.03   1.00   

5.00   5.00   5.00   5.00   5.00   5.00   5.00   5.00   5.00   5.00   5.00   5.00   5.00   5.00   5.00   5.00   5.00   5.00   5.00   5.00   5.00   5.00   5.00   5.00   5.00   5.00   5.00   5.00   5.00   5.00   5.00   5.00   5.00   5.00   5.00   5.00   5.00   5.00   5.00   5.00   5.00   5.00   5.00   5.00   5.00   5.00   5.00   5.00   5.00   5.00   5.00   5.00   5.00   5.00   5.00   5.00   5.00   5.00   5.00   5.00   5.00   5.00   5.00   5.00   5.00   5.00   5.00   5.00   5.00   5.00   5.00   5.00   5.00   5.00   5.00   5.00   5.00   5.00   
0.05   0.05   0.05   0.05   0.05   0.05   0.91   0.05   0.05   0.05   0.05   0.05   0.96   0.70   0.95   0.70   0.95   0.05   0.05   0.05   0.05   0.05   0.05   0.05   0.05   0.05   0.91   0.05   0.73   0.91   0.05   0.05   0.05   0.91   0.05   0.96   0.73   0.73   0.96   0.05   0.05   0.99   0.05   0.95   0.95   0.96   0.70   0.99   0.96   0.96   0.05   0.70   0.05   0.70   0.91   0.05   0.84   0.05   0.73   0.96   0.99   0.95   0.91   0.95   0.91   0.96   0.05   0.84   0.73   0.73   0.73   0.05   0.84   0.96   0.91   0.95   0.05   0.96   
0.05   0.05   0.05   0.05   0.05   0.05   0.91   0.05   0.05   0.05   0.05   0.05   0.96   0.70   0.95   0.70   0.95   0.05   0.05   0.05   0.05   0.05   0.05   0.05   0.05   0.05   0.91   0.05   0.73   0.91   0.05   0.05   0.05   0.91   0.05   0.96   0.73   0.73   0.96   0.05   0.05   0.99   0.05   0.95   0.95   0.96   0.70   0.99   0.96   0.96   0.05   0.70   0.05   0.70   0.91   0.05   0.84   0.05   0.73   0.96   0.99   0.95   0.91   0.95   0.91   0.96   0.05   0.84   0.73   0.73   0.73   0.05   0.84   0.96   0.91   0.95   0.05   0.96   
0.50   0.50   0.10   0.50   0.50   0.51   0.06   0.59   0.50   0.53   0.50   0.50   0.50   0.00   0.06   0.01   0.50   0.76   0.50   0.09   0.07   0.50   0.92   0.69   0.50   0.24   0.74   0.50   0.50   0.09   0.50   0.04   0.19   0.74   0.50   0.80   0.88   0.50   0.50   0.50   0.56   0.50   0.50   0.09   0.06   0.50   0.19   0.50   0.50   0.93   0.50   0.06   0.15   0.50   0.08   0.50   0.50   0.22   0.30   0.16   0.50   0.50   0.50   0.50   0.91   0.50   0.81   0.49   0.96   0.50   0.96   0.50   0.79   0.51   0.57   0.50   0.58   0.50   
0.03   0.03   0.00   0.03   0.03   0.03   0.05   0.05   0.03   0.04   0.03   0.03   0.94   0.00   0.10   0.00   0.99   0.74   0.03   0.00   0.00   0.03   0.92   0.67   0.03   0.01   0.91   0.03   0.03   0.07   0.03   0.00   0.01   0.91   0.03   0.99   0.98   0.03   0.94   0.03   0.04   0.99   0.03   0.13   0.09   0.94   0.06   0.99   0.94   1.00   0.03   0.02   0.01   0.81   0.06   0.03   0.81   0.01   0.44   0.83   0.99   0.99   0.94   0.99   0.97   0.94   0.79   0.90   0.99   0.03   0.99   0.03   0.97   0.96   0.82   0.99   0.04   0.94   

5.00   5.00   5.00   5.00   5.00   5.00   5.00   5.00   5.00   5.00   5.00   5.00   5.00   5.00   5.00   5.00   5.00   5.00   5.00   5.00   5.00   5.00   5.00   5.00   5.00   5.00   5.00   5.00   5.00   5.00   5.00   5.00   5.00   5.00   5.00   5.00   5.00   5.00   5.00   5.00   5.00   5.00   5.00   5.00   5.00   5.00   5.00   5.00   5.00   5.00   5.00   5.00   5.00   5.00   5.00   5.00   5.00   5.00   5.00   5.00   5.00   5.00   5.00   5.00   5.00   5.00   5.00   5.00   5.00   5.00   5.00   5.00   5.00   5.00   5.00   5.00   5.00   5.00   
0.03   0.03   0.03   0.03   0.03   0.03   0.38   0.03   0.03   0.03   0.66   0.03   0.97   0.20   0.50   0.20   0.84   0.03   0.03   0.03   0.03   0.03   0.66   0.66   0.03   0.66   0.79   0.03   0.91   0.38   0.03   0.03   0.03   0.79   0.03   0.97   0.91   0.91   0.97   0.03   0.03   0.99   0.03   0.50   0.50   0.97   0.20   0.99   0.97   0.97   0.03   0.20   0.03   0.73   0.79   0.03   0.94   0.66   0.67   0.97   0.99   0.84   0.38   0.50   0.38   0.76   0.03   0.94   0.67   0.91   0.91   0.66   0.94   0.97   0.38   0.84   0.03   0.97   
0.03   0.03   0.03   0.03   0.03   0.03   0.38   0.03   0.03   0.03   0.66   0.03   0.97   0.20   0.50   0.20   0.84   0.03   0.03   0.03   0.03   0.03   0.66   0.66   0.03   0.66   0.79   0.03   0.91   0.38   0.03   0.03   0.03   0.79   0.03   0.97   0.91   0.91   0.97   0.03   0.03   0.99   0.03   0.50   0.50   0.97   0.20   0.99   0.97   0.97   0.03   0.20   0.03   0.73   0.79   0.03   0.94   0.66   0.67   0.97   0.99   0.84   0.38   0.50   0.38   0.76   0.03   0.94   0.67   0.91   0.91   0.66   0.94   0.97   0.38   0.84   0.03   0.97   
0.50   0.50   0.50   0.50   0.50   0.29   0.06   0.47   0.50   0.47   0.50   0.50   0.50   0.50   0.05   0.50   0.50   0.60   0.50   0.50   0.50   0.50   0.93   0.58   0.50   0.24   0.69   0.50   0.50   0.04   0.50   0.50   0.14   0.70   0.50   0.75   0.81   0.50   0.50   0.50   0.45   0.50   0.50   0.07   0.03   0.50   0.16   0.50   0.50   0.50   0.50   0.04   0.50   0.50   0.09   0.50   0.50   0.08   0.22   0.14   0.50   0.50   0.50   0.50   0.93   0.50   0.57   0.53   0.92   0.50   0.97   0.50   0.87   0.44   0.42   0.50   0.41   0.50   
0.03   0.03   0.03   0.03   0.03   0.01   0.02   0.03   0.03   0.03   0.03   0.03   0.94   0.69   0.03   0.69   0.99   0.04   0.03   0.03   0.03   0.03   0.97   0.74   0.03   0.17   0.91   0.03   0.03   0.01   0.03   0.03   0.00   0.92   0.03   0.99   0.97   0.03   0.94   0.03   0.02   0.99   0.03   0.04   0.02   0.94   0.03   0.99   0.94   0.96   0.03   0.01   0.03   0.87   0.12   0.03   0.87   0.05   0.17   0.82   0.99   0.99   0.94   0.99   0.94   0.94   0.04   0.94   0.96   0.03   1.00   0.03   0.99   0.96   0.17   0.99   0.02   0.94   

5.00   5.00   5.00   5.00   5.00   5.00   5.00   5.00   5.00   5.00   5.00   5.00   5.00   5.00   5.00   5.00   5.00   5.00   5.00   5.00   5.00   5.00   5.00   5.00   5.00   5.00   5.00   5.00   5.00   5.00   5.00   5.00   5.00   5.00   5.00   5.00   5.00   5.00   5.00   5.00   5.00   5.00   5.00   5.00   5.00   5.00   5.00   5.00   5.00   5.00   5.00   5.00   5.00   5.00   5.00   5.00   5.00   5.00   5.00   5.00   5.00   5.00   5.00   5.00   5.00   5.00   5.00   5.00   5.00   5.00   5.00   5.00   5.00   5.00   5.00   5.00   5.00   5.00   
0.03   0.03   0.03   0.03   0.03   0.03   0.29   0.03   0.03   0.03   0.43   0.03   0.97   0.11   0.38   0.11   0.66   0.52   0.03   0.03   0.03   0.03   0.43   0.43   0.03   0.74   0.84   0.03   0.92   0.29   0.03   0.03   0.03   0.84   0.03   0.84   0.92   0.92   0.97   0.03   0.03   0.99   0.03   0.38   0.38   0.97   0.11   0.99   0.97   0.97   0.03   0.11   0.03   0.78   0.61   0.03   0.79   0.43   0.80   0.97   0.99   0.86   0.67   0.71   0.67   0.87   0.03   0.94   0.80   0.92   0.76   0.43   0.94   0.97   0.67   0.86   0.52   0.97   
0.03   0.03   0.03   0.03   0.03   0.03   0.29   0.03   0.03   0.03   0.43   0.03   0.97   0.11   0.38   0.11   0.66   0.52   0.03   0.03   0.03   0.03   0.43   0.43   0.03   0.74   0.84   0.03   0.92   0.29   0.03   0.03   0.03   0.84   0.03   0.84   0.92   0.92   0.97   0.03   0.03   0.99   0.03   0.38   0.38   0.97   0.11   0.99   0.97   0.97   0.03   0.11   0.03   0.78   0.61   0.03   0.79   0.43   0.80   0.97   0.99   0.86   0.67   0.71   0.67   0.87   0.03   0.94   0.80   0.92   0.76   0.43   0.94   0.97   0.67   0.86   0.52   0.97   
0.50   0.50   0.50   0.50   0.50   0.33   0.05   0.49   0.50   0.52   0.50   0.50   0.50   0.50   0.03   0.50   0.50   0.58   0.50   0.50   0.50   0.50   0.93   0.63   0.50   0.23   0.68   0.50   0.50   0.04   0.50   0.50   0.50   0.67   0.50   0.78   0.89   0.50   0.50   0.50   0.44   0.50   0.50   0.07   0.02   0.50   0.09   0.50   0.50   0.50   0.50   0.03   0.50   0.50   0.03   0.50   0.50   0.06   0.23   0.09   0.50   0.50   0.50   0.50   0.96   0.50   0.66   0.50   0.94   0.50   0.50   0.50   0.91   0.38   0.47   0.50   0.46   0.50   
0.03   0.03   0.03   0.03   0.03   0.01   0.01   0.02   0.03   0.02   0.03   0.03   0.95   0.68   0.01   0.68   0.99   0.30   0.03   0.03   0.03   0.03   0.92   0.30   0.03   0.21   0.92   0.03   0.03   0.01   0.03   0.03   0.03   0.92   0.03   0.96   0.99   0.03   0.95   0.03   0.02   0.99   0.03   0.03   0.01   0.95   0.01   0.99   0.95   0.97   0.03   0.00   0.03   0.87   0.02   0.03   0.87   0.02   0.31   0.76   0.99   0.99   0.95   0.99   0.98   0.95   0.04   0.95   0.98   0.03   0.90   0.03   0.99   0.95   0.66   0.99   0.21   0.95   

5.00   5.00   5.00   5.00   5.00   5.00   5.00   5.00   5.00   5.00   5.00   5.00   5.00   5.00   5.00   5.00   5.00   5.00   5.00   5.00   5.00   5.00   5.00   5.00   5.00   5.00   5.00   5.00   5.00   5.00   5.00   5.00   5.00   5.00   5.00   5.00   5.00   5.00   5.00   5.00   5.00   5.00   5.00   5.00   5.00   5.00   5.00   5.00   5.00   5.00   5.00   5.00   5.00   5.00   5.00   5.00   5.00   5.00   5.00   5.00   5.00   5.00   5.00   5.00   5.00   5.00   5.00   5.00   5.00   5.00   5.00   5.00   5.00   5.00   5.00   5.00   5.00   5.00   
0.02   0.09   0.02   0.09   0.02   0.09   0.20   0.02   0.02   0.02   0.31   0.02   0.98   0.16   0.27   0.06   0.61   0.41   0.02   0.02   0.02   0.02   0.40   0.31   0.02   0.64   0.82   0.09   0.91   0.20   0.02   0.02   0.02   0.77   0.02   0.75   0.87   0.87   0.98   0.09   0.09   0.99   0.09   0.37   0.27   0.98   0.06   0.97   0.98   0.95   0.09   0.06   0.02   0.69   0.56   0.09   0.69   0.31   0.76   0.98   0.99   0.80   0.63   0.68   0.63   0.85   0.02   0.93   0.71   0.87   0.65   0.31   0.93   0.98   0.57   0.80   0.41   0.95   
0.02   0.09   0.02   0.09   0.02   0.09   0.20   0.02   0.02   0.02   0.31   0.02   0.98   0.16   0.27   0.06   0.61   0.41   0.02   0.02   0.02   0.02   0.40   0.31   0.02   0.64   0.82   0.09   0.91   0.20   0.02   0.02   0.02   0.77   0.02   0.75   0.87   0.87   0.98   0.09   0.09   0.99   0.09   0.37   0.27   0.98   0.06   0.97   0.98   0.95   0.09   0.06   0.02   0.69   0.56   0.09   0.69   0.31   0.76   0.98   0.99   0.80   0.63   0.68   0.63   0.85   0.02   0.93   0.71   0.87   0.65   0.31   0.93   0.98   0.57   0.80   0.41   0.95   
0.50   0.50   0.50   0.50   0.50   0.39   0.06   0.48   0.50   0.42   0.50   0.50   0.50   0.50   0.05   0.50   0.50   0.53   0.50   0.50   0.50   0.50   0.90   0.60   0.50   0.29   0.62   0.50   0.50   0.04   0.50   0.50   0.50   0.68   0.50   0.77   0.90   0.50   0.50   0.50   0.45   0.50   0.50   0.10   0.04   0.50   0.11   0.50   0.50   0.50   0.50   0.50   0.50   0.50   0.05   0.50   0.50   0.08   0.28   0.13   0.50   0.50   0.50   0.50   0.95   0.50   0.62   0.55   0.94   0.50   0.50   0.50   0.50   0.42   0.51   0.50   0.44   0.50   
0.03   0.03   0.03   0.03   0.03   0.06   0.01   0.02   0.03   0.01   0.03   0.03   0.95   0.68   0.01   0.68   0.99   0.20   0.03   0.03   0.03   0.03   0.92   0.23   0.03   0.21   0.92   0.03   0.03   0.01   0.03   0.03   0.02   0.89   0.03   0.94   0.98   0.03   0.95   0.03   0.07   0.99   0.03   0.06   0.01   0.95   0.01   0.99   0.95   0.97   0.03   0.09   0.03   0.87   0.04   0.03   0.87   0.02   0.41   0.87   0.99   0.99   0.95   0.99   0.98   0.95   0.03   0.96   0.98   0.03   0.90   0.03   0.95   0.97   0.63   0.99   0.15   0.95   

5.00   5.00   5.00   5.00   5.00   5.00   5.00   5.00   5.00   5.00   5.00   5.00   5.00   5.00   5.00   5.00   5.00   5.00   5.00   5.00   5.00   5.00   5.00   5.00   5.00   5.00   5.00   5.00   5.00   5.00   5.00   5.00   5.00   5.00   5.00   5.00   5.00   5.00   5.00   5.00   5.00   5.00   5.00   5.00   5.00   5.00   5.00   5.00   5.00   5.00   5.00   5.00   5.00   5.00   5.00   5.00   5.00   5.00   5.00   5.00   5.00   5.00   5.00   5.00   5.00   5.00   5.00   5.00   5.00   5.00   5.00   5.00   5.00   5.00   5.00   5.00   5.00   5.00   
0.02   0.07   0.10   0.07   0.02   0.07   0.15   0.02   0.02   0.02   0.24   0.10   0.95   0.11   0.20   0.05   0.60   0.28   0.02   0.02   0.02   0.02   0.31   0.24   0.02   0.52   0.73   0.07   0.85   0.15   0.02   0.02   0.02   0.75   0.02   0.73   0.79   0.79   0.95   0.07   0.07   1.00   0.07   0.27   0.20   0.95   0.05   0.94   0.95   0.96   0.07   0.05   0.02   0.57   0.56   0.07   0.59   0.24   0.63   0.99   1.00   0.71   0.50   0.55   0.50   0.75   0.02   0.88   0.57   0.79   0.55   0.24   0.88   0.95   0.43   0.71   0.28   0.91   
0.02   0.07   0.10   0.07   0.02   0.07   0.15   0.02   0.02   0.02   0.24   0.10   0.95   0.11   0.20   0.05   0.60   0.28   0.02   0.02   0.02   0.02   0.31   0.24   0.02   0.52   0.73   0.07   0.85   0.15   0.02   0.02   0.02   0.75   0.02   0.73   0.79   0.79   0.95   0.07   0.07   1.00   0.07   0.27   0.20   0.95   0.05   0.94   0.95   0.96   0.07   0.05   0.02   0.57   0.56   0.07   0.59   0.24   0.63   0.99   1.00   0.71   0.50   0.55   0.50   0.75   0.02   0.88   0.57   0.79   0.55   0.24   0.88   0.95   0.43   0.71   0.28   0.91   
0.50   0.50   0.50   0.50   0.50   0.41   0.05   0.42   0.50   0.42   0.50   0.50   0.50   0.50   0.05   0.50   0.50   0.54   0.50   0.50   0.50   0.50   0.90   0.59   0.50   0.29   0.58   0.50   0.50   0.50   0.50   0.50   0.50   0.68   0.50   0.75   0.88   0.50   0.50   0.50   0.44   0.50   0.50   0.11   0.03   0.50   0.08   0.50   0.50   0.50   0.50   0.50   0.50   0.50   0.04   0.50   0.50   0.07   0.29   0.11   0.50   0.50   0.50   0.50   0.93   0.50   0.62   0.52   0.93   0.50   0.50   0.50   0.50   0.42   0.53   0.50   0.47   0.50   
0.03   0.03   0.03   0.03   0.03   0.06   0.01   0.01   0.03   0.01   0.03   0.03   0.94   0.66   0.01   0.66   0.99   0.14   0.03   0.03   0.03   0.03   0.92   0.24   0.03   0.18   0.87   0.03   0.03   0.12   0.03   0.03   0.03   0.93   0.03   0.96   0.97   0.03   0.94   0.03   0.06   0.99   0.03   0.05   0.01   0.94   0.01   0.99   0.94   0.96   0.03   0.08   0.03   0.86   0.09   0.03   0.86   0.02   0.32   0.90   0.99   0.99   0.94   0.99   0.96   0.94   0.03   0.93   0.96   0.03   0.88   0.03   0.94   0.93   0.30   0.99   0.11   0.94   

5.00   5.00   5.00   5.00   5.00   5.00   5.00   5.00   5.00   5.00   5.00   5.00   5.00   5.00   5.00   5.00   5.00   5.00   5.00   5.00   5.00   5.00   5.00   5.00   5.00   5.00   5.00   5.00   5.00   5.00   5.00   5.00   5.00   5.00   5.00   5.00   5.00   5.00   5.00   5.00   5.00   5.00   5.00   5.00   5.00   5.00   5.00   5.00   5.00   5.00   5.00   5.00   5.00   5.00   5.00   5.00   5.00   5.00   5.00   5.00   5.00   5.00   5.00   5.00   5.00   5.00   5.00   5.00   5.00   5.00   5.00   5.00   5.00   5.00   5.00   5.00   5.00   5.00   
0.07   0.02   0.04   0.12   0.07   0.12   0.07   0.07   0.07   0.07   0.13   0.16   0.96   0.19   0.29   0.12   0.67   0.36   0.07   0.01   0.01   0.01   0.37   0.30   0.07   0.59   0.78   0.02   0.88   0.22   0.07   0.01   0.01   0.79   0.07   0.79   0.84   0.84   0.96   0.12   0.12   1.00   0.12   0.36   0.29   0.78   0.12   0.96   0.96   0.97   0.02   0.12   0.01   0.65   0.62   0.12   0.67   0.13   0.72   0.99   1.00   0.78   0.58   0.64   0.58   0.82   0.07   0.91   0.67   0.84   0.63   0.30   0.91   0.96   0.52   0.78   0.19   0.93   
0.07   0.02   0.04   0.12   0.07   0.12   0.07   0.07   0.07   0.07   0.13   0.16   0.96   0.19   0.29   0.12   0.67   0.36   0.07   0.01   0.01   0.01   0.37   0.30   0.07   0.59   0.78   0.02   0.88   0.22   0.07   0.01   0.01   0.79   0.07   0.79   0.84   0.84   0.96   0.12   0.12   1.00   0.12   0.36   0.29   0.78   0.12   0.96   0.96   0.97   0.02   0.12   0.01   0.65   0.62   0.12   0.67   0.13   0.72   0.99   1.00   0.78   0.58   0.64   0.58   0.82   0.07   0.91   0.67   0.84   0.63   0.30   0.91   0.96   0.52   0.78   0.19   0.93   
0.50   0.50   0.50   0.50   0.50   0.34   0.50   0.41   0.50   0.33   0.50   0.50   0.50   0.50   0.04   0.50   0.50   0.50   0.50   0.50   0.50   0.50   0.87   0.54   0.50   0.40   0.47   0.50   0.50   0.50   0.50   0.50   0.50   0.60   0.50   0.77   0.84   0.50   0.50   0.50   0.36   0.50   0.50   0.13   0.02   0.50   0.50   0.50   0.50   0.50   0.50   0.50   0.50   0.50   0.05   0.50   0.50   0.09   0.23   0.15   0.50   0.50   0.50   0.50   0.87   0.50   0.58   0.52   0.90   0.50   0.50   0.50   0.50   0.38   0.45   0.50   0.36   0.50   
0.03   0.03   0.03   0.03   0.03   0.06   0.12   0.02   0.03   0.02   0.03   0.03   0.94   0.66   0.01   0.66   0.99   0.11   0.03   0.03   0.03   0.03   0.90   0.18   0.03   0.22   0.82   0.03   0.03   0.12   0.03   0.03   0.02   0.91   0.03   0.97   0.96   0.03   0.94   0.03   0.06   0.99   0.03   0.08   0.00   0.94   0.07   0.99   0.94   0.96   0.03   0.08   0.03   0.86   0.12   0.03   0.86   0.01   0.27   0.92   0.99   0.99   0.94   0.99   0.93   0.94   0.04   0.93   0.94   0.03   0.89   0.03   0.94   0.92   0.24   0.99   0.02   0.94   

5.00   5.00   5.00   5.00   5.00   5.00   5.00   5.00   5.00   5.00   5.00   5.00   5.00   5.00   5.00   5.00   5.00   5.00   5.00   5.00   5.00   5.00   5.00   5.00   5.00   5.00   5.00   5.00   5.00   5.00   5.00   5.00   5.00   5.00   5.00   5.00   5.00   5.00   5.00   5.00   5.00   5.00   5.00   5.00   5.00   5.00   5.00   5.00   5.00   5.00   5.00   5.00   5.00   5.00   5.00   5.00   5.00   5.00   5.00   5.00   5.00   5.00   5.00   5.00   5.00   5.00   5.00   5.00   5.00   5.00   5.00   5.00   5.00   5.00   5.00   5.00   5.00   5.00   
0.04   0.03   0.06   0.14   0.08   0.14   0.10   0.04   0.08   0.04   0.12   0.19   0.97   0.14   0.31   0.14   0.68   0.40   0.04   0.01   0.01   0.01   0.39   0.32   0.08   0.62   0.74   0.02   0.89   0.17   0.04   0.01   0.01   0.76   0.04   0.76   0.81   0.85   0.97   0.08   0.08   1.00   0.08   0.31   0.24   0.84   0.08   0.93   0.97   0.97   0.03   0.14   0.01   0.67   0.63   0.08   0.69   0.16   0.74   0.99   1.00   0.78   0.61   0.66   0.61   0.83   0.08   0.92   0.69   0.85   0.64   0.25   0.92   0.97   0.55   0.78   0.24   0.90   
0.04   0.03   0.06   0.14   0.08   0.14   0.10   0.04   0.08   0.04   0.12   0.19   0.97   0.14   0.31   0.14   0.68   0.40   0.04   0.01   0.01   0.01   0.39   0.32   0.08   0.62   0.74   0.02   0.89   0.17   0.04   0.01   0.01   0.76   0.04   0.76   0.81   0.85   0.97   0.08   0.08   1.00   0.08   0.31   0.24   0.84   0.08   0.93   0.97   0.97   0.03   0.14   0.01   0.67   0.63   0.08   0.69   0.16   0.74   0.99   1.00   0.78   0.61   0.66   0.61   0.83   0.08   0.92   0.69   0.85   0.64   0.25   0.92   0.97   0.55   0.78   0.24   0.90   
0.50   0.50   0.50   0.50   0.50   0.44   0.50   0.40   0.50   0.47   0.50   0.50   0.50   0.50   0.02   0.50   0.50   0.54   0.50   0.50   0.50   0.50   0.95   0.59   0.50   0.39   0.46   0.50   0.50   0.50   0.50   0.50   0.50   0.62   0.50   0.80   0.92   0.50   0.50   0.50   0.49   0.50   0.50   0.12   0.50   0.50   0.50   0.50   0.50   0.50   0.50   0.50   0.50   0.50   0.03   0.50   0.50   0.50   0.26   0.13   0.50   0.50   0.50   0.50   0.92   0.50   0.71   0.53   0.93   0.50   0.50   0.50   0.50   0.37   0.46   0.50   0.50   0.50   
0.03   0.03   0.03   0.03   0.03   0.08   0.12   0.02   0.03   0.03   0.03   0.03   0.94   0.66   0.01   0.66   0.99   0.12   0.03   0.03   0.03   0.03   0.96   0.21   0.03   0.21   0.82   0.03   0.03   0.12   0.03   0.03   0.02   0.92   0.03   0.98   0.98   0.03   0.94   0.03   0.11   0.99   0.03   0.08   0.23   0.94   0.07   0.99   0.94   0.96   0.03   0.08   0.03   0.86   0.07   0.03   0.86   0.05   0.29   0.91   0.99   0.99   0.94   0.99   0.96   0.94   0.07   0.93   0.96   0.03   0.89   0.03   0.95   0.91   0.23   0.99   0.03   0.94   

0.82   0.77   0.72   0.82   0.70   0.72   0.81   0.66   0.82   0.56   0.75   0.53   0.55   0.53   0.73   0.69   0.27   0.68   0.78   0.50   0.82   0.64   0.49   0.69   0.64   0.48   0.58   0.51   0.41   0.59   0.77   0.50   0.50   0.81   0.82   0.63   0.65   0.65   0.63   0.44   0.80   0.50   0.71   0.34   0.64   0.11   0.68   0.65   0.09   0.62   0.71   0.85   0.79   0.56   0.41   0.81   0.40   0.63   0.50   0.65   0.50   0.33   0.39   0.39   0.71   0.69   0.71   0.32   0.73   0.69   0.52   0.49   0.40   0.77   0.77   0.64   0.68   0.53   
0.72   0.11   0.14   0.84   0.22   0.35   0.31   0.12   0.35   0.08   0.31   0.50   0.99   0.21   0.86   0.33   0.82   0.86   0.19   0.01   0.07   0.03   0.83   0.89   0.17   0.90   0.96   0.02   0.97   0.30   0.19   0.01   0.01   0.98   0.71   0.97   0.98   0.97   0.99   0.09   0.76   1.00   0.24   0.26   0.76   0.43   0.23   0.99   0.93   0.99   0.08   0.86   0.05   0.91   0.83   0.77   0.87   0.26   0.92   0.99   1.00   0.86   0.79   0.82   0.93   0.98   0.23   0.95   0.96   0.98   0.90   0.32   0.96   1.00   0.94   0.96   0.46   0.97   
0.04   0.03   0.06   0.13   0.07   0.13   0.08   0.04   0.07   0.04   0.13   0.33   0.94   0.13   0.27   0.12   0.75   0.34   0.04   0.01   0.01   0.01   0.52   0.46   0.07   0.69   0.79   0.02   0.92   0.15   0.04   0.01   0.01   0.73   0.04   0.82   0.85   0.82   0.94   0.08   0.08   1.00   0.08   0.28   0.21   0.80   0.07   0.90   0.98   0.95   0.03   0.12   0.01   0.63   0.62   0.08   0.67   0.17   0.69   0.97   1.00   0.75   0.55   0.60   0.55   0.78   0.07   0.89   0.64   0.82   0.63   0.25   0.89   0.98   0.48   0.75   0.19   0.87   
0.50   0.50   0.50   0.50   0.50   0.44   0.50   0.40   0.50   0.47   0.50   0.50   0.50   0.50   0.02   0.50   0.50   0.55   0.50   0.50   0.50   0.50   0.96   0.60   0.50   0.39   0.46   0.50   0.50   0.50   0.50   0.50   0.50   0.64   0.50   0.81   0.93   0.50   0.50   0.50   0.50   0.50   0.50   0.12   0.50   0.50   0.50   0.50   0.50   0.50   0.50   0.50   0.50   0.50   0.03   0.50   0.50   0.50   0.25   0.12   0.50   0.50   0.50   0.50   0.92   0.50   0.72   0.54   0.93   0.50   0.50   0.50   0.50   0.37   0.46   0.50   0.51   0.50   
0.03   0.03   0.03   0.03   0.03   0.07   0.12   0.02   0.03   0.03   0.03   0.03   0.95   0.67   0.01   0.67   0.99   0.11   0.03   0.03   0.03   0.03   0.98   0.41   0.03   0.35   0.87   0.03   0.03   0.12   0.03   0.03   0.03   0.91   0.03   0.99   0.99   0.03   0.95   0.03   0.09   0.99   0.03   0.06   0.22   0.95   0.07   0.99   0.95   0.97   0.03   0.08   0.03   0.86   0.06   0.03   0.86   0.08   0.23   0.81   0.99   0.99   0.95   0.99   0.95   0.95   0.07   0.91   0.95   0.03   0.89   0.03   0.95   0.93   0.20   0.99   0.03   0.95   

0.65   0.78   0.70   0.62   0.58   0.60   0.58   0.57   0.59   0.53   0.70   0.54   0.55   0.69   0.56   0.64   0.50   0.60   0.62   0.50   0.61   0.54   0.64   0.54   0.71   0.47   0.62   0.59   0.52   0.62   0.63   0.50   0.50   0.52   0.62   0.58   0.53   0.54   0.46   0.51   0.61   0.50   0.77   0.51   0.65   0.41   0.66   0.53   0.36   0.64   0.63   0.62   0.68   0.62   0.67   0.62   0.58   0.62   0.57   0.50   0.50   0.46   0.47   0.54   0.56   0.62   0.53   0.55   0.60   0.62   0.48   0.51   0.36   0.50   0.52   0.54   0.58   0.59   
0.04   0.12   0.13   0.20   0.09   0.18   0.12   0.03   0.10   0.04   0.16   0.31   0.99   0.67   0.36   0.20   0.90   0.50   0.03   0.01   0.02   0.02   0.87   0.45   0.15   0.83   0.94   0.03   0.98   0.23   0.06   0.01   0.01   0.90   0.04   0.96   0.96   0.96   0.98   0.08   0.07   1.00   0.68   0.26   0.71   0.92   0.13   0.97   0.99   0.99   0.06   0.13   0.03   0.90   0.92   0.08   0.92   0.22   0.93   0.99   1.00   0.87   0.81   0.87   0.86   0.97   0.08   0.98   0.93   0.97   0.87   0.24   0.95   0.99   0.80   0.91   0.29   0.97   
0.03   0.03   0.06   0.12   0.07   0.12   0.08   0.03   0.07   0.04   0.11   0.29   0.94   0.12   0.26   0.12   0.73   0.33   0.03   0.00   0.01   0.01   0.50   0.42   0.07   0.66   0.76   0.02   0.92   0.14   0.04   0.00   0.00   0.71   0.03   0.80   0.84   0.81   0.94   0.07   0.06   1.00   0.07   0.24   0.20   0.80   0.07   0.89   0.98   0.95   0.03   0.10   0.01   0.61   0.60   0.06   0.65   0.16   0.68   0.97   1.00   0.72   0.53   0.58   0.53   0.77   0.07   0.89   0.63   0.81   0.61   0.24   0.89   0.98   0.47   0.73   0.19   0.84   
0.50   0.50   0.50   0.50   0.50   0.48   0.50   0.40   0.50   0.45   0.50   0.50   0.50   0.50   0.50   0.50   0.50   0.53   0.50   0.50   0.50   0.50   0.95   0.62   0.50   0.37   0.46   0.50   0.50   0.50   0.50   0.50   0.50   0.66   0.50   0.81   0.91   0.50   0.50   0.50   0.48   0.50   0.50   0.11   0.50   0.50   0.50   0.50   0.50   0.50   0.50   0.50   0.50   0.50   0.03   0.50   0.50   0.50   0.24   0.11   0.50   0.50   0.50   0.50   0.91   0.50   0.74   0.50   0.93   0.50   0.50   0.50   0.50   0.41   0.50   0.50   0.52   0.50   
0.03   0.03   0.03   0.03   0.03   0.08   0.13   0.03   0.03   0.03   0.03   0.03   0.95   0.69   0.22   0.69   0.99   0.10   0.03   0.03   0.03   0.03   0.98   0.75   0.03   0.41   0.89   0.03   0.03   0.13   0.03   0.03   0.03   0.92   0.03   0.99   0.99   0.03   0.95   0.03   0.11   0.99   0.03   0.07   0.24   0.95   0.07   0.99   0.95   0.97   0.03   0.09   0.03   0.87   0.07   0.03   0.87   0.11   0.21   0.80   0.99   0.99   0.95   0.99   0.93   0.95   0.07   0.89   0.95   0.03   0.89   0.03   0.95   0.95   0.22   0.99   0.02   0.95   

0.65   0.78   0.70   0.62   0.58   0.60   0.58   0.57   0.59   0.53   0.70   0.54   0.55   0.69   0.56   0.64   0.50   0.60   0.62   0.50   0.61   0.54   0.64   0.54   0.71   0.47   0.62   0.59   0.52   0.62   0.63   0.50   0.50   0.52   0.62   0.58   0.53   0.54   0.46   0.51   0.61   0.50   0.77   0.51   0.65   0.41   0.66   0.53   0.36   0.64   0.63   0.62   0.68   0.62   0.67   0.62   0.58   0.62   0.57   0.50   0.50   0.46   0.47   0.54   0.56   0.62   0.53   0.55   0.60   0.62   0.48   0.51   0.36   0.50   0.52   0.54   0.58   0.59   
0.04   0.08   0.11   0.13   0.20   0.12   0.21   0.10   0.07   0.10   0.14   0.77   0.99   0.74   0.47   0.34   0.93   0.81   0.12   0.01   0.02   0.06   0.90   0.82   0.30   0.89   0.96   0.07   0.98   0.16   0.04   0.01   0.01   0.86   0.03   0.97   0.97   0.96   0.98   0.05   0.06   1.00   0.15   0.68   0.27   0.93   0.10   0.98   0.99   0.99   0.04   0.28   0.02   0.92   0.93   0.19   0.93   0.17   0.94   0.99   1.00   0.90   0.84   0.89   0.88   0.97   0.06   0.98   0.90   0.95   0.83   0.33   0.95   0.99   0.83   0.93   0.24   0.95   
0.02   0.03   0.04   0.08   0.15   0.08   0.15   0.10   0.05   0.10   0.07   0.38   0.94   0.20   0.34   0.20   0.79   0.38   0.10   0.01   0.01   0.06   0.56   0.49   0.15   0.71   0.81   0.06   0.92   0.10   0.03   0.01   0.01   0.56   0.02   0.82   0.85   0.81   0.94   0.05   0.05   1.00   0.05   0.33   0.14   0.80   0.05   0.90   0.98   0.94   0.03   0.19   0.01   0.65   0.65   0.14   0.66   0.10   0.69   0.97   1.00   0.76   0.58   0.64   0.58   0.79   0.05   0.89   0.46   0.64   0.44   0.28   0.89   0.98   0.52   0.77   0.13   0.69   
0.50   0.50   0.50   0.50   0.50   0.43   0.50   0.35   0.50   0.40   0.50   0.50   0.50   0.50   0.50   0.50   0.50   0.48   0.50   0.50   0.50   0.50   0.94   0.57   0.50   0.32   0.41   0.50   0.50   0.50   0.50   0.50   0.50   0.62   0.50   0.78   0.90   0.50   0.50   0.50   0.43   0.50   0.50   0.09   0.50   0.50   0.50   0.50   0.50   0.50   0.50   0.50   0.50   0.50   0.03   0.50   0.50   0.50   0.20   0.09   0.50   0.50   0.50   0.50   0.89   0.50   0.70   0.45   0.92   0.50   0.50   0.50   0.50   0.37   0.45   0.50   0.47   0.50   
0.03   0.03   0.03   0.03   0.03   0.03   0.12   0.06   0.03   0.06   0.03   0.03   0.94   0.68   0.20   0.68   0.99   0.12   0.03   0.03   0.03   0.03   0.98   0.74   0.03   0.40   0.87   0.03   0.03   0.12   0.03   0.03   0.03   0.78   0.03   0.98   0.99   0.03   0.94   0.03   0.06   0.99   0.03   0.06   0.23   0.94   0.07   0.99   0.94   0.96   0.03   0.09   0.03   0.86   0.04   0.03   0.86   0.12   0.15   0.38   0.99   0.99   0.94   0.99   0.91   0.94   0.04   0.83   0.88   0.03   0.88   0.03   0.94   0.93   0.21   0.99   0.01   0.94   

0.65   0.78   0.70   0.62   0.58   0.60   0.58   0.57   0.59   0.53   0.70   0.54   0.55   0.69   0.56   0.64   0.50   0.60   0.62   0.50   0.61   0.54   0.64   0.54   0.71   0.47   0.62   0.59   0.52   0.62   0.63   0.50   0.50   0.52   0.62   0.58   0.53   0.54   0.46   0.51   0.61   0.50   0.77   0.51   0.65   0.41   0.66   0.53   0.36   0.64   0.63   0.62   0.68   0.62   0.67   0.62   0.58   0.62   0.57   0.50   0.50   0.46   0.47   0.54   0.56   0.62   0.53   0.55   0.60   0.62   0.48   0.51   0.36   0.50   0.52   0.54   0.58   0.59   
0.02   0.09   0.09   0.11   0.15   0.10   0.18   0.06   0.06   0.07   0.18   0.39   0.97   0.63   0.35   0.26   0.92   0.83   0.07   0.01   0.02   0.06   0.91   0.74   0.23   0.89   0.95   0.06   0.98   0.11   0.03   0.01   0.01   0.80   0.02   0.96   0.97   0.93   0.98   0.04   0.04   1.00   0.11   0.25   0.19   0.95   0.07   0.98   0.99   0.98   0.21   0.19   0.17   0.89   0.90   0.12   0.93   0.40   0.94   0.99   1.00   0.90   0.76   0.83   0.82   0.94   0.04   0.98   0.86   0.95   0.84   0.47   0.96   0.99   0.84   0.93   0.42   0.95   
0.01   0.03   0.04   0.07   0.12   0.07   0.14   0.06   0.04   0.07   0.10   0.34   0.87   0.16   0.28   0.17   0.82   0.48   0.06   0.00   0.01   0.06   0.67   0.47   0.12   0.78   0.84   0.06   0.95   0.07   0.02   0.00   0.00   0.53   0.01   0.85   0.89   0.76   0.95   0.04   0.03   1.00   0.04   0.25   0.11   0.88   0.04   0.91   0.98   0.88   0.12   0.15   0.09   0.60   0.58   0.10   0.74   0.26   0.73   0.89   1.00   0.80   0.50   0.55   0.50   0.70   0.04   0.92   0.46   0.75   0.58   0.42   0.92   0.98   0.58   0.81   0.26   0.76   
0.50   0.50   0.50   0.50   0.50   0.47   0.50   0.38   0.50   0.44   0.50   0.50   0.50   0.50   0.50   0.50   0.50   0.51   0.50   0.50   0.50   0.50   0.95   0.60   0.50   0.35   0.44   0.50   0.50   0.50   0.50   0.50   0.50   0.65   0.50   0.80   0.91   0.50   0.50   0.50   0.47   0.50   0.50   0.10   0.50   0.50   0.50   0.50   0.50   0.50   0.50   0.50   0.50   0.50   0.03   0.50   0.50   0.50   0.23   0.11   0.50   0.50   0.50   0.50   0.90   0.50   0.72   0.49   0.93   0.50   0.50   0.50   0.50   0.40   0.48   0.50   0.50   0.50   
0.03   0.03   0.03   0.03   0.03   0.03   0.12   0.05   0.03   0.05   0.03   0.03   0.95   0.71   0.21   0.71   0.99   0.26   0.03   0.03   0.03   0.03   0.99   0.75   0.03   0.74   0.91   0.03   0.03   0.12   0.03   0.03   0.03   0.76   0.03   0.99   0.99   0.03   0.95   0.03   0.04   0.99   0.03   0.05   0.23   0.95   0.07   0.99   0.95   0.97   0.03   0.09   0.03   0.88   0.04   0.03   0.88   0.16   0.24   0.32   0.99   0.99   0.95   0.99   0.91   0.95   0.03   0.88   0.89   0.03   0.90   0.03   0.95   0.96   0.36   0.99   0.08   0.95   

0.65   0.78   0.70   0.62   0.58   0.60   0.58   0.57   0.59   0.53   0.70   0.54   0.55   0.69   0.56   0.64   0.50   0.60   0.62   0.50   0.61   0.54   0.64   0.54   0.71   0.47   0.62   0.59   0.52   0.62   0.63   0.50   0.50   0.52   0.62   0.58   0.53   0.54   0.46   0.51   0.61   0.50   0.77   0.51   0.65   0.41   0.66   0.53   0.36   0.64   0.63   0.62   0.68   0.62   0.67   0.62   0.58   0.62   0.57   0.50   0.50   0.46   0.47   0.54   0.56   0.62   0.53   0.55   0.60   0.62   0.48   0.51   0.36   0.50   0.52   0.54   0.58   0.59   
0.01   0.11   0.11   0.11   0.13   0.30   0.18   0.04   0.06   0.05   0.17   0.30   0.94   0.23   0.30   0.22   0.88   0.82   0.05   0.01   0.03   0.06   0.88   0.44   0.21   0.85   0.93   0.06   0.99   0.10   0.02   0.01   0.01   0.76   0.01   0.96   0.97   0.90   0.96   0.03   0.03   1.00   0.10   0.19   0.16   0.97   0.05   0.98   0.99   0.98   0.50   0.37   0.48   0.85   0.85   0.08   0.91   0.78   0.95   0.99   1.00   0.91   0.71   0.78   0.84   0.94   0.04   0.98   0.84   0.97   0.82   0.46   0.96   0.99   0.87   0.91   0.78   0.93   
0.01   0.03   0.04   0.07   0.10   0.18   0.12   0.04   0.04   0.05   0.09   0.25   0.78   0.12   0.22   0.13   0.72   0.45   0.04   0.00   0.01   0.05   0.58   0.36   0.10   0.69   0.74   0.05   0.96   0.06   0.01   0.00   0.00   0.45   0.01   0.83   0.90   0.68   0.89   0.03   0.02   1.00   0.03   0.18   0.08   0.91   0.03   0.91   0.99   0.86   0.27   0.24   0.23   0.51   0.47   0.07   0.67   0.39   0.78   0.80   1.00   0.80   0.43   0.47   0.54   0.72   0.04   0.93   0.44   0.80   0.55   0.37   0.93   0.99   0.64   0.73   0.41   0.70   
0.50   0.50   0.50   0.50   0.50   0.42   0.50   0.34   0.50   0.40   0.50   0.50   0.50   0.50   0.50   0.50   0.50   0.47   0.50   0.50   0.50   0.50   0.94   0.55   0.50   0.32   0.40   0.50   0.50   0.50   0.50   0.50   0.50   0.60   0.50   0.76   0.89   0.50   0.50   0.50   0.42   0.50   0.50   0.09   0.50   0.50   0.50   0.50   0.50   0.50   0.50   0.50   0.50   0.50   0.03   0.50   0.50   0.50   0.20   0.09   0.50   0.50   0.50   0.50   0.88   0.50   0.68   0.44   0.91   0.50   0.50   0.50   0.50   0.36   0.44   0.50   0.46   0.50   
0.03   0.03   0.03   0.03   0.03   0.05   0.10   0.02   0.03   0.03   0.03   0.03   0.94   0.64   0.17   0.64   0.99   0.22   0.03   0.03   0.03   0.03   0.97   0.33   0.03   0.36   0.79   0.03   0.03   0.10   0.03   0.03   0.02   0.62   0.03   0.97   0.99   0.03   0.94   0.03   0.02   0.99   0.03   0.03   0.19   0.94   0.06   0.99   0.94   0.96   0.03   0.08   0.03   0.87   0.02   0.03   0.87   0.11   0.27   0.20   0.99   0.99   0.94   0.99   0.90   0.94   0.03   0.88   0.85   0.03   0.88   0.03   0.94   0.96   0.37   0.99   0.13   0.94   

0.65   0.78   0.70   0.62   0.58   0.60   0.58   0.57   0.59   0.53   0.70   0.54   0.55   0.69   0.56   0.64   0.50   0.60   0.62   0.50   0.61   0.54   0.64   0.54   0.71   0.47   0.62   0.59   0.52   0.62   0.63   0.50   0.50   0.52   0.62   0.58   0.53   0.54   0.46   0.51   0.61   0.50   0.77   0.51   0.65   0.41   0.66   0.53   0.36   0.64   0.63   0.62   0.68   0.62   0.67   0.62   0.58   0.62   0.57   0.50   0.50   0.46   0.47   0.54   0.56   0.62   0.53   0.55   0.60   0.62   0.48   0.51   0.36   0.50   0.52   0.54   0.58   0.59   
0.01   0.08   0.08   0.08   0.11   0.20   0.13   0.04   0.04   0.05   0.13   0.26   0.91   0.19   0.24   0.18   0.85   0.74   0.05   0.00   0.02   0.05   0.84   0.38   0.17   0.87   0.94   0.05   0.97   0.07   0.02   0.00   0.00   0.49   0.01   0.94   0.98   0.86   0.97   0.03   0.03   1.00   0.08   0.15   0.12   0.93   0.05   0.96   0.97   0.98   0.34   0.28   0.33   0.87   0.81   0.08   0.92   0.48   0.95   0.99   1.00   0.86   0.41   0.70   0.77   0.91   0.03   0.97   0.75   0.94   0.83   0.37   0.93   0.99   0.80   0.87   0.47   0.89   
0.01   0.03   0.04   0.06   0.09   0.16   0.11   0.04   0.03   0.05   0.08   0.26   0.77   0.12   0.21   0.13   0.73   0.44   0.04   0.00   0.01   0.05   0.58   0.37   0.09   0.77   0.81   0.04   0.94   0.05   0.01   0.00   0.00   0.44   0.01   0.83   0.93   0.66   0.93   0.03   0.02   1.00   0.03   0.18   0.08   0.89   0.03   0.90   0.97   0.90   0.24   0.22   0.21   0.62   0.46   0.07   0.75   0.36   0.83   0.79   1.00   0.78   0.41   0.46   0.52   0.70   0.03   0.91   0.42   0.78   0.64   0.36   0.91   0.97   0.62   0.72   0.38   0.69   
0.50   0.50   0.50   0.50   0.50   0.48   0.50   0.39   0.50   0.45   0.50   0.50   0.50   0.50   0.50   0.50   0.50   0.53   0.50   0.50   0.50   0.50   0.95   0.61   0.50   0.37   0.45   0.50   0.50   0.50   0.50   0.50   0.50   0.65   0.50   0.81   0.91   0.50   0.50   0.50   0.48   0.50   0.50   0.11   0.50   0.50   0.50   0.50   0.50   0.50   0.50   0.50   0.50   0.50   0.03   0.50   0.50   0.50   0.24   0.11   0.50   0.50   0.50   0.50   0.91   0.50   0.73   0.50   0.93   0.50   0.50   0.50   0.50   0.41   0.50   0.50   0.52   0.50   
0.03   0.03   0.03   0.03   0.03   0.06   0.10   0.03   0.03   0.04   0.03   0.03   0.95   0.69   0.18   0.69   0.99   0.29   0.03   0.03   0.03   0.03   0.98   0.44   0.03   0.76   0.91   0.03   0.03   0.10   0.03   0.03   0.02   0.67   0.03   0.97   0.99   0.03   0.95   0.03   0.03   0.99   0.03   0.03   0.19   0.95   0.07   0.99   0.95   0.97   0.03   0.08   0.03   0.89   0.02   0.03   0.89   0.11   0.43   0.22   0.99   0.99   0.95   0.99   0.92   0.95   0.03   0.88   0.88   0.03   0.89   0.03   0.95   0.94   0.44   0.99   0.17   0.95   

0.65   0.78   0.70   0.62   0.58   0.60   0.58   0.57   0.59   0.53   0.70   0.54   0.55   0.69   0.56   0.64   0.50   0.60   0.62   0.50   0.61   0.54   0.64   0.54   0.71   0.47   0.62   0.59   0.52   0.62   0.63   0.50   0.50   0.52   0.62   0.58   0.53   0.54   0.46   0.51   0.61   0.50   0.77   0.51   0.65   0.41   0.66   0.53   0.36   0.64   0.63   0.62   0.68   0.62   0.67   0.62   0.58   0.62   0.57   0.50   0.50   0.46   0.47   0.54   0.56   0.62   0.53   0.55   0.60   0.62   0.48   0.51   0.36   0.50   0.52   0.54   0.58   0.59   
0.01   0.07   0.07   0.07   0.09   0.17   0.11   0.04   0.04   0.04   0.13   0.23   0.88   0.18   0.27   0.16   0.83   0.48   0.05   0.00   0.02   0.04   0.82   0.35   0.15   0.86   0.95   0.08   0.97   0.06   0.02   0.00   0.00   0.42   0.01   0.93   0.97   0.81   0.96   0.02   0.02   1.00   0.07   0.19   0.11   0.90   0.04   0.94   0.96   0.98   0.29   0.24   0.27   0.87   0.81   0.08   0.90   0.42   0.93   0.98   1.00   0.84   0.35   0.45   0.72   0.87   0.03   0.96   0.49   0.91   0.78   0.33   0.91   0.99   0.76   0.85   0.39   0.85   
0.01   0.03   0.04   0.05   0.08   0.14   0.10   0.04   0.03   0.05   0.08   0.24   0.74   0.11   0.25   0.12   0.70   0.39   0.04   0.00   0.01   0.05   0.54   0.34   0.08   0.74   0.82   0.08   0.94   0.05   0.01   0.00   0.00   0.40   0.01   0.80   0.91   0.62   0.91   0.03   0.02   1.00   0.03   0.22   0.07   0.86   0.03   0.87   0.96   0.91   0.20   0.20   0.17   0.63   0.49   0.07   0.71   0.31   0.79   0.80   1.00   0.75   0.38   0.42   0.48   0.66   0.03   0.89   0.37   0.73   0.59   0.32   0.89   0.96   0.57   0.68   0.32   0.64   
0.50   0.50   0.50   0.50   0.50   0.47   0.50   0.46   0.50   0.40   0.50   0.50   0.50   0.50   0.50   0.50   0.50   0.59   0.50   0.50   0.50   0.50   0.96   0.63   0.50   0.40   0.40   0.50   0.50   0.50   0.50   0.50   0.50   0.60   0.50   0.86   0.50   0.50   0.50   0.50   0.42   0.50   0.50   0.15   0.50   0.50   0.50   0.50   0.50   0.50   0.50   0.50   0.50   0.50   0.03   0.50   0.50   0.50   0.27   0.14   0.50   0.50   0.50   0.50   0.93   0.50   0.71   0.54   0.95   0.50   0.50   0.50   0.50   0.37   0.53   0.50   0.52   0.50   
0.03   0.03   0.03   0.03   0.03   0.05   0.09   0.05   0.03   0.04   0.03   0.03   0.94   0.68   0.16   0.68   0.99   0.29   0.03   0.03   0.03   0.03   0.98   0.43   0.03   0.75   0.91   0.03   0.03   0.09   0.03   0.03   0.02   0.37   0.03   0.98   0.94   0.03   0.94   0.03   0.03   0.99   0.03   0.07   0.18   0.94   0.06   0.99   0.94   0.96   0.03   0.08   0.03   0.88   0.02   0.03   0.88   0.09   0.40   0.29   0.99   0.99   0.94   0.99   0.93   0.94   0.03   0.87   0.89   0.03   0.88   0.03   0.95   0.90   0.40   0.99   0.12   0.94   

0.65   0.78   0.70   0.62   0.58   0.60   0.58   0.57   0.59   0.53   0.70   0.54   0.55   0.69   0.56   0.64   0.50   0.60   0.62   0.50   0.61   0.54   0.64   0.54   0.71   0.47   0.62   0.59   0.52   0.62   0.63   0.50   0.50   0.52   0.62   0.58   0.53   0.54   0.46   0.51   0.61   0.50   0.77   0.51   0.65   0.41   0.66   0.53   0.36   0.64   0.63   0.62   0.68   0.62   0.67   0.62   0.58   0.62   0.57   0.50   0.50   0.46   0.47   0.54   0.56   0.62   0.53   0.55   0.60   0.62   0.48   0.51   0.36   0.50   0.52   0.54   0.58   0.59   
0.01   0.08   0.49   0.08   0.11   0.19   0.15   0.04   0.04   0.05   0.11   0.26   0.94   0.20   0.31   0.18   0.89   0.71   0.04   0.01   0.02   0.05   0.80   0.34   0.17   0.81   0.92   0.08   0.98   0.09   0.02   0.01   0.01   0.80   0.01   0.95   0.98   0.90   0.98   0.03   0.02   1.00   0.08   0.21   0.14   0.95   0.04   0.97   0.98   0.99   0.31   0.26   0.29   0.86   0.82   0.08   0.87   0.43   0.96   0.99   1.00   0.90   0.76   0.82   0.86   0.94   0.03   0.93   0.74   0.91   0.76   0.32   0.94   0.99   0.78   0.91   0.47   0.92   
0.01   0.03   0.20   0.05   0.08   0.13   0.10   0.03   0.03   0.04   0.06   0.20   0.81   0.10   0.22   0.10   0.74   0.35   0.03   0.00   0.01   0.04   0.45   0.27   0.08   0.63   0.72   0.06   0.95   0.05   0.01   0.00   0.00   0.55   0.01   0.83   0.92   0.71   0.93   0.03   0.02   1.00   0.03   0.19   0.07   0.90   0.02   0.90   0.97   0.93   0.18   0.17   0.15   0.55   0.44   0.05   0.61   0.27   0.84   0.73   1.00   0.80   0.53   0.57   0.62   0.76   0.03   0.79   0.35   0.65   0.50   0.26   0.91   0.97   0.52   0.75   0.30   0.72   
0.50   0.50   0.50   0.50   0.50   0.48   0.50   0.47   0.50   0.41   0.50   0.50   0.50   0.50   0.50   0.50   0.50   0.61   0.50   0.50   0.50   0.50   0.97   0.65   0.50   0.41   0.41   0.50   0.50   0.50   0.50   0.50   0.50   0.62   0.50   0.88   0.50   0.50   0.50   0.50   0.43   0.50   0.50   0.14   0.50   0.50   0.50   0.50   0.50   0.50   0.50   0.50   0.50   0.50   0.03   0.50   0.50   0.50   0.27   0.13   0.50   0.50   0.50   0.50   0.95   0.50   0.74   0.56   0.96   0.50   0.50   0.50   0.50   0.38   0.54   0.50   0.54   0.50   
0.03   0.03   0.03   0.03   0.03   0.08   0.11   0.04   0.03   0.03   0.03   0.03   0.95   0.71   0.21   0.71   0.99   0.40   0.03   0.03   0.03   0.03   0.99   0.42   0.03   0.76   0.88   0.03   0.03   0.12   0.03   0.03   0.02   0.79   0.03   0.99   0.96   0.03   0.95   0.03   0.02   0.99   0.03   0.06   0.23   0.95   0.07   0.99   0.95   0.97   0.03   0.09   0.03   0.89   0.02   0.03   0.89   0.08   0.79   0.32   0.99   0.99   0.95   0.99   0.98   0.95   0.04   0.91   0.95   0.03   0.91   0.03   0.96   0.96   0.71   0.99   0.23   0.95   

0.65   0.78   0.70   0.62   0.58   0.60   0.58   0.57   0.59   0.53   0.70   0.54   0.55   0.69   0.56   0.64   0.50   0.60   0.62   0.50   0.61   0.54   0.64   0.54   0.71   0.47   0.62   0.59   0.52   0.62   0.63   0.50   0.50   0.52   0.62   0.58   0.53   0.54   0.46   0.51   0.61   0.50   0.77   0.51   0.65   0.41   0.66   0.53   0.36   0.64   0.63   0.62   0.68   0.62   0.67   0.62   0.58   0.62   0.57   0.50   0.50   0.46   0.47   0.54   0.56   0.62   0.53   0.55   0.60   0.62   0.48   0.51   0.36   0.50   0.52   0.54   0.58   0.59   
0.01   0.11   0.72   0.10   0.10   0.19   0.15   0.03   0.04   0.04   0.10   0.29   0.95   0.22   0.30   0.17   0.90   0.70   0.04   0.01   0.02   0.06   0.79   0.33   0.16   0.81   0.91   0.10   0.98   0.11   0.02   0.01   0.01   0.81   0.01   0.95   0.98   0.90   0.97   0.02   0.03   1.00   0.10   0.20   0.16   0.95   0.06   0.96   0.98   0.99   0.35   0.25   0.32   0.86   0.82   0.07   0.86   0.43   0.96   0.99   1.00   0.90   0.78   0.84   0.87   0.95   0.03   0.92   0.73   0.90   0.76   0.31   0.94   0.99   0.78   0.91   0.47   0.92   
0.01   0.03   0.22   0.06   0.07   0.12   0.10   0.03   0.03   0.04   0.05   0.21   0.81   0.11   0.22   0.10   0.75   0.34   0.03   0.00   0.01   0.05   0.44   0.26   0.07   0.64   0.71   0.07   0.94   0.06   0.01   0.00   0.00   0.54   0.01   0.83   0.92   0.70   0.92   0.02   0.02   1.00   0.03   0.18   0.08   0.90   0.03   0.89   0.97   0.94   0.19   0.17   0.16   0.55   0.43   0.05   0.60   0.26   0.83   0.72   1.00   0.81   0.55   0.58   0.63   0.77   0.03   0.78   0.35   0.64   0.50   0.25   0.90   0.96   0.53   0.75   0.30   0.71   
0.50   0.50   0.50   0.50   0.50   0.40   0.50   0.39   0.50   0.34   0.50   0.50   0.50   0.50   0.50   0.50   0.50   0.51   0.50   0.50   0.50   0.50   0.94   0.55   0.50   0.34   0.34   0.50   0.50   0.50   0.50   0.50   0.50   0.52   0.50   0.80   0.50   0.50   0.50   0.50   0.36   0.50   0.50   0.13   0.50   0.50   0.50   0.50   0.50   0.50   0.50   0.50   0.50   0.50   0.03   0.50   0.50   0.50   0.22   0.12   0.50   0.50   0.50   0.50   0.90   0.50   0.63   0.47   0.92   0.50   0.50   0.50   0.50   0.31   0.45   0.50   0.45   0.50   
0.03   0.03   0.03   0.03   0.03   0.04   0.09   0.03   0.03   0.02   0.03   0.03   0.94   0.62   0.15   0.62   0.99   0.19   0.03   0.03   0.03   0.03   0.95   0.25   0.03   0.44   0.76   0.03   0.03   0.09   0.03   0.03   0.02   0.40   0.03   0.97   0.93   0.03   0.94   0.03   0.03   0.99   0.03   0.04   0.17   0.94   0.06   0.99   0.94   0.96   0.03   0.07   0.03   0.86   0.02   0.03   0.86   0.07   0.40   0.19   0.99   0.99   0.94   0.99   0.93   0.94   0.02   0.78   0.82   0.03   0.87   0.03   0.94   0.89   0.34   0.99   0.09   0.94   

0.65   0.78   0.70   0.62   0.58   0.60   0.58   0.57   0.59   0.53   0.70   0.54   0.55   0.69   0.56   0.64   0.50   0.60   0.62   0.50   0.61   0.54   0.64   0.54   0.71   0.47   0.62   0.59   0.52   0.62   0.63   0.50   0.50   0.52   0.62   0.58   0.53   0.54   0.46   0.51   0.61   0.50   0.77   0.51   0.65   0.41   0.66   0.53   0.36   0.64   0.63   0.62   0.68   0.62   0.67   0.62   0.58   0.62   0.57   0.50   0.50   0.46   0.47   0.54   0.56   0.62   0.53   0.55   0.60   0.62   0.48   0.51   0.36   0.50   0.52   0.54   0.58   0.59   
0.02   0.06   0.72   0.11   0.11   0.19   0.15   0.04   0.05   0.05   0.11   0.30   0.95   0.24   0.31   0.18   0.88   0.46   0.05   0.01   0.02   0.07   0.80   0.27   0.17   0.82   0.91   0.11   0.98   0.07   0.01   0.01   0.01   0.81   0.01   0.96   0.98   0.91   0.97   0.03   0.04   1.00   0.06   0.15   0.17   0.95   0.06   0.97   0.98   0.99   0.33   0.26   0.23   0.86   0.83   0.08   0.87   0.42   0.96   0.99   1.00   0.91   0.78   0.84   0.88   0.95   0.04   0.92   0.74   0.90   0.77   0.31   0.94   0.99   0.78   0.91   0.38   0.92   
0.01   0.02   0.24   0.07   0.09   0.14   0.12   0.04   0.04   0.06   0.06   0.24   0.84   0.13   0.25   0.12   0.72   0.31   0.04   0.00   0.02   0.06   0.47   0.23   0.09   0.67   0.74   0.09   0.95   0.04   0.01   0.00   0.00   0.58   0.01   0.85   0.93   0.74   0.94   0.03   0.03   1.00   0.02   0.15   0.10   0.91   0.04   0.91   0.97   0.95   0.21   0.19   0.12   0.60   0.47   0.07   0.64   0.28   0.85   0.76   1.00   0.83   0.58   0.62   0.66   0.79   0.04   0.81   0.38   0.67   0.54   0.28   0.92   0.97   0.57   0.77   0.26   0.74   
0.50   0.50   0.50   0.50   0.50   0.50   0.50   0.49   0.50   0.43   0.50   0.50   0.50   0.50   0.50   0.50   0.50   0.63   0.50   0.50   0.50   0.50   0.98   0.67   0.50   0.43   0.43   0.50   0.50   0.50   0.50   0.50   0.50   0.64   0.50   0.89   0.50   0.50   0.50   0.50   0.45   0.50   0.50   0.15   0.50   0.50   0.50   0.50   0.50   0.50   0.50   0.50   0.50   0.50   0.03   0.50   0.50   0.50   0.28   0.14   0.50   0.50   0.50   0.50   0.95   0.50   0.75   0.58   0.97   0.50   0.50   0.50   0.50   0.40   0.56   0.50   0.56   0.50   
0.03   0.03   0.03   0.03   0.03   0.11   0.11   0.07   0.03   0.06   0.03   0.03   0.95   0.72   0.21   0.72   0.99   0.28   0.03   0.03   0.03   0.03   0.99   0.31   0.03   0.80   0.89   0.03   0.03   0.12   0.03   0.03   0.02   0.82   0.03   0.99   0.96   0.03   0.95   0.03   0.08   0.99   0.03   0.05   0.23   0.95   0.06   0.99   0.95   0.97   0.03   0.08   0.03   0.89   0.02   0.03   0.89   0.05   0.81   0.33   0.99   0.99   0.95   0.99   0.99   0.95   0.09   0.92   0.96   0.03   0.92   0.03   0.96   0.96   0.77   0.99   0.12   0.95   

0.65   0.78   0.70   0.62   0.58   0.60   0.58   0.57   0.59   0.53   0.70   0.54   0.55   0.69   0.56   0.64   0.50   0.60   0.62   0.50   0.61   0.54   0.64   0.54   0.71   0.47   0.62   0.59   0.52   0.62   0.63   0.50   0.50   0.52   0.62   0.58   0.53   0.54   0.46   0.51   0.61   0.50   0.77   0.51   0.65   0.41   0.66   0.53   0.36   0.64   0.63   0.62   0.68   0.62   0.67   0.62   0.58   0.62   0.57   0.50   0.50   0.46   0.47   0.54   0.56   0.62   0.53   0.55   0.60   0.62   0.48   0.51   0.36   0.50   0.52   0.54   0.58   0.59   
0.01   0.08   0.74   0.10   0.12   0.18   0.17   0.03   0.04   0.04   0.12   0.28   0.95   0.26   0.29   0.20   0.88   0.49   0.05   0.01   0.03   0.06   0.80   0.25   0.15   0.81   0.91   0.12   0.98   0.06   0.01   0.01   0.01   0.83   0.02   0.96   0.98   0.91   0.98   0.03   0.03   1.00   0.07   0.13   0.15   0.96   0.08   0.97   0.98   0.99   0.37   0.24   0.27   0.87   0.82   0.06   0.88   0.45   0.96   0.99   1.00   0.91   0.80   0.85   0.88   0.95   0.04   0.93   0.76   0.91   0.77   0.30   0.95   0.99   0.79   0.91   0.42   0.93   
0.01   0.02   0.25   0.06   0.10   0.13   0.12   0.04   0.03   0.05   0.07   0.22   0.83   0.13   0.23   0.13   0.71   0.32   0.04   0.00   0.02   0.06   0.48   0.21   0.08   0.66   0.72   0.09   0.95   0.03   0.01   0.00   0.00   0.59   0.01   0.84   0.93   0.75   0.94   0.04   0.02   1.00   0.02   0.14   0.09   0.92   0.04   0.91   0.98   0.95   0.22   0.18   0.13   0.60   0.45   0.06   0.65   0.30   0.85   0.75   1.00   0.83   0.59   0.63   0.67   0.80   0.04   0.82   0.40   0.69   0.53   0.27   0.93   0.97   0.58   0.77   0.28   0.75   
0.50   0.50   0.50   0.50   0.50   0.50   0.50   0.47   0.50   0.35   0.50   0.50   0.50   0.50   0.50   0.50   0.50   0.64   0.50   0.50   0.50   0.50   0.97   0.65   0.50   0.38   0.37   0.50   0.50   0.50   0.50   0.50   0.50   0.71   0.50   0.50   0.50   0.50   0.50   0.50   0.49   0.50   0.50   0.09   0.50   0.50   0.50   0.50   0.50   0.50   0.50   0.50   0.50   0.50   0.02   0.50   0.50   0.50   0.20   0.12   0.50   0.50   0.50   0.50   0.94   0.50   0.77   0.51   0.98   0.50   0.50   0.50   0.50   0.47   0.60   0.50   0.58   0.50   
0.03   0.03   0.03   0.03   0.03   0.11   0.11   0.05   0.03   0.04   0.03   0.03   0.95   0.72   0.21   0.72   0.99   0.31   0.03   0.03   0.03   0.03   0.99   0.28   0.03   0.75   0.85   0.03   0.03   0.12   0.03   0.03   0.02   0.87   0.03   0.95   0.96   0.03   0.95   0.03   0.08   0.99   0.03   0.02   0.23   0.95   0.06   0.99   0.95   0.97   0.03   0.08   0.03   0.89   0.02   0.03   0.89   0.05   0.75   0.28   0.99   0.99   0.95   0.99   0.99   0.95   0.10   0.90   0.98   0.03   0.92   0.03   0.96   0.97   0.81   0.99   0.15   0.95   

0.65   0.78   0.70   0.62   0.58   0.60   0.58   0.57   0.59   0.53   0.70   0.54   0.55   0.69   0.56   0.64   0.50   0.60   0.62   0.50   0.61   0.54   0.64   0.54   0.71   0.47   0.62   0.59   0.52   0.62   0.63   0.50   0.50   0.52   0.62   0.58   0.53   0.54   0.46   0.51   0.61   0.50   0.77   0.51   0.65   0.41   0.66   0.53   0.36   0.64   0.63   0.62   0.68   0.62   0.67   0.62   0.58   0.62   0.57   0.50   0.50   0.46   0.47   0.54   0.56   0.62   0.53   0.55   0.60   0.62   0.48   0.51   0.36   0.50   0.52   0.54   0.58   0.59   
0.01   0.08   0.74   0.10   0.12   0.18   0.17   0.03   0.04   0.04   0.12   0.28   0.95   0.26   0.29   0.20   0.88   0.49   0.05   0.01   0.03   0.06   0.80   0.25   0.15   0.81   0.91   0.12   0.98   0.06   0.01   0.01   0.01   0.83   0.02   0.96   0.98   0.91   0.98   0.03   0.03   1.00   0.07   0.13   0.15   0.96   0.08   0.97   0.98   0.99   0.37   0.24   0.27   0.87   0.82   0.06   0.88   0.45   0.96   0.99   1.00   0.91   0.80   0.85   0.88   0.95   0.04   0.93   0.76   0.91   0.77   0.30   0.95   0.99   0.79   0.91   0.42   0.93   
0.01   0.02   0.25   0.06   0.10   0.13   0.12   0.04   0.03   0.05   0.07   0.22   0.83   0.13   0.23   0.13   0.71   0.32   0.04   0.00   0.02   0.06   0.48   0.21   0.08   0.66   0.72   0.09   0.95   0.03   0.01   0.00   0.00   0.59   0.01   0.84   0.93   0.75   0.94   0.04   0.02   1.00   0.02   0.14   0.09   0.92   0.04   0.91   0.98   0.95   0.22   0.18   0.13   0.60   0.45   0.06   0.65   0.30   0.85   0.75   1.00   0.83   0.59   0.63   0.67   0.80   0.04   0.82   0.40   0.69   0.53   0.27   0.93   0.97   0.58   0.77   0.28   0.75   
0.50   0.50   0.50   0.50   0.50   0.44   0.50   0.40   0.50   0.30   0.50   0.50   0.50   0.50   0.50   0.50   0.50   0.57   0.50   0.50   0.50   0.50   0.95   0.58   0.50   0.32   0.31   0.50   0.50   0.50   0.50   0.50   0.50   0.65   0.50   0.50   0.50   0.50   0.50   0.50   0.43   0.50   0.50   0.08   0.50   0.50   0.50   0.50   0.50   0.50   0.50   0.50   0.50   0.50   0.02   0.50   0.50   0.50   0.18   0.10   0.50   0.50   0.50   0.50   0.92   0.50   0.70   0.44   0.97   0.50   0.50   0.50   0.50   0.41   0.53   0.50   0.51   0.50   
0.03   0.03   0.03   0.03   0.03   0.06   0.10   0.04   0.03   0.02   0.03   0.03   0.94   0.64   0.17   0.64   0.99   0.17   0.03   0.03   0.03   0.03   0.97   0.20   0.03   0.42   0.74   0.03   0.03   0.10   0.03   0.03   0.02   0.76   0.03   0.93   0.94   0.03   0.94   0.03   0.05   0.99   0.03   0.02   0.19   0.94   0.06   0.99   0.94   0.96   0.03   0.07   0.03   0.86   0.01   0.03   0.86   0.06   0.38   0.21   0.99   0.99   0.94   0.99   0.96   0.94   0.05   0.80   0.94   0.03   0.88   0.03   0.94   0.94   0.46   0.99   0.07   0.94   

0.00   0.00   0.00   0.00   0.00   0.00   0.00   0.00   0.00   0.00   0.00   0.00   0.00   0.00   0.00   0.00   0.00   0.00   0.00   0.00   0.00   0.00   0.00   0.00   0.00   0.00   0.00   0.00   0.00   0.00   0.00   0.00   0.00   1.00   0.00   0.00   1.00   1.00   1.00   0.00   0.00   1.00   0.00   0.00   0.00   1.00   0.00   1.00   1.00   1.00   1.00   0.00   0.00   1.00   0.00   0.00   1.00   1.00   1.00   1.00   1.00   1.00   1.00   1.00   1.00   1.00   1.00   1.00   1.00   1.00   1.00   1.00   1.00   1.00   1.00   1.00   1.00   1.00   