5.00   5.00   5.00   5.00   5.00   5.00   5.00   5.00   5.00   5.00   5.00   5.00   5.00   5.00   5.00   5.00   5.00   5.00   5.00   5.00   5.00   5.00   5.00   5.00   5.00   5.00   5.00   5.00   5.00   5.00   5.00   5.00   5.00   5.00   5.00   5.00   5.00   5.00   5.00   5.00   5.00   5.00   5.00   5.00   5.00   5.00   5.00   5.00   5.00   5.00   5.00   5.00   5.00   5.00   5.00   5.00   5.00   5.00   5.00   5.00   5.00   5.00   5.00   5.00   5.00   5.00   5.00   5.00   5.00   5.00   5.00   5.00   5.00   5.00   5.00   5.00   5.00   5.00   
0.06   0.83   0.06   0.06   0.78   0.06   0.06   0.06   0.06   0.06   0.06   0.98   0.06   0.06   0.06   0.06   0.06   0.06   0.06   0.06   0.06   0.06   0.06   0.06   0.78   0.98   0.06   0.06   0.06   0.06   0.06   0.06   0.06   0.98   0.83   0.83   0.83   0.06   0.98   0.83   0.78   0.06   0.06   0.06   0.06   0.98   0.06   0.98   0.98   0.78   0.06   0.06   0.78   0.06   0.06   0.83   0.06   0.06   0.98   0.98   0.06   0.06   0.83   0.83   0.83   0.83   0.06   0.98   0.06   0.06   0.06   0.06   0.06   0.06   0.83   0.06   0.06   0.83   
0.06   0.83   0.06   0.06   0.78   0.06   0.06   0.06   0.06   0.06   0.06   0.98   0.06   0.06   0.06   0.06   0.06   0.06   0.06   0.06   0.06   0.06   0.06   0.06   0.78   0.98   0.06   0.06   0.06   0.06   0.06   0.06   0.06   0.98   0.83   0.83   0.83   0.06   0.98   0.83   0.78   0.06   0.06   0.06   0.06   0.98   0.06   0.98   0.98   0.78   0.06   0.06   0.78   0.06   0.06   0.83   0.06   0.06   0.98   0.98   0.06   0.06   0.83   0.83   0.83   0.83   0.06   0.98   0.06   0.06   0.06   0.06   0.06   0.06   0.83   0.06   0.06   0.83   
0.28   0.33   0.45   0.30   0.22   0.70   0.34   0.42   0.42   0.54   0.22   0.51   0.14   0.56   0.17   0.53   0.39   0.27   0.39   0.41   0.15   0.52   0.41   0.50   0.23   0.81   0.22   0.30   0.29   0.42   0.47   0.24   0.21   0.48   0.74   0.82   0.71   0.10   0.73   0.88   0.23   0.48   0.27   0.24   0.25   0.77   0.40   0.75   0.68   0.44   0.56   0.41   0.18   0.51   0.56   0.64   0.29   0.53   0.60   0.88   0.54   0.56   0.86   0.55   0.49   0.68   0.38   0.60   0.69   0.49   0.85   0.88   0.66   0.89   0.73   0.63   0.60   0.82   
0.02   0.94   0.03   0.02   0.88   0.92   0.02   0.03   0.03   0.86   0.01   0.99   0.01   0.87   0.01   0.85   0.03   0.02   0.03   0.03   0.01   0.85   0.03   0.04   0.89   1.00   0.01   0.02   0.02   0.03   0.04   0.01   0.01   0.99   0.99   0.99   0.99   0.00   1.00   1.00   0.88   0.04   0.02   0.01   0.01   1.00   0.03   1.00   1.00   0.95   0.87   0.03   0.85   0.84   0.87   0.98   0.02   0.85   1.00   1.00   0.86   0.87   0.99   0.97   0.97   0.98   0.03   1.00   0.92   0.04   0.97   0.97   0.91   0.98   0.99   0.90   0.88   0.99   

5.00   5.00   5.00   5.00   5.00   5.00   5.00   5.00   5.00   5.00   5.00   5.00   5.00   5.00   5.00   5.00   5.00   5.00   5.00   5.00   5.00   5.00   5.00   5.00   5.00   5.00   5.00   5.00   5.00   5.00   5.00   5.00   5.00   5.00   5.00   5.00   5.00   5.00   5.00   5.00   5.00   5.00   5.00   5.00   5.00   5.00   5.00   5.00   5.00   5.00   5.00   5.00   5.00   5.00   5.00   5.00   5.00   5.00   5.00   5.00   5.00   5.00   5.00   5.00   5.00   5.00   5.00   5.00   5.00   5.00   5.00   5.00   5.00   5.00   5.00   5.00   5.00   5.00   
0.05   0.86   0.05   0.05   0.85   0.05   0.05   0.05   0.05   0.05   0.05   0.98   0.05   0.05   0.05   0.05   0.05   0.16   0.05   0.05   0.05   0.05   0.05   0.05   0.85   0.99   0.05   0.16   0.05   0.16   0.05   0.05   0.05   0.98   0.83   0.83   0.83   0.05   0.98   0.83   0.87   0.05   0.05   0.05   0.05   0.98   0.05   0.98   0.98   0.87   0.05   0.16   0.85   0.05   0.05   0.83   0.05   0.05   0.98   0.98   0.05   0.05   0.83   0.83   0.83   0.83   0.05   0.98   0.05   0.05   0.05   0.05   0.05   0.05   0.83   0.16   0.05   0.83   
0.05   0.86   0.05   0.05   0.85   0.05   0.05   0.05   0.05   0.05   0.05   0.98   0.05   0.05   0.05   0.05   0.05   0.16   0.05   0.05   0.05   0.05   0.05   0.05   0.85   0.99   0.05   0.16   0.05   0.16   0.05   0.05   0.05   0.98   0.83   0.83   0.83   0.05   0.98   0.83   0.87   0.05   0.05   0.05   0.05   0.98   0.05   0.98   0.98   0.87   0.05   0.16   0.85   0.05   0.05   0.83   0.05   0.05   0.98   0.98   0.05   0.05   0.83   0.83   0.83   0.83   0.05   0.98   0.05   0.05   0.05   0.05   0.05   0.05   0.83   0.16   0.05   0.83   
0.22   0.29   0.46   0.27   0.17   0.84   0.33   0.50   0.44   0.67   0.22   0.50   0.08   0.73   0.09   0.59   0.35   0.19   0.65   0.52   0.08   0.61   0.48   0.67   0.18   0.50   0.21   0.27   0.34   0.40   0.58   0.14   0.13   0.70   0.88   0.92   0.87   0.50   0.50   0.50   0.12   0.59   0.18   0.16   0.19   0.50   0.42   0.50   0.50   0.38   0.59   0.43   0.16   0.79   0.65   0.80   0.28   0.66   0.50   0.50   0.74   0.74   0.50   0.71   0.73   0.88   0.39   0.50   0.82   0.73   0.94   0.97   0.87   0.99   0.84   0.76   0.71   0.95   
0.02   0.94   0.86   0.02   0.88   0.98   0.03   0.88   0.85   0.94   0.02   0.99   0.00   0.95   0.01   0.91   0.80   0.00   0.93   0.89   0.00   0.92   0.87   0.94   0.88   0.99   0.02   0.01   0.03   0.01   0.91   0.01   0.01   1.00   1.00   1.00   1.00   0.04   0.99   0.98   0.79   0.91   0.01   0.01   0.01   0.99   0.84   0.99   0.99   0.95   0.91   0.01   0.87   0.96   0.93   0.99   0.02   0.93   0.99   0.99   0.96   0.95   0.98   0.99   0.99   1.00   0.83   0.99   0.97   0.95   0.99   1.00   0.98   1.00   1.00   0.93   0.95   1.00   

5.00   5.00   5.00   5.00   5.00   5.00   5.00   5.00   5.00   5.00   5.00   5.00   5.00   5.00   5.00   5.00   5.00   5.00   5.00   5.00   5.00   5.00   5.00   5.00   5.00   5.00   5.00   5.00   5.00   5.00   5.00   5.00   5.00   5.00   5.00   5.00   5.00   5.00   5.00   5.00   5.00   5.00   5.00   5.00   5.00   5.00   5.00   5.00   5.00   5.00   5.00   5.00   5.00   5.00   5.00   5.00   5.00   5.00   5.00   5.00   5.00   5.00   5.00   5.00   5.00   5.00   5.00   5.00   5.00   5.00   5.00   5.00   5.00   5.00   5.00   5.00   5.00   5.00   
0.03   0.15   0.03   0.03   0.94   0.36   0.03   0.03   0.03   0.03   0.36   0.99   0.03   0.03   0.03   0.03   0.03   0.03   0.03   0.03   0.03   0.36   0.03   0.03   0.94   0.99   0.36   0.03   0.03   0.03   0.36   0.36   0.03   0.99   0.87   0.15   0.87   0.36   0.99   0.87   0.94   0.36   0.03   0.36   0.03   0.99   0.03   0.99   0.99   0.94   0.03   0.34   0.94   0.36   0.36   0.87   0.36   0.36   0.99   0.99   0.36   0.36   0.87   0.87   0.87   0.87   0.36   0.99   0.03   0.36   0.36   0.36   0.36   0.36   0.87   0.34   0.36   0.87   
0.03   0.15   0.03   0.03   0.94   0.36   0.03   0.03   0.03   0.03   0.36   0.99   0.03   0.03   0.03   0.03   0.03   0.03   0.03   0.03   0.03   0.36   0.03   0.03   0.94   0.99   0.36   0.03   0.03   0.03   0.36   0.36   0.03   0.99   0.87   0.15   0.87   0.36   0.99   0.87   0.94   0.36   0.03   0.36   0.03   0.99   0.03   0.99   0.99   0.94   0.03   0.34   0.94   0.36   0.36   0.87   0.36   0.36   0.99   0.99   0.36   0.36   0.87   0.87   0.87   0.87   0.36   0.99   0.03   0.36   0.36   0.36   0.36   0.36   0.87   0.34   0.36   0.87   
0.12   0.13   0.53   0.23   0.11   0.87   0.26   0.51   0.44   0.81   0.17   0.50   0.50   0.80   0.50   0.57   0.43   0.50   0.49   0.51   0.50   0.52   0.57   0.65   0.06   0.50   0.20   0.50   0.28   0.33   0.59   0.07   0.10   0.50   0.50   0.50   0.50   0.50   0.50   0.50   0.03   0.59   0.11   0.09   0.13   0.50   0.48   0.50   0.50   0.31   0.64   0.24   0.05   0.78   0.72   0.50   0.28   0.68   0.50   0.50   0.85   0.60   0.50   0.70   0.68   0.50   0.30   0.50   0.89   0.75   0.99   0.50   0.93   0.50   0.50   0.89   0.77   0.50   
0.01   0.24   0.05   0.01   0.65   0.97   0.02   0.05   0.04   0.71   0.18   0.99   0.79   0.70   0.79   0.06   0.04   0.02   0.05   0.05   0.79   0.83   0.06   0.52   0.28   0.99   0.21   0.02   0.02   0.01   0.87   0.08   0.01   0.99   0.96   0.96   0.96   0.04   0.99   0.96   0.12   0.87   0.01   0.09   0.01   0.99   0.04   0.99   0.99   0.85   0.52   0.19   0.24   0.94   0.92   0.96   0.65   0.91   0.99   0.99   0.96   0.87   0.96   0.98   0.98   0.96   0.66   0.99   0.83   0.93   1.00   0.79   0.98   0.79   0.96   0.96   0.94   0.96   

5.00   5.00   5.00   5.00   5.00   5.00   5.00   5.00   5.00   5.00   5.00   5.00   5.00   5.00   5.00   5.00   5.00   5.00   5.00   5.00   5.00   5.00   5.00   5.00   5.00   5.00   5.00   5.00   5.00   5.00   5.00   5.00   5.00   5.00   5.00   5.00   5.00   5.00   5.00   5.00   5.00   5.00   5.00   5.00   5.00   5.00   5.00   5.00   5.00   5.00   5.00   5.00   5.00   5.00   5.00   5.00   5.00   5.00   5.00   5.00   5.00   5.00   5.00   5.00   5.00   5.00   5.00   5.00   5.00   5.00   5.00   5.00   5.00   5.00   5.00   5.00   5.00   5.00   
0.05   0.28   0.05   0.05   0.95   0.56   0.05   0.05   0.05   0.05   0.56   0.99   0.05   0.02   0.05   0.05   0.05   0.04   0.05   0.02   0.05   0.56   0.05   0.05   0.95   0.99   0.41   0.01   0.02   0.01   0.56   0.56   0.05   0.99   0.90   0.30   0.90   0.41   0.98   0.90   0.93   0.41   0.05   0.56   0.05   0.99   0.05   0.99   0.99   0.95   0.05   0.37   0.95   0.56   0.56   0.90   0.56   0.56   0.99   0.99   0.56   0.56   0.90   0.90   0.90   0.90   0.41   0.99   0.05   0.56   0.56   0.56   0.56   0.56   0.90   0.50   0.56   0.90   
0.05   0.28   0.05   0.05   0.95   0.56   0.05   0.05   0.05   0.05   0.56   0.99   0.05   0.02   0.05   0.05   0.05   0.04   0.05   0.02   0.05   0.56   0.05   0.05   0.95   0.99   0.41   0.01   0.02   0.01   0.56   0.56   0.05   0.99   0.90   0.30   0.90   0.41   0.98   0.90   0.93   0.41   0.05   0.56   0.05   0.99   0.05   0.99   0.99   0.95   0.05   0.37   0.95   0.56   0.56   0.90   0.56   0.56   0.99   0.99   0.56   0.56   0.90   0.90   0.90   0.90   0.41   0.99   0.05   0.56   0.56   0.56   0.56   0.56   0.90   0.50   0.56   0.90   
0.50   0.16   0.51   0.19   0.08   0.86   0.19   0.54   0.53   0.88   0.10   0.50   0.50   0.81   0.50   0.49   0.38   0.50   0.53   0.41   0.50   0.61   0.51   0.62   0.05   0.50   0.21   0.50   0.33   0.34   0.68   0.04   0.50   0.50   0.50   0.50   0.50   0.50   0.50   0.50   0.04   0.64   0.50   0.11   0.10   0.50   0.53   0.50   0.50   0.34   0.62   0.23   0.07   0.82   0.73   0.50   0.18   0.65   0.50   0.50   0.88   0.70   0.50   0.73   0.68   0.50   0.38   0.50   0.88   0.84   0.50   0.50   0.95   0.50   0.50   0.90   0.79   0.50   
0.05   0.81   0.80   0.09   0.56   0.98   0.09   0.82   0.82   0.97   0.07   0.99   0.85   0.12   0.85   0.79   0.71   0.01   0.82   0.02   0.85   0.92   0.81   0.87   0.17   0.99   0.02   0.01   0.02   0.00   0.94   0.03   0.05   0.99   0.98   0.98   0.98   0.04   0.99   0.98   0.01   0.11   0.05   0.08   0.04   0.99   0.82   0.99   0.99   0.81   0.87   0.01   0.22   0.97   0.95   0.98   0.60   0.93   0.99   0.99   0.98   0.94   0.98   0.99   0.99   0.98   0.04   0.99   0.97   0.97   0.87   0.85   0.99   0.85   0.98   0.96   0.96   0.98   

5.00   5.00   5.00   5.00   5.00   5.00   5.00   5.00   5.00   5.00   5.00   5.00   5.00   5.00   5.00   5.00   5.00   5.00   5.00   5.00   5.00   5.00   5.00   5.00   5.00   5.00   5.00   5.00   5.00   5.00   5.00   5.00   5.00   5.00   5.00   5.00   5.00   5.00   5.00   5.00   5.00   5.00   5.00   5.00   5.00   5.00   5.00   5.00   5.00   5.00   5.00   5.00   5.00   5.00   5.00   5.00   5.00   5.00   5.00   5.00   5.00   5.00   5.00   5.00   5.00   5.00   5.00   5.00   5.00   5.00   5.00   5.00   5.00   5.00   5.00   5.00   5.00   5.00   
0.04   0.23   0.04   0.04   0.92   0.42   0.04   0.04   0.04   0.04   0.42   0.97   0.04   0.09   0.04   0.04   0.04   0.03   0.12   0.02   0.04   0.42   0.12   0.12   0.92   0.99   0.33   0.01   0.02   0.01   0.42   0.42   0.04   0.99   0.92   0.24   0.92   0.33   0.98   0.85   0.89   0.33   0.12   0.42   0.04   0.99   0.04   0.99   0.99   0.95   0.04   0.52   0.92   0.72   0.72   0.92   0.42   0.72   0.99   0.99   0.42   0.42   0.85   0.85   0.85   0.85   0.33   0.97   0.04   0.72   0.42   0.72   0.72   0.72   0.92   0.38   0.72   0.92   
0.04   0.23   0.04   0.04   0.92   0.42   0.04   0.04   0.04   0.04   0.42   0.97   0.04   0.09   0.04   0.04   0.04   0.03   0.12   0.02   0.04   0.42   0.12   0.12   0.92   0.99   0.33   0.01   0.02   0.01   0.42   0.42   0.04   0.99   0.92   0.24   0.92   0.33   0.98   0.85   0.89   0.33   0.12   0.42   0.04   0.99   0.04   0.99   0.99   0.95   0.04   0.52   0.92   0.72   0.72   0.92   0.42   0.72   0.99   0.99   0.42   0.42   0.85   0.85   0.85   0.85   0.33   0.97   0.04   0.72   0.42   0.72   0.72   0.72   0.92   0.38   0.72   0.92   
0.50   0.25   0.51   0.21   0.09   0.82   0.11   0.73   0.46   0.91   0.09   0.50   0.50   0.83   0.50   0.39   0.34   0.50   0.45   0.52   0.50   0.43   0.61   0.58   0.04   0.50   0.19   0.50   0.26   0.50   0.73   0.04   0.50   0.50   0.50   0.50   0.50   0.50   0.50   0.50   0.01   0.65   0.50   0.14   0.08   0.50   0.49   0.50   0.50   0.39   0.61   0.21   0.04   0.88   0.77   0.50   0.16   0.68   0.50   0.50   0.93   0.80   0.50   0.50   0.66   0.50   0.42   0.50   0.92   0.77   0.50   0.50   0.98   0.50   0.50   0.93   0.79   0.50   
0.04   0.38   0.09   0.02   0.15   0.92   0.01   0.68   0.07   0.88   0.06   0.99   0.79   0.90   0.79   0.06   0.05   0.01   0.73   0.02   0.79   0.65   0.84   0.82   0.08   0.99   0.05   0.01   0.01   0.01   0.87   0.03   0.04   0.99   0.97   0.97   0.97   0.04   0.99   0.97   0.01   0.66   0.04   0.09   0.01   0.99   0.08   0.99   0.99   0.87   0.55   0.23   0.07   0.98   0.97   0.97   0.11   0.95   0.99   0.99   0.97   0.90   0.97   0.97   0.95   0.97   0.13   0.99   0.89   0.97   0.83   0.79   1.00   0.79   0.97   0.96   0.97   0.97   

5.00   5.00   5.00   5.00   5.00   5.00   5.00   5.00   5.00   5.00   5.00   5.00   5.00   5.00   5.00   5.00   5.00   5.00   5.00   5.00   5.00   5.00   5.00   5.00   5.00   5.00   5.00   5.00   5.00   5.00   5.00   5.00   5.00   5.00   5.00   5.00   5.00   5.00   5.00   5.00   5.00   5.00   5.00   5.00   5.00   5.00   5.00   5.00   5.00   5.00   5.00   5.00   5.00   5.00   5.00   5.00   5.00   5.00   5.00   5.00   5.00   5.00   5.00   5.00   5.00   5.00   5.00   5.00   5.00   5.00   5.00   5.00   5.00   5.00   5.00   5.00   5.00   5.00   
0.04   0.25   0.04   0.04   0.59   0.33   0.04   0.04   0.04   0.04   0.33   0.96   0.04   0.08   0.04   0.04   0.04   0.02   0.13   0.01   0.04   0.33   0.13   0.13   0.59   0.98   0.24   0.01   0.01   0.01   0.33   0.33   0.04   0.99   0.96   0.56   0.96   0.24   0.98   0.91   0.44   0.24   0.13   0.33   0.04   0.99   0.04   0.99   0.99   0.68   0.04   0.35   0.59   0.85   0.85   0.96   0.76   0.52   0.99   0.87   0.33   0.33   0.67   0.67   0.91   0.67   0.24   0.96   0.04   0.85   0.76   0.85   0.85   0.52   0.96   0.27   0.52   0.96   
0.04   0.25   0.04   0.04   0.59   0.33   0.04   0.04   0.04   0.04   0.33   0.96   0.04   0.08   0.04   0.04   0.04   0.02   0.13   0.01   0.04   0.33   0.13   0.13   0.59   0.98   0.24   0.01   0.01   0.01   0.33   0.33   0.04   0.99   0.96   0.56   0.96   0.24   0.98   0.91   0.44   0.24   0.13   0.33   0.04   0.99   0.04   0.99   0.99   0.68   0.04   0.35   0.59   0.85   0.85   0.96   0.76   0.52   0.99   0.87   0.33   0.33   0.67   0.67   0.91   0.67   0.24   0.96   0.04   0.85   0.76   0.85   0.85   0.52   0.96   0.27   0.52   0.96   
0.50   0.21   0.45   0.19   0.08   0.82   0.12   0.69   0.48   0.92   0.09   0.50   0.50   0.82   0.50   0.38   0.34   0.50   0.35   0.57   0.50   0.38   0.64   0.53   0.05   0.50   0.16   0.50   0.50   0.50   0.77   0.05   0.50   0.50   0.50   0.50   0.50   0.50   0.50   0.50   0.01   0.68   0.50   0.13   0.08   0.50   0.34   0.50   0.50   0.37   0.61   0.17   0.03   0.80   0.76   0.50   0.12   0.69   0.50   0.50   0.93   0.74   0.50   0.50   0.57   0.50   0.45   0.50   0.92   0.71   0.50   0.50   0.50   0.50   0.50   0.93   0.81   0.50   
0.04   0.13   0.05   0.02   0.08   0.88   0.01   0.13   0.06   0.79   0.05   0.99   0.76   0.60   0.76   0.04   0.03   0.01   0.10   0.02   0.76   0.24   0.52   0.19   0.06   0.99   0.05   0.01   0.02   0.00   0.85   0.03   0.04   0.99   0.97   0.97   0.97   0.04   0.99   0.97   0.00   0.63   0.04   0.07   0.01   0.99   0.03   0.99   0.99   0.69   0.10   0.07   0.03   0.98   0.97   0.97   0.26   0.88   0.99   0.99   0.96   0.83   0.97   0.97   0.96   0.97   0.17   0.99   0.78   0.97   0.77   0.76   0.85   0.76   0.97   0.93   0.93   0.97   

5.00   5.00   5.00   5.00   5.00   5.00   5.00   5.00   5.00   5.00   5.00   5.00   5.00   5.00   5.00   5.00   5.00   5.00   5.00   5.00   5.00   5.00   5.00   5.00   5.00   5.00   5.00   5.00   5.00   5.00   5.00   5.00   5.00   5.00   5.00   5.00   5.00   5.00   5.00   5.00   5.00   5.00   5.00   5.00   5.00   5.00   5.00   5.00   5.00   5.00   5.00   5.00   5.00   5.00   5.00   5.00   5.00   5.00   5.00   5.00   5.00   5.00   5.00   5.00   5.00   5.00   5.00   5.00   5.00   5.00   5.00   5.00   5.00   5.00   5.00   5.00   5.00   5.00   
0.03   0.21   0.03   0.03   0.39   0.21   0.03   0.03   0.27   0.03   0.21   0.94   0.03   0.11   0.03   0.03   0.03   0.02   0.41   0.21   0.03   0.21   0.41   0.41   0.39   0.98   0.14   0.00   0.01   0.00   0.21   0.21   0.03   0.99   0.96   0.71   0.96   0.14   0.97   0.89   0.25   0.14   0.16   0.21   0.03   0.99   0.03   0.99   0.99   0.50   0.03   0.26   0.63   0.86   0.70   0.96   0.77   0.40   0.99   0.86   0.50   0.21   0.48   0.48   0.89   0.48   0.14   0.81   0.03   0.86   0.59   0.86   0.86   0.65   0.96   0.16   0.40   0.96   
0.03   0.21   0.03   0.03   0.39   0.21   0.03   0.03   0.27   0.03   0.21   0.94   0.03   0.11   0.03   0.03   0.03   0.02   0.41   0.21   0.03   0.21   0.41   0.41   0.39   0.98   0.14   0.00   0.01   0.00   0.21   0.21   0.03   0.99   0.96   0.71   0.96   0.14   0.97   0.89   0.25   0.14   0.16   0.21   0.03   0.99   0.03   0.99   0.99   0.50   0.03   0.26   0.63   0.86   0.70   0.96   0.77   0.40   0.99   0.86   0.50   0.21   0.48   0.48   0.89   0.48   0.14   0.81   0.03   0.86   0.59   0.86   0.86   0.65   0.96   0.16   0.40   0.96   
0.50   0.26   0.44   0.28   0.09   0.84   0.14   0.75   0.47   0.93   0.12   0.50   0.50   0.82   0.50   0.42   0.30   0.50   0.35   0.60   0.50   0.34   0.71   0.52   0.06   0.50   0.15   0.50   0.50   0.50   0.70   0.05   0.50   0.50   0.50   0.50   0.50   0.50   0.50   0.50   0.50   0.66   0.50   0.14   0.50   0.50   0.35   0.50   0.50   0.41   0.60   0.22   0.03   0.85   0.82   0.50   0.17   0.71   0.50   0.50   0.94   0.77   0.50   0.50   0.67   0.50   0.39   0.50   0.93   0.68   0.50   0.50   0.50   0.50   0.50   0.92   0.85   0.50   
0.04   0.27   0.10   0.05   0.06   0.86   0.02   0.63   0.32   0.88   0.04   0.99   0.79   0.55   0.79   0.09   0.05   0.01   0.66   0.15   0.79   0.13   0.90   0.79   0.04   0.99   0.01   0.01   0.02   0.01   0.74   0.01   0.04   0.99   0.98   0.98   0.98   0.04   0.99   0.98   0.06   0.08   0.04   0.04   0.13   0.99   0.07   0.99   0.99   0.61   0.17   0.03   0.05   0.99   0.97   0.98   0.46   0.87   0.99   0.99   0.98   0.80   0.98   0.98   0.98   0.98   0.03   0.99   0.88   0.97   0.82   0.79   0.88   0.79   0.98   0.86   0.94   0.98   

5.00   5.00   5.00   5.00   5.00   5.00   5.00   5.00   5.00   5.00   5.00   5.00   5.00   5.00   5.00   5.00   5.00   5.00   5.00   5.00   5.00   5.00   5.00   5.00   5.00   5.00   5.00   5.00   5.00   5.00   5.00   5.00   5.00   5.00   5.00   5.00   5.00   5.00   5.00   5.00   5.00   5.00   5.00   5.00   5.00   5.00   5.00   5.00   5.00   5.00   5.00   5.00   5.00   5.00   5.00   5.00   5.00   5.00   5.00   5.00   5.00   5.00   5.00   5.00   5.00   5.00   5.00   5.00   5.00   5.00   5.00   5.00   5.00   5.00   5.00   5.00   5.00   5.00   
0.03   0.18   0.03   0.03   0.35   0.19   0.03   0.03   0.23   0.03   0.19   0.93   0.03   0.10   0.03   0.03   0.03   0.01   0.36   0.18   0.03   0.21   0.36   0.38   0.37   0.98   0.13   0.00   0.01   0.00   0.21   0.19   0.04   0.99   0.95   0.66   0.95   0.15   0.97   0.87   0.23   0.15   0.14   0.19   0.03   0.99   0.03   0.99   0.99   0.46   0.03   0.23   0.61   0.85   0.67   0.95   0.76   0.36   0.99   0.84   0.46   0.19   0.44   0.44   0.87   0.44   0.13   0.79   0.03   0.85   0.55   0.85   0.85   0.61   0.95   0.14   0.36   0.95   
0.03   0.18   0.03   0.03   0.35   0.19   0.03   0.03   0.23   0.03   0.19   0.93   0.03   0.10   0.03   0.03   0.03   0.01   0.36   0.18   0.03   0.21   0.36   0.38   0.37   0.98   0.13   0.00   0.01   0.00   0.21   0.19   0.04   0.99   0.95   0.66   0.95   0.15   0.97   0.87   0.23   0.15   0.14   0.19   0.03   0.99   0.03   0.99   0.99   0.46   0.03   0.23   0.61   0.85   0.67   0.95   0.76   0.36   0.99   0.84   0.46   0.19   0.44   0.44   0.87   0.44   0.13   0.79   0.03   0.85   0.55   0.85   0.85   0.61   0.95   0.14   0.36   0.95   
0.50   0.22   0.39   0.24   0.08   0.80   0.12   0.70   0.42   0.91   0.10   0.50   0.50   0.79   0.50   0.37   0.26   0.50   0.30   0.54   0.50   0.30   0.67   0.46   0.05   0.50   0.13   0.50   0.50   0.50   0.65   0.04   0.50   0.50   0.50   0.50   0.50   0.50   0.50   0.50   0.50   0.61   0.50   0.12   0.50   0.50   0.30   0.50   0.50   0.36   0.55   0.19   0.02   0.82   0.78   0.50   0.15   0.66   0.50   0.50   0.92   0.72   0.50   0.50   0.62   0.50   0.34   0.50   0.91   0.63   0.50   0.50   0.50   0.50   0.50   0.90   0.81   0.50   
0.04   0.14   0.04   0.02   0.05   0.80   0.01   0.14   0.18   0.76   0.03   0.99   0.75   0.57   0.75   0.04   0.02   0.01   0.23   0.14   0.75   0.22   0.76   0.68   0.07   0.99   0.02   0.01   0.02   0.00   0.77   0.01   0.04   0.99   0.97   0.97   0.97   0.04   0.99   0.97   0.15   0.57   0.04   0.04   0.07   0.99   0.03   0.99   0.99   0.30   0.08   0.04   0.05   0.98   0.95   0.97   0.42   0.79   0.99   0.99   0.96   0.72   0.97   0.97   0.96   0.97   0.06   0.99   0.76   0.94   0.78   0.75   0.85   0.75   0.97   0.82   0.89   0.97   

5.00   5.00   5.00   5.00   5.00   5.00   5.00   5.00   5.00   5.00   5.00   5.00   5.00   5.00   5.00   5.00   5.00   5.00   5.00   5.00   5.00   5.00   5.00   5.00   5.00   5.00   5.00   5.00   5.00   5.00   5.00   5.00   5.00   5.00   5.00   5.00   5.00   5.00   5.00   5.00   5.00   5.00   5.00   5.00   5.00   5.00   5.00   5.00   5.00   5.00   5.00   5.00   5.00   5.00   5.00   5.00   5.00   5.00   5.00   5.00   5.00   5.00   5.00   5.00   5.00   5.00   5.00   5.00   5.00   5.00   5.00   5.00   5.00   5.00   5.00   5.00   5.00   5.00   
0.07   0.14   0.07   0.07   0.43   0.27   0.02   0.07   0.38   0.07   0.27   0.94   0.07   0.17   0.07   0.02   0.02   0.01   0.53   0.32   0.02   0.30   0.53   0.54   0.29   0.98   0.19   0.00   0.01   0.00   0.30   0.27   0.08   0.99   0.96   0.78   0.96   0.22   0.98   0.90   0.27   0.22   0.24   0.27   0.02   0.93   0.07   0.99   0.99   0.36   0.07   0.16   0.70   0.89   0.73   0.96   0.82   0.46   0.99   0.87   0.58   0.27   0.52   0.52   0.90   0.52   0.19   0.82   0.07   0.89   0.64   0.89   0.89   0.71   0.96   0.08   0.46   0.96   
0.07   0.14   0.07   0.07   0.43   0.27   0.02   0.07   0.38   0.07   0.27   0.94   0.07   0.17   0.07   0.02   0.02   0.01   0.53   0.32   0.02   0.30   0.53   0.54   0.29   0.98   0.19   0.00   0.01   0.00   0.30   0.27   0.08   0.99   0.96   0.78   0.96   0.22   0.98   0.90   0.27   0.22   0.24   0.27   0.02   0.93   0.07   0.99   0.99   0.36   0.07   0.16   0.70   0.89   0.73   0.96   0.82   0.46   0.99   0.87   0.58   0.27   0.52   0.52   0.90   0.52   0.19   0.82   0.07   0.89   0.64   0.89   0.89   0.71   0.96   0.08   0.46   0.96   
0.50   0.27   0.44   0.28   0.10   0.82   0.15   0.73   0.47   0.92   0.13   0.50   0.50   0.81   0.50   0.42   0.31   0.50   0.35   0.59   0.50   0.35   0.70   0.51   0.07   0.50   0.16   0.50   0.50   0.50   0.69   0.06   0.50   0.50   0.50   0.50   0.50   0.50   0.50   0.50   0.50   0.65   0.50   0.15   0.50   0.50   0.35   0.50   0.50   0.41   0.60   0.23   0.03   0.84   0.80   0.50   0.18   0.69   0.50   0.50   0.93   0.75   0.50   0.50   0.66   0.50   0.39   0.50   0.92   0.67   0.50   0.50   0.50   0.50   0.50   0.91   0.83   0.50   
0.08   0.03   0.13   0.07   0.05   0.84   0.01   0.65   0.42   0.88   0.04   0.99   0.80   0.68   0.80   0.03   0.02   0.01   0.68   0.36   0.80   0.21   0.90   0.85   0.01   0.99   0.03   0.01   0.04   0.00   0.80   0.02   0.08   0.99   0.98   0.98   0.98   0.04   0.99   0.98   0.02   0.56   0.08   0.05   0.10   0.99   0.09   0.99   0.99   0.03   0.22   0.01   0.08   0.99   0.97   0.98   0.80   0.82   0.99   0.99   0.98   0.78   0.98   0.98   0.99   0.98   0.09   0.99   0.88   0.98   0.84   0.80   0.90   0.80   0.98   0.18   0.91   0.98   

5.00   5.00   5.00   5.00   5.00   5.00   5.00   5.00   5.00   5.00   5.00   5.00   5.00   5.00   5.00   5.00   5.00   5.00   5.00   5.00   5.00   5.00   5.00   5.00   5.00   5.00   5.00   5.00   5.00   5.00   5.00   5.00   5.00   5.00   5.00   5.00   5.00   5.00   5.00   5.00   5.00   5.00   5.00   5.00   5.00   5.00   5.00   5.00   5.00   5.00   5.00   5.00   5.00   5.00   5.00   5.00   5.00   5.00   5.00   5.00   5.00   5.00   5.00   5.00   5.00   5.00   5.00   5.00   5.00   5.00   5.00   5.00   5.00   5.00   5.00   5.00   5.00   5.00   
0.07   0.17   0.07   0.07   0.36   0.48   0.02   0.07   0.38   0.07   0.48   0.88   0.07   0.19   0.07   0.02   0.02   0.01   0.69   0.52   0.02   0.24   0.54   0.70   0.21   0.98   0.15   0.00   0.01   0.00   0.24   0.22   0.07   0.93   0.98   0.87   0.98   0.16   0.98   0.93   0.20   0.16   0.49   0.22   0.02   0.95   0.07   0.99   0.99   0.32   0.07   0.37   0.63   0.92   0.83   0.98   0.87   0.64   0.99   0.90   0.70   0.48   0.67   0.67   0.93   0.67   0.15   0.87   0.30   0.92   0.75   0.92   0.84   0.67   0.98   0.06   0.64   0.98   
0.07   0.17   0.07   0.07   0.36   0.48   0.02   0.07   0.38   0.07   0.48   0.88   0.07   0.19   0.07   0.02   0.02   0.01   0.69   0.52   0.02   0.24   0.54   0.70   0.21   0.98   0.15   0.00   0.01   0.00   0.24   0.22   0.07   0.93   0.98   0.87   0.98   0.16   0.98   0.93   0.20   0.16   0.49   0.22   0.02   0.95   0.07   0.99   0.99   0.32   0.07   0.37   0.63   0.92   0.83   0.98   0.87   0.64   0.99   0.90   0.70   0.48   0.67   0.67   0.93   0.67   0.15   0.87   0.30   0.92   0.75   0.92   0.84   0.67   0.98   0.06   0.64   0.98   
0.50   0.16   0.40   0.25   0.08   0.82   0.13   0.70   0.44   0.90   0.11   0.50   0.50   0.83   0.50   0.43   0.26   0.50   0.39   0.52   0.50   0.31   0.70   0.53   0.06   0.50   0.14   0.50   0.50   0.50   0.71   0.06   0.50   0.50   0.50   0.50   0.50   0.50   0.50   0.50   0.50   0.62   0.50   0.12   0.50   0.50   0.33   0.50   0.50   0.37   0.61   0.50   0.03   0.84   0.78   0.50   0.17   0.68   0.50   0.50   0.91   0.67   0.50   0.50   0.64   0.50   0.27   0.50   0.92   0.68   0.50   0.50   0.50   0.50   0.50   0.88   0.82   0.50   
0.07   0.01   0.08   0.04   0.02   0.92   0.01   0.24   0.26   0.80   0.11   0.99   0.81   0.64   0.81   0.03   0.01   0.01   0.78   0.71   0.81   0.10   0.79   0.88   0.00   0.99   0.02   0.01   0.03   0.00   0.64   0.01   0.07   0.99   0.98   0.98   0.98   0.04   0.99   0.98   0.01   0.17   0.07   0.03   0.08   0.99   0.06   0.99   0.99   0.02   0.18   0.01   0.03   0.99   0.98   0.98   0.82   0.88   0.99   0.99   0.98   0.83   0.98   0.99   0.99   0.98   0.04   0.99   0.95   0.98   0.85   0.81   0.91   0.81   0.98   0.09   0.94   0.98   

5.00   5.00   5.00   5.00   5.00   5.00   5.00   5.00   5.00   5.00   5.00   5.00   5.00   5.00   5.00   5.00   5.00   5.00   5.00   5.00   5.00   5.00   5.00   5.00   5.00   5.00   5.00   5.00   5.00   5.00   5.00   5.00   5.00   5.00   5.00   5.00   5.00   5.00   5.00   5.00   5.00   5.00   5.00   5.00   5.00   5.00   5.00   5.00   5.00   5.00   5.00   5.00   5.00   5.00   5.00   5.00   5.00   5.00   5.00   5.00   5.00   5.00   5.00   5.00   5.00   5.00   5.00   5.00   5.00   5.00   5.00   5.00   5.00   5.00   5.00   5.00   5.00   5.00   
0.06   0.16   0.06   0.06   0.32   0.42   0.07   0.06   0.31   0.06   0.42   0.89   0.06   0.15   0.06   0.02   0.02   0.01   0.61   0.43   0.02   0.35   0.45   0.70   0.21   0.95   0.27   0.00   0.01   0.00   0.35   0.20   0.07   0.93   0.95   0.82   0.98   0.16   0.98   0.90   0.18   0.29   0.40   0.34   0.02   0.96   0.06   0.99   0.99   0.28   0.06   0.31   0.66   0.88   0.78   0.98   0.88   0.57   0.99   0.91   0.72   0.54   0.71   0.71   0.90   0.71   0.14   0.88   0.24   0.88   0.70   0.88   0.79   0.60   0.98   0.06   0.66   0.98   
0.06   0.16   0.06   0.06   0.32   0.42   0.07   0.06   0.31   0.06   0.42   0.89   0.06   0.15   0.06   0.02   0.02   0.01   0.61   0.43   0.02   0.35   0.45   0.70   0.21   0.95   0.27   0.00   0.01   0.00   0.35   0.20   0.07   0.93   0.95   0.82   0.98   0.16   0.98   0.90   0.18   0.29   0.40   0.34   0.02   0.96   0.06   0.99   0.99   0.28   0.06   0.31   0.66   0.88   0.78   0.98   0.88   0.57   0.99   0.91   0.72   0.54   0.71   0.71   0.90   0.71   0.14   0.88   0.24   0.88   0.70   0.88   0.79   0.60   0.98   0.06   0.66   0.98   
0.50   0.16   0.40   0.21   0.07   0.85   0.50   0.66   0.41   0.92   0.10   0.50   0.50   0.84   0.50   0.42   0.21   0.50   0.43   0.53   0.50   0.19   0.71   0.42   0.50   0.50   0.08   0.50   0.50   0.50   0.68   0.05   0.50   0.50   0.50   0.50   0.50   0.50   0.50   0.50   0.50   0.58   0.50   0.06   0.50   0.50   0.28   0.50   0.50   0.34   0.51   0.50   0.02   0.50   0.82   0.50   0.17   0.73   0.50   0.50   0.93   0.71   0.50   0.50   0.67   0.50   0.28   0.50   0.92   0.70   0.50   0.50   0.50   0.50   0.50   0.91   0.83   0.50   
0.06   0.01   0.07   0.03   0.02   0.91   0.03   0.19   0.19   0.79   0.08   0.99   0.80   0.59   0.80   0.02   0.01   0.01   0.75   0.43   0.80   0.08   0.75   0.83   0.08   0.99   0.01   0.01   0.03   0.00   0.66   0.01   0.06   0.99   0.98   0.98   0.98   0.04   0.99   0.98   0.01   0.20   0.06   0.02   0.08   0.99   0.04   0.99   0.99   0.02   0.11   0.01   0.02   0.96   0.97   0.98   0.83   0.88   0.99   0.99   0.99   0.86   0.98   0.98   0.99   0.98   0.04   0.99   0.93   0.98   0.85   0.80   0.91   0.80   0.98   0.12   0.95   0.98   

5.00   5.00   5.00   5.00   5.00   5.00   5.00   5.00   5.00   5.00   5.00   5.00   5.00   5.00   5.00   5.00   5.00   5.00   5.00   5.00   5.00   5.00   5.00   5.00   5.00   5.00   5.00   5.00   5.00   5.00   5.00   5.00   5.00   5.00   5.00   5.00   5.00   5.00   5.00   5.00   5.00   5.00   5.00   5.00   5.00   5.00   5.00   5.00   5.00   5.00   5.00   5.00   5.00   5.00   5.00   5.00   5.00   5.00   5.00   5.00   5.00   5.00   5.00   5.00   5.00   5.00   5.00   5.00   5.00   5.00   5.00   5.00   5.00   5.00   5.00   5.00   5.00   5.00   
0.04   0.38   0.04   0.04   0.30   0.38   0.06   0.04   0.26   0.04   0.57   0.92   0.04   0.13   0.04   0.01   0.01   0.01   0.56   0.38   0.01   0.32   0.40   0.65   0.21   0.97   0.24   0.00   0.01   0.00   0.32   0.17   0.05   0.95   0.96   0.86   0.95   0.14   0.99   0.88   0.18   0.26   0.36   0.30   0.01   0.97   0.04   0.99   0.99   0.29   0.04   0.30   0.63   0.90   0.74   0.95   0.84   0.53   0.97   0.89   0.67   0.49   0.69   0.69   0.88   0.69   0.12   0.91   0.21   0.84   0.67   0.84   0.76   0.56   0.98   0.06   0.73   0.95   
0.04   0.38   0.04   0.04   0.30   0.38   0.06   0.04   0.26   0.04   0.57   0.92   0.04   0.13   0.04   0.01   0.01   0.01   0.56   0.38   0.01   0.32   0.40   0.65   0.21   0.97   0.24   0.00   0.01   0.00   0.32   0.17   0.05   0.95   0.96   0.86   0.95   0.14   0.99   0.88   0.18   0.26   0.36   0.30   0.01   0.97   0.04   0.99   0.99   0.29   0.04   0.30   0.63   0.90   0.74   0.95   0.84   0.53   0.97   0.89   0.67   0.49   0.69   0.69   0.88   0.69   0.12   0.91   0.21   0.84   0.67   0.84   0.76   0.56   0.98   0.06   0.73   0.95   
0.50   0.17   0.40   0.22   0.08   0.84   0.50   0.65   0.41   0.91   0.11   0.50   0.50   0.82   0.50   0.41   0.21   0.50   0.42   0.52   0.50   0.20   0.69   0.41   0.50   0.50   0.08   0.50   0.50   0.50   0.66   0.06   0.50   0.50   0.50   0.50   0.50   0.50   0.50   0.50   0.50   0.57   0.50   0.07   0.50   0.50   0.28   0.50   0.50   0.34   0.50   0.50   0.02   0.50   0.81   0.50   0.17   0.72   0.50   0.50   0.92   0.69   0.50   0.50   0.65   0.50   0.28   0.50   0.91   0.69   0.50   0.50   0.50   0.50   0.50   0.90   0.82   0.50   
0.06   0.01   0.07   0.03   0.02   0.90   0.03   0.18   0.19   0.77   0.10   0.99   0.80   0.56   0.80   0.02   0.01   0.01   0.74   0.42   0.80   0.08   0.73   0.82   0.08   0.99   0.01   0.01   0.03   0.00   0.64   0.01   0.06   0.99   0.98   0.98   0.98   0.04   0.99   0.98   0.01   0.19   0.06   0.02   0.08   0.99   0.04   0.99   0.99   0.02   0.11   0.01   0.02   0.96   0.97   0.98   0.83   0.87   0.99   0.99   0.99   0.85   0.98   0.98   0.98   0.98   0.04   0.99   0.92   0.98   0.84   0.80   0.91   0.80   0.98   0.11   0.95   0.98   

0.43   0.33   0.50   0.45   0.45   0.24   0.42   0.29   0.50   0.08   0.45   0.20   0.63   0.37   0.54   0.46   0.54   0.50   0.20   0.14   0.52   0.47   0.35   0.35   0.26   0.09   0.29   0.50   0.50   0.50   0.09   0.55   0.24   0.35   0.33   0.14   0.08   0.69   0.07   0.02   0.65   0.09   0.36   0.34   0.58   0.02   0.29   0.50   0.50   0.24   0.53   0.48   0.30   0.19   0.28   0.19   0.34   0.10   0.09   0.10   0.16   0.05   0.12   0.04   0.14   0.09   0.09   0.14   0.23   0.20   0.21   0.12   0.09   0.10   0.23   0.27   0.27   0.10   
0.01   0.03   0.02   0.01   0.03   0.02   0.02   0.00   0.05   0.00   0.09   0.11   0.02   0.02   0.01   0.00   0.01   0.00   0.03   0.01   0.01   0.05   0.04   0.06   0.01   0.09   0.01   0.00   0.00   0.00   0.00   0.03   0.00   0.24   0.24   0.05   0.07   0.04   0.12   0.01   0.04   0.00   0.03   0.02   0.01   0.03   0.00   0.98   0.98   0.02   0.02   0.05   0.05   0.10   0.07   0.16   0.13   0.01   0.10   0.05   0.03   0.01   0.02   0.01   0.06   0.02   0.00   0.08   0.01   0.08   0.04   0.04   0.02   0.01   0.68   0.00   0.07   0.06   
0.03   0.45   0.08   0.08   0.22   0.43   0.10   0.03   0.32   0.03   0.62   0.92   0.03   0.17   0.03   0.01   0.03   0.01   0.62   0.45   0.03   0.34   0.46   0.63   0.14   0.97   0.16   0.00   0.01   0.00   0.23   0.11   0.03   0.93   0.95   0.89   0.96   0.08   0.99   0.89   0.11   0.17   0.34   0.22   0.01   0.98   0.03   0.99   0.99   0.32   0.08   0.35   0.64   0.91   0.77   0.96   0.85   0.57   0.97   0.89   0.70   0.54   0.72   0.72   0.89   0.72   0.07   0.92   0.28   0.86   0.70   0.86   0.77   0.50   0.99   0.03   0.76   0.93   
0.50   0.21   0.45   0.26   0.10   0.86   0.50   0.70   0.46   0.92   0.14   0.50   0.50   0.85   0.50   0.47   0.26   0.50   0.48   0.58   0.50   0.24   0.74   0.47   0.50   0.50   0.10   0.50   0.50   0.50   0.71   0.07   0.50   0.50   0.50   0.50   0.50   0.50   0.50   0.50   0.50   0.62   0.50   0.09   0.50   0.50   0.33   0.50   0.50   0.39   0.55   0.50   0.02   0.50   0.84   0.50   0.21   0.76   0.50   0.50   0.94   0.74   0.50   0.50   0.70   0.50   0.34   0.50   0.92   0.73   0.50   0.50   0.50   0.50   0.50   0.91   0.85   0.50   
0.07   0.02   0.12   0.05   0.02   0.94   0.03   0.18   0.30   0.77   0.16   0.99   0.81   0.71   0.81   0.02   0.01   0.01   0.83   0.75   0.81   0.11   0.82   0.81   0.07   0.99   0.01   0.01   0.03   0.00   0.62   0.01   0.07   0.99   0.98   0.98   0.98   0.04   0.99   0.98   0.01   0.18   0.07   0.02   0.08   0.99   0.05   0.99   0.99   0.02   0.17   0.01   0.03   0.97   0.98   0.98   0.87   0.91   0.99   0.99   0.99   0.90   0.98   0.99   0.99   0.98   0.04   0.99   0.95   0.99   0.85   0.81   0.91   0.81   0.98   0.10   0.96   0.98   

0.08   0.16   0.17   0.09   0.07   0.06   0.06   0.50   0.13   0.50   0.10   0.05   0.49   0.09   0.13   0.50   0.20   0.50   0.03   0.03   0.12   0.29   0.10   0.08   0.08   0.03   0.07   0.50   0.50   0.50   0.50   0.22   0.50   0.07   0.06   0.06   0.02   0.12   0.05   0.01   0.32   0.50   0.07   0.09   0.50   0.01   0.50   0.50   0.50   0.08   0.24   0.16   0.13   0.06   0.10   0.07   0.07   0.01   0.02   0.02   0.06   0.50   0.03   0.04   0.03   0.02   0.50   0.02   0.04   0.07   0.09   0.03   0.02   0.02   0.07   0.50   0.06   0.01   
0.00   0.01   0.00   0.00   0.00   0.00   0.00   0.01   0.01   0.01   0.01   0.02   0.01   0.00   0.00   0.00   0.00   0.00   0.00   0.00   0.00   0.02   0.01   0.01   0.00   0.03   0.00   0.00   0.00   0.00   0.04   0.01   0.01   0.03   0.05   0.02   0.02   0.00   0.09   0.00   0.01   0.03   0.00   0.00   0.00   0.00   0.01   0.98   0.98   0.00   0.01   0.01   0.02   0.02   0.02   0.07   0.02   0.00   0.01   0.01   0.01   0.08   0.01   0.01   0.02   0.00   0.02   0.02   0.00   0.03   0.01   0.01   0.00   0.00   0.06   0.01   0.02   0.01   
0.03   0.40   0.07   0.07   0.19   0.40   0.08   0.03   0.27   0.03   0.58   0.89   0.03   0.15   0.03   0.01   0.03   0.01   0.58   0.41   0.03   0.30   0.40   0.58   0.11   0.98   0.13   0.00   0.01   0.00   0.20   0.10   0.03   0.90   0.96   0.92   0.97   0.07   0.99   0.86   0.09   0.14   0.31   0.19   0.01   0.95   0.03   0.99   0.99   0.27   0.07   0.32   0.58   0.88   0.74   0.97   0.81   0.72   0.95   0.92   0.66   0.50   0.69   0.69   0.92   0.69   0.06   0.94   0.26   0.90   0.66   0.83   0.73   0.44   0.96   0.03   0.83   0.90   
0.50   0.18   0.42   0.23   0.08   0.86   0.50   0.68   0.43   0.92   0.11   0.50   0.50   0.85   0.50   0.44   0.22   0.50   0.45   0.55   0.50   0.21   0.72   0.44   0.50   0.50   0.08   0.50   0.50   0.50   0.69   0.06   0.50   0.50   0.50   0.50   0.50   0.50   0.50   0.50   0.50   0.60   0.50   0.07   0.50   0.50   0.30   0.50   0.50   0.36   0.53   0.50   0.02   0.50   0.83   0.50   0.18   0.74   0.50   0.50   0.94   0.72   0.50   0.50   0.68   0.50   0.30   0.50   0.92   0.72   0.50   0.50   0.50   0.50   0.50   0.91   0.84   0.50   
0.06   0.02   0.09   0.04   0.01   0.92   0.03   0.16   0.21   0.74   0.12   0.99   0.81   0.64   0.81   0.02   0.01   0.01   0.76   0.45   0.81   0.08   0.76   0.72   0.07   0.99   0.01   0.01   0.03   0.00   0.54   0.01   0.06   0.99   0.98   0.98   0.98   0.04   0.99   0.98   0.01   0.13   0.06   0.01   0.08   0.99   0.04   0.99   0.99   0.02   0.14   0.01   0.02   0.97   0.97   0.98   0.74   0.95   0.99   0.99   0.99   0.87   0.98   0.98   0.99   0.98   0.03   0.99   0.94   0.99   0.85   0.81   0.91   0.81   0.98   0.10   0.98   0.98   

0.50   0.08   0.50   0.50   0.50   0.50   0.50   0.50   0.50   0.50   0.09   0.04   0.27   0.50   0.50   0.50   0.50   0.50   0.50   0.50   0.50   0.20   0.11   0.06   0.50   0.03   0.50   0.50   0.50   0.50   0.50   0.50   0.50   0.04   0.13   0.03   0.01   0.50   0.02   0.50   0.18   0.50   0.50   0.50   0.50   0.50   0.50   0.50   0.50   0.50   0.50   0.06   0.03   0.09   0.06   0.03   0.05   0.50   0.01   0.04   0.02   0.50   0.50   0.50   0.02   0.50   0.50   0.01   0.50   0.02   0.07   0.03   0.50   0.50   0.03   0.50   0.03   0.50   
0.01   0.01   0.02   0.02   0.04   0.07   0.02   0.01   0.04   0.01   0.01   0.01   0.01   0.03   0.01   0.00   0.01   0.00   0.10   0.06   0.01   0.01   0.01   0.01   0.03   0.04   0.03   0.00   0.00   0.00   0.04   0.02   0.01   0.02   0.10   0.01   0.00   0.02   0.05   0.25   0.00   0.03   0.05   0.04   0.00   0.58   0.01   0.98   0.98   0.05   0.02   0.00   0.00   0.04   0.01   0.04   0.01   0.15   0.01   0.03   0.00   0.09   0.14   0.14   0.01   0.14   0.02   0.01   0.04   0.01   0.01   0.01   0.15   0.07   0.03   0.01   0.01   0.32   
0.03   0.35   0.06   0.06   0.17   0.37   0.07   0.03   0.24   0.03   0.55   0.87   0.03   0.13   0.03   0.01   0.03   0.01   0.54   0.37   0.03   0.27   0.37   0.55   0.10   0.98   0.13   0.00   0.01   0.00   0.18   0.09   0.03   0.88   0.95   0.90   0.97   0.08   0.99   0.86   0.09   0.15   0.28   0.19   0.01   0.94   0.03   0.99   0.99   0.24   0.08   0.29   0.54   0.88   0.73   0.97   0.80   0.69   0.95   0.92   0.63   0.47   0.66   0.68   0.92   0.66   0.07   0.94   0.24   0.89   0.63   0.81   0.70   0.41   0.96   0.03   0.81   0.89   
0.50   0.20   0.44   0.25   0.09   0.85   0.50   0.68   0.45   0.92   0.13   0.50   0.50   0.84   0.50   0.46   0.25   0.50   0.47   0.56   0.50   0.23   0.73   0.46   0.50   0.50   0.10   0.50   0.50   0.50   0.70   0.07   0.50   0.50   0.50   0.50   0.50   0.50   0.50   0.50   0.50   0.61   0.50   0.08   0.50   0.50   0.32   0.50   0.50   0.38   0.54   0.50   0.02   0.50   0.83   0.50   0.20   0.75   0.50   0.50   0.93   0.72   0.50   0.50   0.69   0.50   0.32   0.50   0.92   0.72   0.50   0.50   0.50   0.50   0.50   0.91   0.84   0.50   
0.06   0.01   0.09   0.04   0.02   0.91   0.03   0.15   0.19   0.71   0.12   0.99   0.80   0.34   0.80   0.02   0.01   0.01   0.74   0.40   0.80   0.08   0.73   0.71   0.06   0.99   0.01   0.01   0.03   0.00   0.52   0.01   0.06   0.99   0.98   0.98   0.98   0.04   0.99   0.98   0.01   0.15   0.06   0.02   0.08   0.99   0.04   0.99   0.99   0.02   0.16   0.01   0.02   0.96   0.97   0.98   0.75   0.95   0.99   0.99   0.98   0.85   0.98   0.98   0.99   0.98   0.04   0.99   0.93   0.99   0.85   0.80   0.90   0.80   0.98   0.10   0.98   0.98   

0.50   0.50   0.50   0.50   0.50   0.50   0.50   0.50   0.50   0.50   0.07   0.04   0.50   0.50   0.50   0.50   0.50   0.50   0.50   0.50   0.50   0.11   0.10   0.04   0.50   0.03   0.50   0.50   0.50   0.50   0.50   0.50   0.50   0.04   0.10   0.04   0.50   0.50   0.02   0.50   0.50   0.50   0.50   0.50   0.50   0.50   0.50   0.50   0.50   0.50   0.50   0.50   0.50   0.07   0.06   0.04   0.05   0.50   0.01   0.04   0.50   0.50   0.50   0.50   0.02   0.50   0.50   0.02   0.50   0.02   0.06   0.03   0.50   0.50   0.03   0.50   0.04   0.50   
0.01   0.05   0.02   0.02   0.04   0.07   0.02   0.01   0.05   0.01   0.01   0.02   0.02   0.03   0.01   0.00   0.01   0.00   0.11   0.07   0.01   0.01   0.01   0.01   0.03   0.04   0.03   0.00   0.00   0.00   0.04   0.02   0.01   0.02   0.08   0.02   0.68   0.02   0.07   0.27   0.02   0.03   0.05   0.04   0.00   0.60   0.01   0.98   0.98   0.05   0.02   0.05   0.11   0.03   0.01   0.05   0.01   0.16   0.01   0.03   0.13   0.09   0.15   0.15   0.01   0.15   0.02   0.01   0.05   0.01   0.01   0.01   0.16   0.08   0.03   0.01   0.01   0.34   
0.02   0.42   0.06   0.06   0.16   0.34   0.07   0.02   0.22   0.02   0.59   0.87   0.03   0.12   0.02   0.01   0.02   0.00   0.50   0.34   0.02   0.36   0.34   0.51   0.10   0.97   0.12   0.00   0.01   0.00   0.17   0.08   0.03   0.90   0.94   0.89   0.95   0.08   0.99   0.87   0.08   0.15   0.25   0.18   0.01   0.93   0.03   0.99   0.99   0.22   0.07   0.26   0.60   0.86   0.69   0.96   0.81   0.65   0.95   0.90   0.59   0.43   0.63   0.65   0.90   0.63   0.07   0.93   0.21   0.87   0.60   0.78   0.67   0.38   0.95   0.02   0.78   0.87   
0.50   0.19   0.42   0.17   0.09   0.87   0.50   0.71   0.39   0.92   0.13   0.50   0.50   0.80   0.50   0.43   0.19   0.50   0.46   0.53   0.50   0.28   0.63   0.43   0.50   0.50   0.12   0.50   0.50   0.50   0.72   0.05   0.50   0.50   0.50   0.50   0.50   0.50   0.50   0.50   0.50   0.62   0.50   0.10   0.50   0.50   0.46   0.50   0.50   0.34   0.48   0.50   0.02   0.50   0.80   0.50   0.17   0.71   0.50   0.50   0.89   0.77   0.50   0.50   0.50   0.50   0.33   0.50   0.90   0.77   0.50   0.50   0.50   0.50   0.50   0.89   0.77   0.50   
0.05   0.02   0.06   0.02   0.01   0.88   0.02   0.13   0.11   0.61   0.11   0.99   0.78   0.22   0.78   0.01   0.01   0.01   0.41   0.27   0.78   0.09   0.32   0.54   0.05   0.99   0.01   0.01   0.02   0.00   0.24   0.00   0.05   0.99   0.98   0.98   0.98   0.04   0.99   0.98   0.01   0.12   0.05   0.02   0.06   0.99   0.06   0.99   0.99   0.02   0.10   0.01   0.01   0.95   0.95   0.98   0.43   0.90   0.99   0.99   0.95   0.82   0.98   0.98   0.98   0.98   0.03   0.99   0.88   0.99   0.82   0.78   0.88   0.78   0.98   0.07   0.95   0.98   

0.50   0.50   0.50   0.50   0.50   0.50   0.50   0.50   0.50   0.50   0.06   0.04   0.50   0.50   0.50   0.50   0.50   0.50   0.50   0.50   0.50   0.09   0.08   0.50   0.50   0.04   0.50   0.50   0.50   0.50   0.50   0.50   0.50   0.04   0.08   0.04   0.50   0.50   0.03   0.50   0.50   0.50   0.50   0.50   0.50   0.50   0.50   0.50   0.50   0.50   0.50   0.50   0.50   0.06   0.06   0.04   0.05   0.50   0.02   0.04   0.50   0.50   0.50   0.50   0.02   0.50   0.50   0.02   0.50   0.03   0.05   0.03   0.50   0.50   0.03   0.50   0.04   0.50   
0.01   0.05   0.02   0.02   0.04   0.07   0.02   0.01   0.05   0.01   0.01   0.02   0.02   0.03   0.01   0.00   0.01   0.00   0.11   0.07   0.01   0.01   0.01   0.11   0.03   0.04   0.03   0.00   0.00   0.00   0.04   0.02   0.01   0.02   0.07   0.02   0.68   0.02   0.09   0.27   0.02   0.03   0.05   0.04   0.00   0.60   0.01   0.98   0.98   0.05   0.02   0.05   0.11   0.03   0.01   0.05   0.01   0.15   0.02   0.03   0.13   0.09   0.15   0.15   0.01   0.15   0.02   0.02   0.05   0.01   0.01   0.01   0.16   0.08   0.03   0.01   0.01   0.34   
0.02   0.43   0.06   0.06   0.17   0.34   0.08   0.02   0.18   0.03   0.55   0.87   0.03   0.12   0.02   0.01   0.03   0.00   0.49   0.29   0.03   0.37   0.29   0.46   0.11   0.97   0.12   0.00   0.00   0.00   0.18   0.06   0.03   0.90   0.94   0.89   0.95   0.08   0.99   0.87   0.09   0.12   0.20   0.19   0.01   0.94   0.03   0.99   0.99   0.24   0.05   0.27   0.60   0.86   0.69   0.96   0.79   0.65   0.95   0.88   0.59   0.44   0.64   0.65   0.90   0.64   0.05   0.93   0.21   0.87   0.60   0.78   0.67   0.37   0.95   0.02   0.78   0.85   
0.50   0.22   0.43   0.16   0.10   0.88   0.50   0.76   0.41   0.93   0.15   0.50   0.50   0.83   0.50   0.42   0.21   0.50   0.55   0.59   0.50   0.31   0.63   0.50   0.50   0.50   0.15   0.50   0.50   0.50   0.80   0.50   0.50   0.50   0.50   0.50   0.50   0.50   0.50   0.50   0.50   0.71   0.50   0.10   0.50   0.50   0.50   0.50   0.50   0.39   0.47   0.50   0.03   0.50   0.83   0.50   0.16   0.77   0.50   0.50   0.92   0.82   0.50   0.50   0.50   0.50   0.42   0.50   0.92   0.82   0.50   0.50   0.50   0.50   0.50   0.91   0.80   0.50   
0.05   0.02   0.08   0.02   0.02   0.91   0.03   0.17   0.13   0.72   0.14   0.99   0.79   0.29   0.79   0.02   0.01   0.01   0.74   0.35   0.79   0.13   0.35   0.66   0.06   0.99   0.01   0.01   0.02   0.00   0.60   0.09   0.05   0.99   0.98   0.98   0.98   0.04   0.99   0.98   0.01   0.18   0.05   0.02   0.07   0.99   0.08   0.99   0.99   0.02   0.10   0.01   0.02   0.95   0.96   0.98   0.46   0.94   0.99   0.99   0.97   0.89   0.98   0.98   0.98   0.98   0.04   0.99   0.92   0.99   0.83   0.79   0.89   0.79   0.98   0.10   0.97   0.98   

0.50   0.50   0.50   0.50   0.50   0.50   0.50   0.50   0.50   0.50   0.06   0.04   0.50   0.50   0.50   0.50   0.50   0.50   0.50   0.50   0.50   0.50   0.50   0.50   0.50   0.03   0.50   0.50   0.50   0.50   0.50   0.50   0.50   0.04   0.07   0.04   0.50   0.50   0.02   0.50   0.50   0.50   0.50   0.50   0.50   0.50   0.50   0.50   0.50   0.50   0.50   0.50   0.50   0.06   0.05   0.04   0.04   0.50   0.02   0.04   0.50   0.50   0.50   0.50   0.02   0.50   0.50   0.02   0.50   0.03   0.05   0.03   0.50   0.50   0.03   0.50   0.04   0.50   
0.01   0.06   0.02   0.02   0.04   0.07   0.02   0.01   0.04   0.01   0.01   0.02   0.01   0.03   0.01   0.00   0.01   0.00   0.10   0.07   0.01   0.06   0.06   0.10   0.03   0.05   0.03   0.00   0.00   0.00   0.04   0.02   0.01   0.03   0.08   0.02   0.67   0.02   0.12   0.26   0.02   0.03   0.05   0.04   0.00   0.61   0.01   0.98   0.98   0.05   0.02   0.05   0.11   0.03   0.01   0.04   0.01   0.15   0.02   0.02   0.13   0.09   0.14   0.14   0.01   0.14   0.02   0.01   0.04   0.01   0.01   0.01   0.16   0.08   0.04   0.01   0.01   0.34   
0.02   0.41   0.06   0.06   0.15   0.31   0.07   0.02   0.19   0.03   0.60   0.85   0.03   0.12   0.02   0.01   0.03   0.00   0.56   0.38   0.03   0.34   0.38   0.53   0.10   0.98   0.11   0.00   0.00   0.00   0.16   0.06   0.03   0.91   0.95   0.87   0.94   0.07   0.99   0.85   0.08   0.10   0.20   0.17   0.01   0.92   0.03   0.99   0.99   0.22   0.05   0.25   0.57   0.84   0.66   0.94   0.76   0.61   0.94   0.87   0.63   0.40   0.60   0.61   0.88   0.60   0.04   0.91   0.20   0.84   0.57   0.76   0.65   0.37   0.95   0.02   0.75   0.83   
0.50   0.19   0.38   0.13   0.08   0.85   0.50   0.71   0.36   0.92   0.13   0.50   0.50   0.79   0.50   0.37   0.17   0.50   0.49   0.54   0.50   0.26   0.58   0.45   0.50   0.50   0.12   0.50   0.50   0.50   0.76   0.50   0.50   0.50   0.50   0.50   0.50   0.50   0.50   0.50   0.50   0.66   0.50   0.08   0.50   0.50   0.45   0.50   0.50   0.35   0.42   0.50   0.03   0.50   0.79   0.50   0.13   0.72   0.50   0.50   0.90   0.79   0.50   0.50   0.50   0.50   0.37   0.50   0.90   0.78   0.50   0.50   0.50   0.50   0.50   0.89   0.76   0.50   
0.05   0.02   0.06   0.02   0.01   0.87   0.03   0.14   0.13   0.66   0.16   0.99   0.78   0.25   0.78   0.01   0.01   0.01   0.76   0.45   0.78   0.10   0.45   0.70   0.06   0.99   0.01   0.01   0.02   0.00   0.53   0.09   0.05   0.99   0.98   0.98   0.98   0.04   0.99   0.98   0.01   0.16   0.05   0.01   0.07   0.99   0.06   0.99   0.99   0.02   0.08   0.01   0.02   0.95   0.94   0.98   0.38   0.90   0.99   0.99   0.97   0.84   0.98   0.98   0.98   0.98   0.04   0.99   0.89   0.98   0.82   0.78   0.88   0.78   0.98   0.07   0.94   0.98   

0.50   0.50   0.50   0.50   0.50   0.50   0.50   0.50   0.50   0.50   0.06   0.04   0.50   0.50   0.50   0.50   0.50   0.50   0.50   0.50   0.50   0.50   0.50   0.50   0.50   0.03   0.50   0.50   0.50   0.50   0.50   0.50   0.50   0.04   0.07   0.04   0.50   0.50   0.02   0.50   0.50   0.50   0.50   0.50   0.50   0.50   0.50   0.50   0.50   0.50   0.50   0.50   0.50   0.06   0.05   0.04   0.04   0.50   0.02   0.04   0.50   0.50   0.50   0.50   0.02   0.50   0.50   0.02   0.50   0.03   0.05   0.03   0.50   0.50   0.03   0.50   0.04   0.50   
0.01   0.06   0.02   0.02   0.04   0.07   0.02   0.01   0.04   0.01   0.01   0.02   0.01   0.03   0.01   0.00   0.01   0.00   0.10   0.06   0.01   0.06   0.06   0.10   0.03   0.05   0.03   0.00   0.00   0.00   0.04   0.02   0.01   0.03   0.08   0.01   0.67   0.02   0.10   0.26   0.02   0.03   0.05   0.04   0.00   0.61   0.01   0.98   0.98   0.05   0.02   0.05   0.11   0.02   0.01   0.04   0.01   0.15   0.02   0.03   0.13   0.09   0.15   0.15   0.01   0.15   0.02   0.02   0.04   0.01   0.01   0.01   0.16   0.08   0.04   0.01   0.01   0.34   
0.01   0.43   0.07   0.06   0.17   0.30   0.07   0.01   0.18   0.02   0.61   0.86   0.04   0.12   0.01   0.01   0.03   0.00   0.55   0.36   0.03   0.33   0.38   0.52   0.12   0.97   0.12   0.00   0.00   0.00   0.16   0.05   0.03   0.91   0.95   0.87   0.93   0.07   0.99   0.85   0.10   0.10   0.19   0.18   0.01   0.93   0.04   0.99   0.99   0.24   0.04   0.26   0.56   0.83   0.65   0.94   0.75   0.60   0.94   0.87   0.62   0.39   0.61   0.62   0.88   0.61   0.04   0.91   0.19   0.84   0.55   0.74   0.65   0.35   0.95   0.02   0.76   0.82   
0.50   0.20   0.40   0.15   0.10   0.85   0.50   0.72   0.38   0.92   0.14   0.50   0.50   0.79   0.50   0.39   0.19   0.50   0.51   0.55   0.50   0.28   0.59   0.46   0.50   0.50   0.14   0.50   0.50   0.50   0.76   0.50   0.50   0.50   0.50   0.50   0.50   0.50   0.50   0.50   0.50   0.67   0.50   0.09   0.50   0.50   0.46   0.50   0.50   0.36   0.44   0.50   0.03   0.50   0.80   0.50   0.15   0.73   0.50   0.50   0.89   0.79   0.50   0.50   0.50   0.50   0.38   0.50   0.90   0.78   0.50   0.50   0.50   0.50   0.50   0.89   0.77   0.50   
0.06   0.02   0.06   0.02   0.01   0.89   0.03   0.18   0.20   0.72   0.20   0.99   0.80   0.31   0.80   0.01   0.01   0.01   0.84   0.75   0.80   0.13   0.70   0.80   0.06   0.99   0.01   0.01   0.03   0.00   0.59   0.10   0.06   0.99   0.98   0.98   0.98   0.04   0.99   0.98   0.01   0.21   0.06   0.01   0.07   0.99   0.06   0.99   0.99   0.01   0.12   0.01   0.03   0.96   0.95   0.98   0.48   0.92   0.99   0.99   0.98   0.87   0.98   0.98   0.98   0.98   0.05   0.99   0.91   0.99   0.84   0.80   0.90   0.80   0.98   0.08   0.94   0.98   

0.50   0.50   0.50   0.50   0.50   0.50   0.50   0.50   0.50   0.50   0.07   0.04   0.50   0.50   0.50   0.50   0.50   0.50   0.50   0.50   0.50   0.50   0.50   0.50   0.50   0.03   0.50   0.50   0.50   0.50   0.50   0.50   0.50   0.04   0.09   0.03   0.50   0.50   0.02   0.50   0.50   0.50   0.50   0.50   0.50   0.50   0.50   0.50   0.50   0.50   0.50   0.50   0.50   0.06   0.06   0.03   0.04   0.50   0.01   0.04   0.50   0.50   0.50   0.50   0.01   0.50   0.50   0.02   0.50   0.02   0.50   0.02   0.50   0.50   0.03   0.50   0.03   0.50   
0.01   0.06   0.02   0.02   0.04   0.07   0.02   0.01   0.04   0.01   0.01   0.02   0.01   0.03   0.01   0.00   0.01   0.00   0.10   0.06   0.01   0.06   0.06   0.10   0.03   0.04   0.03   0.00   0.00   0.00   0.04   0.02   0.01   0.03   0.11   0.01   0.67   0.02   0.08   0.26   0.02   0.03   0.05   0.04   0.00   0.61   0.01   0.98   0.98   0.05   0.02   0.05   0.11   0.03   0.01   0.03   0.01   0.15   0.01   0.02   0.13   0.09   0.15   0.15   0.01   0.15   0.02   0.01   0.04   0.01   0.11   0.01   0.16   0.08   0.03   0.01   0.01   0.34   
0.01   0.43   0.07   0.06   0.17   0.30   0.07   0.01   0.18   0.02   0.61   0.86   0.04   0.12   0.01   0.01   0.03   0.00   0.55   0.36   0.03   0.33   0.38   0.52   0.12   0.97   0.12   0.00   0.00   0.00   0.16   0.05   0.03   0.91   0.95   0.87   0.93   0.07   0.99   0.85   0.10   0.10   0.19   0.18   0.01   0.93   0.04   0.99   0.99   0.24   0.04   0.26   0.56   0.83   0.65   0.94   0.75   0.60   0.94   0.87   0.62   0.39   0.61   0.62   0.88   0.61   0.04   0.91   0.19   0.84   0.55   0.74   0.65   0.35   0.95   0.02   0.76   0.82   
0.50   0.17   0.37   0.12   0.07   0.86   0.50   0.72   0.35   0.93   0.11   0.50   0.50   0.80   0.50   0.36   0.16   0.50   0.49   0.54   0.50   0.25   0.58   0.44   0.50   0.50   0.11   0.50   0.50   0.50   0.77   0.50   0.50   0.50   0.50   0.50   0.50   0.50   0.50   0.50   0.50   0.67   0.50   0.07   0.50   0.50   0.44   0.50   0.50   0.34   0.41   0.50   0.02   0.50   0.80   0.50   0.12   0.73   0.50   0.50   0.91   0.80   0.50   0.50   0.50   0.50   0.36   0.50   0.91   0.79   0.50   0.50   0.50   0.50   0.50   0.90   0.77   0.50   
0.05   0.01   0.05   0.01   0.01   0.88   0.03   0.16   0.13   0.70   0.13   0.99   0.79   0.27   0.79   0.01   0.01   0.01   0.77   0.47   0.79   0.10   0.42   0.72   0.06   0.99   0.01   0.01   0.02   0.00   0.56   0.09   0.05   0.99   0.98   0.98   0.98   0.04   0.99   0.98   0.01   0.18   0.05   0.01   0.07   0.99   0.05   0.99   0.99   0.01   0.09   0.01   0.02   0.95   0.95   0.98   0.37   0.91   0.99   0.99   0.98   0.85   0.98   0.98   0.98   0.98   0.04   0.99   0.90   0.99   0.83   0.79   0.89   0.79   0.98   0.09   0.93   0.98   

0.00   0.00   0.00   0.00   0.00   0.00   0.00   0.00   0.00   0.00   0.00   0.00   0.00   0.00   0.00   0.00   0.00   0.00   0.00   0.00   0.00   0.00   0.00   0.00   0.00   0.00   0.00   0.00   0.00   0.00   0.00   0.00   0.00   0.00   1.00   1.00   1.00   0.00   1.00   1.00   0.00   0.00   0.00   0.00   0.00   1.00   0.00   1.00   1.00   1.00   0.00   0.00   0.00   1.00   1.00   1.00   1.00   1.00   1.00   1.00   1.00   1.00   1.00   1.00   1.00   1.00   0.00   1.00   1.00   1.00   1.00   1.00   1.00   1.00   1.00   1.00   1.00   1.00   