5.00   5.00   5.00   5.00   5.00   5.00   5.00   5.00   5.00   5.00   5.00   5.00   5.00   5.00   5.00   5.00   5.00   5.00   5.00   5.00   5.00   5.00   5.00   5.00   5.00   5.00   5.00   5.00   5.00   5.00   5.00   5.00   5.00   5.00   5.00   5.00   5.00   5.00   5.00   5.00   5.00   5.00   5.00   5.00   5.00   5.00   5.00   5.00   5.00   5.00   5.00   5.00   5.00   5.00   5.00   5.00   5.00   5.00   5.00   5.00   5.00   5.00   5.00   5.00   5.00   5.00   5.00   5.00   5.00   5.00   5.00   5.00   5.00   5.00   5.00   5.00   5.00   5.00   
0.01   0.14   0.96   0.14   0.14   0.14   0.14   0.14   0.14   0.14   0.14   0.01   0.14   0.01   0.14   0.14   0.14   0.01   0.14   0.14   0.14   0.96   0.96   0.01   0.01   0.01   0.14   0.14   0.14   0.14   0.96   0.14   0.14   0.01   0.01   0.01   0.14   0.09   0.14   0.14   0.14   0.14   0.96   0.14   0.96   0.96   0.96   0.14   0.14   0.01   0.14   0.96   0.14   0.14   0.14   0.96   0.14   0.14   0.96   0.96   0.14   0.14   0.14   0.14   0.14   0.01   0.96   0.14   0.14   0.14   0.14   0.14   0.14   0.14   0.14   0.14   0.09   0.14   
0.01   0.14   0.96   0.14   0.14   0.14   0.14   0.14   0.14   0.14   0.14   0.01   0.14   0.01   0.14   0.14   0.14   0.01   0.14   0.14   0.14   0.96   0.96   0.01   0.01   0.01   0.14   0.14   0.14   0.14   0.96   0.14   0.14   0.01   0.01   0.01   0.14   0.09   0.14   0.14   0.14   0.14   0.96   0.14   0.96   0.96   0.96   0.14   0.14   0.01   0.14   0.96   0.14   0.14   0.14   0.96   0.14   0.14   0.96   0.96   0.14   0.14   0.14   0.14   0.14   0.01   0.96   0.14   0.14   0.14   0.14   0.14   0.14   0.14   0.14   0.14   0.09   0.14   
0.11   0.36   0.45   0.52   0.08   0.03   0.29   0.38   0.18   0.24   0.36   0.65   0.21   0.25   0.26   0.08   0.27   0.55   0.09   0.20   0.14   0.34   0.92   0.46   0.39   0.45   0.19   0.23   0.10   0.71   0.64   0.70   0.35   0.18   0.40   0.71   0.98   0.19   0.29   0.21   0.45   0.15   0.93   0.30   0.97   0.32   0.42   0.09   0.83   0.16   0.66   0.35   0.12   0.62   0.47   0.31   0.38   0.81   0.82   0.83   0.52   0.74   0.94   0.49   0.45   0.45   0.54   0.67   0.47   0.42   0.88   0.52   0.86   0.36   0.66   0.43   0.60   0.94   
0.00   0.87   0.99   0.93   0.02   0.01   0.84   0.88   0.73   0.79   0.87   0.66   0.76   0.01   0.81   0.02   0.82   0.02   0.03   0.76   0.04   0.99   1.00   0.02   0.01   0.02   0.74   0.78   0.03   0.97   1.00   0.97   0.87   0.00   0.01   0.73   1.00   0.91   0.84   0.76   0.91   0.69   1.00   0.84   1.00   0.98   0.99   0.02   0.98   0.00   0.96   0.99   0.03   0.95   0.92   0.98   0.88   0.98   1.00   1.00   0.93   0.97   0.99   0.92   0.91   0.02   0.99   0.96   0.92   0.90   0.99   0.93   0.99   0.87   0.96   0.90   0.98   1.00   

5.00   5.00   5.00   5.00   5.00   5.00   5.00   5.00   5.00   5.00   5.00   5.00   5.00   5.00   5.00   5.00   5.00   5.00   5.00   5.00   5.00   5.00   5.00   5.00   5.00   5.00   5.00   5.00   5.00   5.00   5.00   5.00   5.00   5.00   5.00   5.00   5.00   5.00   5.00   5.00   5.00   5.00   5.00   5.00   5.00   5.00   5.00   5.00   5.00   5.00   5.00   5.00   5.00   5.00   5.00   5.00   5.00   5.00   5.00   5.00   5.00   5.00   5.00   5.00   5.00   5.00   5.00   5.00   5.00   5.00   5.00   5.00   5.00   5.00   5.00   5.00   5.00   5.00   
0.01   0.12   0.33   0.12   0.12   0.12   0.12   0.12   0.12   0.12   0.12   0.01   0.12   0.01   0.12   0.12   0.12   0.01   0.12   0.12   0.12   0.33   0.33   0.01   0.01   0.01   0.12   0.12   0.12   0.12   0.98   0.93   0.12   0.01   0.07   0.07   0.93   0.02   0.12   0.12   0.12   0.12   0.98   0.12   0.98   0.33   0.33   0.12   0.93   0.01   0.12   0.33   0.12   0.12   0.12   0.33   0.93   0.93   0.98   0.33   0.93   0.12   0.12   0.12   0.12   0.01   0.98   0.93   0.12   0.93   0.12   0.12   0.93   0.93   0.12   0.93   0.02   0.93   
0.01   0.12   0.33   0.12   0.12   0.12   0.12   0.12   0.12   0.12   0.12   0.01   0.12   0.01   0.12   0.12   0.12   0.01   0.12   0.12   0.12   0.33   0.33   0.01   0.01   0.01   0.12   0.12   0.12   0.12   0.98   0.93   0.12   0.01   0.07   0.07   0.93   0.02   0.12   0.12   0.12   0.12   0.98   0.12   0.98   0.33   0.33   0.12   0.93   0.01   0.12   0.33   0.12   0.12   0.12   0.33   0.93   0.93   0.98   0.33   0.93   0.12   0.12   0.12   0.12   0.01   0.98   0.93   0.12   0.93   0.12   0.12   0.93   0.93   0.12   0.93   0.02   0.93   
0.50   0.33   0.61   0.60   0.02   0.00   0.15   0.37   0.16   0.08   0.25   0.80   0.08   0.50   0.14   0.01   0.11   0.48   0.05   0.09   0.08   0.28   0.50   0.61   0.61   0.58   0.14   0.11   0.02   0.78   0.50   0.82   0.21   0.50   0.18   0.75   0.50   0.11   0.19   0.11   0.41   0.10   0.50   0.20   0.50   0.16   0.40   0.02   0.95   0.50   0.66   0.28   0.02   0.86   0.51   0.25   0.36   0.83   0.50   0.50   0.57   0.89   0.50   0.56   0.57   0.29   0.50   0.59   0.40   0.46   0.97   0.54   0.96   0.18   0.75   0.34   0.70   0.50   
0.01   0.03   0.99   0.92   0.00   0.00   0.01   0.81   0.01   0.01   0.02   0.90   0.01   0.01   0.01   0.00   0.01   0.01   0.00   0.01   0.01   0.97   0.99   0.02   0.02   0.02   0.01   0.01   0.00   0.96   0.99   0.99   0.02   0.01   0.04   0.96   0.91   0.86   0.02   0.01   0.84   0.01   0.99   0.02   0.99   0.94   0.98   0.00   1.00   0.01   0.94   0.97   0.00   0.98   0.89   0.96   0.90   0.99   0.99   0.99   0.95   0.98   0.91   0.90   0.91   0.01   0.99   0.96   0.83   0.93   1.00   0.90   1.00   0.78   0.96   0.89   0.99   0.91   

5.00   5.00   5.00   5.00   5.00   5.00   5.00   5.00   5.00   5.00   5.00   5.00   5.00   5.00   5.00   5.00   5.00   5.00   5.00   5.00   5.00   5.00   5.00   5.00   5.00   5.00   5.00   5.00   5.00   5.00   5.00   5.00   5.00   5.00   5.00   5.00   5.00   5.00   5.00   5.00   5.00   5.00   5.00   5.00   5.00   5.00   5.00   5.00   5.00   5.00   5.00   5.00   5.00   5.00   5.00   5.00   5.00   5.00   5.00   5.00   5.00   5.00   5.00   5.00   5.00   5.00   5.00   5.00   5.00   5.00   5.00   5.00   5.00   5.00   5.00   5.00   5.00   5.00   
0.01   0.76   0.69   0.13   0.13   0.13   0.13   0.76   0.13   0.13   0.13   0.04   0.13   0.01   0.13   0.13   0.13   0.01   0.13   0.76   0.13   0.69   0.69   0.01   0.01   0.01   0.13   0.76   0.13   0.13   0.99   0.89   0.13   0.01   0.10   0.06   0.97   0.03   0.13   0.13   0.13   0.13   0.97   0.13   0.97   0.93   0.69   0.13   0.89   0.01   0.13   0.93   0.13   0.13   0.13   0.69   0.97   0.89   0.99   0.93   0.89   0.13   0.13   0.13   0.13   0.01   0.97   0.97   0.13   0.89   0.13   0.13   0.89   0.89   0.13   0.89   0.03   0.89   
0.01   0.76   0.69   0.13   0.13   0.13   0.13   0.76   0.13   0.13   0.13   0.04   0.13   0.01   0.13   0.13   0.13   0.01   0.13   0.76   0.13   0.69   0.69   0.01   0.01   0.01   0.13   0.76   0.13   0.13   0.99   0.89   0.13   0.01   0.10   0.06   0.97   0.03   0.13   0.13   0.13   0.13   0.97   0.13   0.97   0.93   0.69   0.13   0.89   0.01   0.13   0.93   0.13   0.13   0.13   0.69   0.97   0.89   0.99   0.93   0.89   0.13   0.13   0.13   0.13   0.01   0.97   0.97   0.13   0.89   0.13   0.13   0.89   0.89   0.13   0.89   0.03   0.89   
0.50   0.17   0.50   0.49   0.50   0.50   0.09   0.23   0.05   0.50   0.15   0.79   0.50   0.50   0.09   0.50   0.07   0.42   0.50   0.04   0.50   0.11   0.50   0.40   0.56   0.49   0.08   0.05   0.50   0.68   0.50   0.83   0.06   0.50   0.08   0.68   0.50   0.04   0.11   0.06   0.27   0.04   0.50   0.08   0.50   0.07   0.34   0.50   0.50   0.50   0.69   0.13   0.50   0.85   0.54   0.11   0.26   0.80   0.50   0.50   0.57   0.77   0.50   0.43   0.53   0.50   0.50   0.33   0.29   0.30   0.50   0.54   0.50   0.08   0.72   0.22   0.70   0.50   
0.01   0.05   0.88   0.08   0.81   0.81   0.01   0.08   0.00   0.81   0.02   0.85   0.81   0.01   0.01   0.81   0.01   0.01   0.81   0.01   0.81   0.07   0.99   0.01   0.01   0.01   0.01   0.02   0.81   0.89   0.99   0.99   0.01   0.01   0.33   0.97   0.93   0.00   0.01   0.01   0.03   0.00   0.99   0.01   0.99   0.10   0.79   0.81   0.98   0.01   0.89   0.59   0.81   0.96   0.82   0.07   0.96   0.99   0.99   0.99   0.98   0.93   0.93   0.07   0.81   0.01   0.99   0.97   0.04   0.94   0.81   0.82   0.98   0.44   0.91   0.92   0.84   0.93   

5.00   5.00   5.00   5.00   5.00   5.00   5.00   5.00   5.00   5.00   5.00   5.00   5.00   5.00   5.00   5.00   5.00   5.00   5.00   5.00   5.00   5.00   5.00   5.00   5.00   5.00   5.00   5.00   5.00   5.00   5.00   5.00   5.00   5.00   5.00   5.00   5.00   5.00   5.00   5.00   5.00   5.00   5.00   5.00   5.00   5.00   5.00   5.00   5.00   5.00   5.00   5.00   5.00   5.00   5.00   5.00   5.00   5.00   5.00   5.00   5.00   5.00   5.00   5.00   5.00   5.00   5.00   5.00   5.00   5.00   5.00   5.00   5.00   5.00   5.00   5.00   5.00   5.00   
0.01   0.45   0.37   0.07   0.07   0.07   0.07   0.45   0.07   0.07   0.07   0.76   0.07   0.01   0.07   0.07   0.07   0.65   0.07   0.45   0.73   0.37   0.81   0.01   0.01   0.01   0.07   0.82   0.07   0.07   0.99   0.94   0.07   0.01   0.95   0.90   0.98   0.15   0.07   0.07   0.07   0.07   0.97   0.07   0.97   0.61   0.37   0.07   0.94   0.01   0.07   0.61   0.07   0.73   0.07   0.81   0.98   0.76   0.99   0.87   0.94   0.07   0.07   0.73   0.07   0.01   0.97   0.82   0.07   0.94   0.07   0.73   0.94   0.94   0.07   0.94   0.15   0.94   
0.01   0.45   0.37   0.07   0.07   0.07   0.07   0.45   0.07   0.07   0.07   0.76   0.07   0.01   0.07   0.07   0.07   0.65   0.07   0.45   0.73   0.37   0.81   0.01   0.01   0.01   0.07   0.82   0.07   0.07   0.99   0.94   0.07   0.01   0.95   0.90   0.98   0.15   0.07   0.07   0.07   0.07   0.97   0.07   0.97   0.61   0.37   0.07   0.94   0.01   0.07   0.61   0.07   0.73   0.07   0.81   0.98   0.76   0.99   0.87   0.94   0.07   0.07   0.73   0.07   0.01   0.97   0.82   0.07   0.94   0.07   0.73   0.94   0.94   0.07   0.94   0.15   0.94   
0.50   0.15   0.48   0.55   0.50   0.50   0.12   0.16   0.50   0.50   0.08   0.84   0.50   0.50   0.06   0.50   0.11   0.66   0.50   0.02   0.50   0.08   0.50   0.44   0.54   0.53   0.05   0.06   0.50   0.64   0.50   0.50   0.50   0.50   0.14   0.70   0.50   0.50   0.08   0.50   0.14   0.50   0.50   0.05   0.50   0.10   0.35   0.50   0.50   0.50   0.62   0.10   0.50   0.92   0.60   0.09   0.25   0.50   0.50   0.50   0.65   0.77   0.50   0.33   0.54   0.50   0.50   0.54   0.33   0.29   0.50   0.50   0.50   0.09   0.83   0.27   0.71   0.50   
0.01   0.02   0.68   0.06   0.85   0.85   0.01   0.03   0.05   0.85   0.00   0.97   0.85   0.01   0.00   0.85   0.01   0.92   0.85   0.00   0.85   0.01   0.98   0.01   0.01   0.01   0.00   0.15   0.85   0.74   0.98   0.98   0.05   0.01   0.88   0.99   0.95   0.03   0.00   0.05   0.01   0.05   0.98   0.00   0.98   0.03   0.06   0.85   0.99   0.01   0.08   0.03   0.85   0.99   0.07   0.20   0.97   0.98   0.98   0.98   0.99   0.85   0.95   0.47   0.06   0.01   0.98   0.95   0.03   0.96   0.85   0.90   0.99   0.87   0.89   0.96   0.75   0.95   

5.00   5.00   5.00   5.00   5.00   5.00   5.00   5.00   5.00   5.00   5.00   5.00   5.00   5.00   5.00   5.00   5.00   5.00   5.00   5.00   5.00   5.00   5.00   5.00   5.00   5.00   5.00   5.00   5.00   5.00   5.00   5.00   5.00   5.00   5.00   5.00   5.00   5.00   5.00   5.00   5.00   5.00   5.00   5.00   5.00   5.00   5.00   5.00   5.00   5.00   5.00   5.00   5.00   5.00   5.00   5.00   5.00   5.00   5.00   5.00   5.00   5.00   5.00   5.00   5.00   5.00   5.00   5.00   5.00   5.00   5.00   5.00   5.00   5.00   5.00   5.00   5.00   5.00   
0.37   0.31   0.60   0.04   0.04   0.04   0.04   0.31   0.42   0.04   0.04   0.84   0.04   0.02   0.04   0.04   0.04   0.63   0.04   0.60   0.80   0.60   0.86   0.02   0.02   0.02   0.42   0.74   0.04   0.04   0.99   0.94   0.42   0.37   0.97   0.93   0.97   0.57   0.04   0.04   0.04   0.04   0.97   0.04   0.97   0.52   0.60   0.04   0.86   0.02   0.04   0.71   0.42   0.66   0.04   0.86   0.97   0.66   0.99   0.90   0.94   0.42   0.42   0.80   0.42   0.37   0.97   0.83   0.04   0.94   0.04   0.66   0.86   0.94   0.04   0.86   0.25   0.86   
0.37   0.31   0.60   0.04   0.04   0.04   0.04   0.31   0.42   0.04   0.04   0.84   0.04   0.02   0.04   0.04   0.04   0.63   0.04   0.60   0.80   0.60   0.86   0.02   0.02   0.02   0.42   0.74   0.04   0.04   0.99   0.94   0.42   0.37   0.97   0.93   0.97   0.57   0.04   0.04   0.04   0.04   0.97   0.04   0.97   0.52   0.60   0.04   0.86   0.02   0.04   0.71   0.42   0.66   0.04   0.86   0.97   0.66   0.99   0.90   0.94   0.42   0.42   0.80   0.42   0.37   0.97   0.83   0.04   0.94   0.04   0.66   0.86   0.94   0.04   0.86   0.25   0.86   
0.50   0.07   0.37   0.56   0.50   0.50   0.02   0.11   0.50   0.50   0.50   0.81   0.50   0.50   0.50   0.50   0.50   0.51   0.50   0.50   0.50   0.03   0.50   0.32   0.42   0.31   0.50   0.06   0.50   0.45   0.50   0.50   0.50   0.50   0.15   0.78   0.50   0.50   0.50   0.50   0.04   0.50   0.50   0.50   0.50   0.05   0.17   0.50   0.50   0.50   0.63   0.04   0.50   0.91   0.51   0.06   0.18   0.50   0.50   0.50   0.62   0.67   0.50   0.25   0.45   0.50   0.50   0.55   0.28   0.15   0.50   0.47   0.50   0.06   0.76   0.24   0.51   0.50   
0.01   0.01   0.63   0.05   0.75   0.75   0.00   0.02   0.06   0.75   0.05   0.94   0.75   0.01   0.05   0.75   0.05   0.14   0.75   0.68   0.75   0.03   0.99   0.00   0.01   0.00   0.05   0.03   0.75   0.04   0.99   0.96   0.06   0.01   0.78   0.98   0.94   0.05   0.05   0.06   0.00   0.06   0.99   0.05   0.99   0.01   0.15   0.75   0.97   0.01   0.07   0.06   0.75   0.92   0.04   0.12   0.93   0.96   0.99   0.99   0.98   0.80   0.94   0.33   0.32   0.01   0.99   0.94   0.02   0.84   0.75   0.21   0.97   0.35   0.58   0.45   0.04   0.94   

5.00   5.00   5.00   5.00   5.00   5.00   5.00   5.00   5.00   5.00   5.00   5.00   5.00   5.00   5.00   5.00   5.00   5.00   5.00   5.00   5.00   5.00   5.00   5.00   5.00   5.00   5.00   5.00   5.00   5.00   5.00   5.00   5.00   5.00   5.00   5.00   5.00   5.00   5.00   5.00   5.00   5.00   5.00   5.00   5.00   5.00   5.00   5.00   5.00   5.00   5.00   5.00   5.00   5.00   5.00   5.00   5.00   5.00   5.00   5.00   5.00   5.00   5.00   5.00   5.00   5.00   5.00   5.00   5.00   5.00   5.00   5.00   5.00   5.00   5.00   5.00   5.00   5.00   
0.29   0.24   0.51   0.03   0.03   0.03   0.03   0.24   0.34   0.09   0.03   0.79   0.03   0.02   0.03   0.03   0.03   0.51   0.03   0.58   0.73   0.57   0.84   0.02   0.02   0.02   0.42   0.66   0.03   0.09   0.99   0.92   0.34   0.38   0.97   0.90   0.96   0.47   0.03   0.03   0.03   0.03   0.96   0.03   0.96   0.50   0.51   0.03   0.79   0.02   0.09   0.68   0.34   0.54   0.03   0.81   0.98   0.55   0.99   0.87   0.92   0.34   0.34   0.73   0.34   0.29   0.96   0.77   0.03   0.92   0.03   0.54   0.79   0.92   0.03   0.79   0.18   0.79   
0.29   0.24   0.51   0.03   0.03   0.03   0.03   0.24   0.34   0.09   0.03   0.79   0.03   0.02   0.03   0.03   0.03   0.51   0.03   0.58   0.73   0.57   0.84   0.02   0.02   0.02   0.42   0.66   0.03   0.09   0.99   0.92   0.34   0.38   0.97   0.90   0.96   0.47   0.03   0.03   0.03   0.03   0.96   0.03   0.96   0.50   0.51   0.03   0.79   0.02   0.09   0.68   0.34   0.54   0.03   0.81   0.98   0.55   0.99   0.87   0.92   0.34   0.34   0.73   0.34   0.29   0.96   0.77   0.03   0.92   0.03   0.54   0.79   0.92   0.03   0.79   0.18   0.79   
0.50   0.05   0.31   0.50   0.50   0.50   0.50   0.12   0.50   0.50   0.50   0.87   0.50   0.50   0.50   0.50   0.50   0.56   0.50   0.50   0.50   0.05   0.50   0.50   0.13   0.50   0.50   0.11   0.50   0.46   0.50   0.50   0.50   0.50   0.29   0.87   0.50   0.50   0.50   0.50   0.50   0.50   0.50   0.50   0.50   0.05   0.15   0.50   0.50   0.50   0.68   0.02   0.50   0.89   0.47   0.11   0.14   0.50   0.50   0.50   0.76   0.72   0.50   0.21   0.63   0.50   0.50   0.77   0.38   0.09   0.50   0.55   0.50   0.12   0.86   0.38   0.64   0.50   
0.01   0.01   0.29   0.04   0.76   0.76   0.05   0.02   0.06   0.76   0.05   0.97   0.76   0.01   0.05   0.76   0.05   0.17   0.76   0.71   0.76   0.06   0.98   0.01   0.00   0.01   0.05   0.08   0.76   0.08   0.98   0.96   0.06   0.01   0.91   0.99   0.94   0.04   0.05   0.06   0.05   0.06   0.98   0.05   0.98   0.02   0.14   0.76   0.97   0.01   0.61   0.03   0.76   0.92   0.04   0.22   0.94   0.96   0.98   0.98   0.99   0.85   0.94   0.31   0.79   0.01   0.98   0.98   0.03   0.47   0.76   0.30   0.97   0.78   0.75   0.80   0.06   0.94   

5.00   5.00   5.00   5.00   5.00   5.00   5.00   5.00   5.00   5.00   5.00   5.00   5.00   5.00   5.00   5.00   5.00   5.00   5.00   5.00   5.00   5.00   5.00   5.00   5.00   5.00   5.00   5.00   5.00   5.00   5.00   5.00   5.00   5.00   5.00   5.00   5.00   5.00   5.00   5.00   5.00   5.00   5.00   5.00   5.00   5.00   5.00   5.00   5.00   5.00   5.00   5.00   5.00   5.00   5.00   5.00   5.00   5.00   5.00   5.00   5.00   5.00   5.00   5.00   5.00   5.00   5.00   5.00   5.00   5.00   5.00   5.00   5.00   5.00   5.00   5.00   5.00   5.00   
0.38   0.33   0.61   0.03   0.03   0.03   0.03   0.33   0.43   0.12   0.03   0.85   0.03   0.02   0.03   0.03   0.03   0.62   0.03   0.67   0.79   0.67   0.88   0.02   0.02   0.02   0.53   0.74   0.08   0.12   0.99   0.94   0.43   0.49   0.98   0.93   0.97   0.58   0.03   0.03   0.03   0.03   0.97   0.03   0.97   0.65   0.61   0.03   0.85   0.02   0.22   0.76   0.50   0.65   0.03   0.86   0.98   0.65   0.99   0.90   0.95   0.50   0.43   0.79   0.43   0.38   0.97   0.83   0.03   0.94   0.03   0.65   0.85   0.95   0.03   0.85   0.34   0.85   
0.38   0.33   0.61   0.03   0.03   0.03   0.03   0.33   0.43   0.12   0.03   0.85   0.03   0.02   0.03   0.03   0.03   0.62   0.03   0.67   0.79   0.67   0.88   0.02   0.02   0.02   0.53   0.74   0.08   0.12   0.99   0.94   0.43   0.49   0.98   0.93   0.97   0.58   0.03   0.03   0.03   0.03   0.97   0.03   0.97   0.65   0.61   0.03   0.85   0.02   0.22   0.76   0.50   0.65   0.03   0.86   0.98   0.65   0.99   0.90   0.95   0.50   0.43   0.79   0.43   0.38   0.97   0.83   0.03   0.94   0.03   0.65   0.85   0.95   0.03   0.85   0.34   0.85   
0.50   0.06   0.28   0.46   0.50   0.50   0.50   0.12   0.50   0.50   0.50   0.80   0.50   0.50   0.50   0.50   0.50   0.59   0.50   0.50   0.50   0.05   0.50   0.50   0.50   0.50   0.50   0.12   0.50   0.41   0.50   0.50   0.50   0.50   0.29   0.85   0.50   0.50   0.50   0.50   0.50   0.50   0.50   0.50   0.50   0.06   0.16   0.50   0.50   0.50   0.70   0.02   0.50   0.83   0.46   0.10   0.13   0.50   0.50   0.50   0.73   0.61   0.50   0.21   0.62   0.50   0.50   0.72   0.39   0.10   0.50   0.55   0.50   0.12   0.84   0.39   0.65   0.50   
0.01   0.01   0.24   0.03   0.81   0.81   0.05   0.02   0.06   0.81   0.05   0.96   0.81   0.01   0.05   0.81   0.05   0.26   0.81   0.74   0.81   0.05   0.98   0.01   0.01   0.01   0.05   0.10   0.81   0.05   0.98   0.98   0.06   0.01   0.94   0.99   0.95   0.04   0.05   0.06   0.05   0.06   0.98   0.05   0.98   0.03   0.14   0.81   0.98   0.01   0.71   0.03   0.81   0.92   0.03   0.24   0.94   0.98   0.98   0.98   0.99   0.83   0.95   0.36   0.82   0.01   0.98   0.98   0.03   0.83   0.81   0.75   0.98   0.88   0.77   0.88   0.07   0.95   

5.00   5.00   5.00   5.00   5.00   5.00   5.00   5.00   5.00   5.00   5.00   5.00   5.00   5.00   5.00   5.00   5.00   5.00   5.00   5.00   5.00   5.00   5.00   5.00   5.00   5.00   5.00   5.00   5.00   5.00   5.00   5.00   5.00   5.00   5.00   5.00   5.00   5.00   5.00   5.00   5.00   5.00   5.00   5.00   5.00   5.00   5.00   5.00   5.00   5.00   5.00   5.00   5.00   5.00   5.00   5.00   5.00   5.00   5.00   5.00   5.00   5.00   5.00   5.00   5.00   5.00   5.00   5.00   5.00   5.00   5.00   5.00   5.00   5.00   5.00   5.00   5.00   5.00   
0.09   0.08   0.17   0.19   0.19   0.02   0.02   0.33   0.40   0.26   0.19   0.80   0.19   0.15   0.19   0.19   0.02   0.47   0.19   0.65   0.74   0.61   0.86   0.01   0.01   0.01   0.50   0.29   0.03   0.05   0.99   0.94   0.11   0.43   0.98   0.91   0.97   0.14   0.02   0.19   0.02   0.19   0.97   0.02   0.97   0.57   0.17   0.19   0.82   0.01   0.30   0.73   0.44   0.53   0.02   0.82   0.99   0.58   0.99   0.88   0.95   0.44   0.40   0.74   0.40   0.34   0.97   0.83   0.02   0.94   0.02   0.21   0.82   0.95   0.02   0.82   0.05   0.47   
0.09   0.08   0.17   0.19   0.19   0.02   0.02   0.33   0.40   0.26   0.19   0.80   0.19   0.15   0.19   0.19   0.02   0.47   0.19   0.65   0.74   0.61   0.86   0.01   0.01   0.01   0.50   0.29   0.03   0.05   0.99   0.94   0.11   0.43   0.98   0.91   0.97   0.14   0.02   0.19   0.02   0.19   0.97   0.02   0.97   0.57   0.17   0.19   0.82   0.01   0.30   0.73   0.44   0.53   0.02   0.82   0.99   0.58   0.99   0.88   0.95   0.44   0.40   0.74   0.40   0.34   0.97   0.83   0.02   0.94   0.02   0.21   0.82   0.95   0.02   0.82   0.05   0.47   
0.50   0.07   0.33   0.53   0.50   0.50   0.50   0.15   0.50   0.50   0.50   0.84   0.50   0.50   0.50   0.50   0.50   0.66   0.50   0.50   0.50   0.06   0.50   0.50   0.50   0.50   0.50   0.14   0.50   0.47   0.50   0.50   0.50   0.50   0.35   0.89   0.50   0.50   0.50   0.50   0.50   0.50   0.50   0.50   0.50   0.07   0.19   0.50   0.50   0.50   0.75   0.02   0.50   0.87   0.53   0.12   0.16   0.50   0.50   0.50   0.79   0.67   0.50   0.25   0.68   0.50   0.50   0.77   0.45   0.12   0.50   0.62   0.50   0.15   0.88   0.45   0.70   0.50   
0.01   0.01   0.11   0.29   0.84   0.84   0.04   0.09   0.06   0.84   0.05   0.98   0.84   0.01   0.05   0.84   0.05   0.81   0.84   0.77   0.84   0.09   0.98   0.01   0.01   0.01   0.05   0.06   0.84   0.05   0.98   0.98   0.06   0.01   0.97   1.00   0.95   0.03   0.05   0.06   0.04   0.06   0.98   0.05   0.98   0.07   0.06   0.84   0.98   0.01   0.86   0.04   0.84   0.96   0.03   0.30   0.96   0.98   0.98   0.98   1.00   0.89   0.95   0.47   0.88   0.01   0.98   0.99   0.02   0.88   0.84   0.55   0.98   0.92   0.65   0.94   0.08   0.95   

5.00   5.00   5.00   5.00   5.00   5.00   5.00   5.00   5.00   5.00   5.00   5.00   5.00   5.00   5.00   5.00   5.00   5.00   5.00   5.00   5.00   5.00   5.00   5.00   5.00   5.00   5.00   5.00   5.00   5.00   5.00   5.00   5.00   5.00   5.00   5.00   5.00   5.00   5.00   5.00   5.00   5.00   5.00   5.00   5.00   5.00   5.00   5.00   5.00   5.00   5.00   5.00   5.00   5.00   5.00   5.00   5.00   5.00   5.00   5.00   5.00   5.00   5.00   5.00   5.00   5.00   5.00   5.00   5.00   5.00   5.00   5.00   5.00   5.00   5.00   5.00   5.00   5.00   
0.08   0.08   0.16   0.14   0.14   0.02   0.02   0.27   0.31   0.44   0.14   0.84   0.14   0.11   0.14   0.14   0.02   0.37   0.14   0.74   0.61   0.52   0.76   0.11   0.01   0.01   0.64   0.44   0.03   0.05   0.99   0.94   0.10   0.36   0.99   0.92   0.89   0.14   0.02   0.14   0.13   0.14   0.97   0.02   0.97   0.69   0.16   0.14   0.84   0.01   0.25   0.80   0.36   0.41   0.02   0.69   0.99   0.49   0.99   0.90   0.95   0.59   0.55   0.61   0.55   0.27   0.97   0.74   0.02   0.84   0.02   0.18   0.70   0.95   0.02   0.84   0.05   0.58   
0.08   0.08   0.16   0.14   0.14   0.02   0.02   0.27   0.31   0.44   0.14   0.84   0.14   0.11   0.14   0.14   0.02   0.37   0.14   0.74   0.61   0.52   0.76   0.11   0.01   0.01   0.64   0.44   0.03   0.05   0.99   0.94   0.10   0.36   0.99   0.92   0.89   0.14   0.02   0.14   0.13   0.14   0.97   0.02   0.97   0.69   0.16   0.14   0.84   0.01   0.25   0.80   0.36   0.41   0.02   0.69   0.99   0.49   0.99   0.90   0.95   0.59   0.55   0.61   0.55   0.27   0.97   0.74   0.02   0.84   0.02   0.18   0.70   0.95   0.02   0.84   0.05   0.58   
0.50   0.50   0.18   0.41   0.50   0.50   0.50   0.11   0.50   0.50   0.50   0.79   0.50   0.50   0.50   0.50   0.50   0.60   0.50   0.50   0.50   0.03   0.50   0.50   0.50   0.50   0.50   0.22   0.50   0.37   0.50   0.50   0.50   0.50   0.65   0.50   0.50   0.50   0.50   0.50   0.50   0.50   0.50   0.50   0.50   0.10   0.11   0.50   0.50   0.50   0.71   0.01   0.50   0.83   0.37   0.06   0.11   0.50   0.50   0.50   0.50   0.40   0.50   0.21   0.67   0.50   0.50   0.88   0.50   0.09   0.50   0.74   0.50   0.29   0.89   0.44   0.57   0.50   
0.01   0.08   0.05   0.15   0.80   0.80   0.04   0.05   0.06   0.80   0.05   0.97   0.80   0.01   0.05   0.80   0.05   0.38   0.80   0.75   0.80   0.03   0.98   0.01   0.01   0.01   0.05   0.18   0.80   0.03   0.98   0.97   0.06   0.01   0.99   0.95   0.95   0.04   0.05   0.06   0.04   0.06   0.98   0.05   0.98   0.21   0.03   0.80   0.98   0.01   0.77   0.02   0.80   0.89   0.02   0.10   0.93   0.97   0.98   0.98   0.98   0.77   0.95   0.27   0.90   0.01   0.98   0.99   0.03   0.36   0.80   0.59   0.98   0.95   0.61   0.92   0.05   0.95   

5.00   5.00   5.00   5.00   5.00   5.00   5.00   5.00   5.00   5.00   5.00   5.00   5.00   5.00   5.00   5.00   5.00   5.00   5.00   5.00   5.00   5.00   5.00   5.00   5.00   5.00   5.00   5.00   5.00   5.00   5.00   5.00   5.00   5.00   5.00   5.00   5.00   5.00   5.00   5.00   5.00   5.00   5.00   5.00   5.00   5.00   5.00   5.00   5.00   5.00   5.00   5.00   5.00   5.00   5.00   5.00   5.00   5.00   5.00   5.00   5.00   5.00   5.00   5.00   5.00   5.00   5.00   5.00   5.00   5.00   5.00   5.00   5.00   5.00   5.00   5.00   5.00   5.00   
0.08   0.07   0.15   0.14   0.14   0.02   0.02   0.26   0.30   0.43   0.13   0.83   0.14   0.11   0.13   0.13   0.02   0.36   0.14   0.73   0.59   0.49   0.75   0.11   0.01   0.01   0.62   0.42   0.03   0.04   0.99   0.94   0.09   0.34   0.98   0.92   0.89   0.13   0.02   0.14   0.13   0.13   0.96   0.02   0.96   0.67   0.15   0.14   0.83   0.01   0.24   0.79   0.35   0.39   0.02   0.68   0.99   0.46   0.99   0.90   0.95   0.57   0.53   0.59   0.53   0.26   0.96   0.73   0.02   0.82   0.02   0.17   0.69   0.95   0.02   0.83   0.05   0.55   
0.08   0.07   0.15   0.14   0.14   0.02   0.02   0.26   0.30   0.43   0.13   0.83   0.14   0.11   0.13   0.13   0.02   0.36   0.14   0.73   0.59   0.49   0.75   0.11   0.01   0.01   0.62   0.42   0.03   0.04   0.99   0.94   0.09   0.34   0.98   0.92   0.89   0.13   0.02   0.14   0.13   0.13   0.96   0.02   0.96   0.67   0.15   0.14   0.83   0.01   0.24   0.79   0.35   0.39   0.02   0.68   0.99   0.46   0.99   0.90   0.95   0.57   0.53   0.59   0.53   0.26   0.96   0.73   0.02   0.82   0.02   0.17   0.69   0.95   0.02   0.83   0.05   0.55   
0.50   0.50   0.17   0.39   0.50   0.50   0.50   0.11   0.50   0.50   0.50   0.77   0.50   0.50   0.50   0.50   0.50   0.57   0.50   0.50   0.50   0.03   0.50   0.50   0.50   0.50   0.50   0.21   0.50   0.35   0.50   0.50   0.50   0.50   0.63   0.50   0.50   0.50   0.50   0.50   0.50   0.50   0.50   0.50   0.50   0.10   0.11   0.50   0.50   0.50   0.69   0.01   0.50   0.81   0.35   0.06   0.10   0.50   0.50   0.50   0.50   0.38   0.50   0.20   0.65   0.50   0.50   0.86   0.48   0.08   0.50   0.71   0.50   0.28   0.87   0.42   0.55   0.50   
0.01   0.08   0.04   0.18   0.78   0.78   0.04   0.06   0.06   0.78   0.05   0.97   0.78   0.01   0.05   0.78   0.05   0.67   0.78   0.71   0.78   0.02   0.98   0.01   0.01   0.01   0.05   0.16   0.78   0.03   0.98   0.97   0.06   0.01   0.98   0.94   0.95   0.04   0.05   0.06   0.04   0.06   0.98   0.05   0.98   0.15   0.02   0.78   0.98   0.01   0.43   0.02   0.78   0.87   0.01   0.12   0.95   0.97   0.98   0.98   0.97   0.47   0.95   0.24   0.85   0.01   0.98   0.98   0.02   0.32   0.78   0.55   0.98   0.92   0.54   0.89   0.03   0.95   

5.00   5.00   5.00   5.00   5.00   5.00   5.00   5.00   5.00   5.00   5.00   5.00   5.00   5.00   5.00   5.00   5.00   5.00   5.00   5.00   5.00   5.00   5.00   5.00   5.00   5.00   5.00   5.00   5.00   5.00   5.00   5.00   5.00   5.00   5.00   5.00   5.00   5.00   5.00   5.00   5.00   5.00   5.00   5.00   5.00   5.00   5.00   5.00   5.00   5.00   5.00   5.00   5.00   5.00   5.00   5.00   5.00   5.00   5.00   5.00   5.00   5.00   5.00   5.00   5.00   5.00   5.00   5.00   5.00   5.00   5.00   5.00   5.00   5.00   5.00   5.00   5.00   5.00   
0.07   0.08   0.09   0.10   0.16   0.03   0.01   0.28   0.21   0.42   0.16   0.85   0.10   0.13   0.10   0.10   0.03   0.36   0.16   0.74   0.60   0.37   0.77   0.06   0.01   0.01   0.49   0.28   0.02   0.03   0.99   0.94   0.06   0.24   0.99   0.86   0.91   0.07   0.03   0.10   0.07   0.10   0.97   0.01   0.97   0.69   0.13   0.16   0.85   0.02   0.25   0.81   0.25   0.40   0.03   0.70   0.99   0.45   0.99   0.92   0.96   0.58   0.53   0.60   0.53   0.18   0.97   0.74   0.03   0.84   0.03   0.15   0.60   0.96   0.01   0.84   0.06   0.40   
0.07   0.08   0.09   0.10   0.16   0.03   0.01   0.28   0.21   0.42   0.16   0.85   0.10   0.13   0.10   0.10   0.03   0.36   0.16   0.74   0.60   0.37   0.77   0.06   0.01   0.01   0.49   0.28   0.02   0.03   0.99   0.94   0.06   0.24   0.99   0.86   0.91   0.07   0.03   0.10   0.07   0.10   0.97   0.01   0.97   0.69   0.13   0.16   0.85   0.02   0.25   0.81   0.25   0.40   0.03   0.70   0.99   0.45   0.99   0.92   0.96   0.58   0.53   0.60   0.53   0.18   0.97   0.74   0.03   0.84   0.03   0.15   0.60   0.96   0.01   0.84   0.06   0.40   
0.50   0.50   0.21   0.44   0.50   0.50   0.50   0.13   0.50   0.50   0.50   0.80   0.50   0.50   0.50   0.50   0.50   0.63   0.50   0.50   0.50   0.04   0.50   0.50   0.50   0.50   0.50   0.25   0.50   0.40   0.50   0.50   0.50   0.50   0.67   0.50   0.50   0.50   0.50   0.50   0.50   0.50   0.50   0.50   0.50   0.13   0.14   0.50   0.50   0.50   0.73   0.01   0.50   0.84   0.40   0.08   0.13   0.50   0.50   0.50   0.50   0.43   0.50   0.24   0.69   0.50   0.50   0.88   0.53   0.11   0.50   0.75   0.50   0.33   0.89   0.47   0.60   0.50   
0.01   0.06   0.02   0.14   0.81   0.81   0.03   0.07   0.05   0.81   0.04   0.98   0.81   0.01   0.04   0.81   0.04   0.73   0.81   0.77   0.81   0.02   0.98   0.01   0.01   0.01   0.04   0.11   0.81   0.01   0.98   0.97   0.05   0.01   0.99   0.96   0.95   0.04   0.04   0.05   0.03   0.05   0.98   0.04   0.98   0.22   0.03   0.81   0.98   0.01   0.78   0.03   0.81   0.90   0.02   0.14   0.96   0.97   0.98   0.98   0.98   0.79   0.95   0.27   0.90   0.01   0.98   0.99   0.04   0.42   0.81   0.29   0.98   0.96   0.09   0.93   0.07   0.95   

0.94   0.39   0.42   0.28   0.21   0.34   0.61   0.36   0.62   0.36   0.69   0.30   0.22   0.22   0.37   0.30   0.31   0.22   0.60   0.49   0.33   0.32   0.25   0.64   0.50   0.50   0.20   0.19   0.23   0.40   0.50   0.14   0.42   0.60   0.13   0.21   0.41   0.74   0.32   0.29   0.58   0.35   0.36   0.51   0.35   0.30   0.29   0.22   0.22   0.35   0.33   0.69   0.45   0.39   0.40   0.28   0.52   0.24   0.50   0.53   0.12   0.39   0.21   0.46   0.20   0.27   0.21   0.16   0.15   0.46   0.19   0.21   0.18   0.18   0.16   0.15   0.18   0.25   
0.52   0.02   0.03   0.01   0.01   0.01   0.01   0.05   0.10   0.07   0.10   0.17   0.01   0.01   0.02   0.01   0.01   0.03   0.07   0.25   0.09   0.05   0.10   0.04   0.00   0.00   0.04   0.04   0.00   0.01   0.99   0.20   0.02   0.09   0.18   0.17   0.62   0.09   0.01   0.01   0.04   0.02   0.60   0.01   0.58   0.18   0.02   0.01   0.18   0.01   0.03   0.75   0.06   0.07   0.01   0.16   0.81   0.07   0.99   0.79   0.11   0.19   0.05   0.24   0.08   0.02   0.72   0.06   0.00   0.27   0.00   0.02   0.04   0.54   0.00   0.12   0.01   0.08   
0.08   0.11   0.11   0.09   0.15   0.03   0.01   0.31   0.21   0.46   0.15   0.81   0.09   0.11   0.09   0.09   0.03   0.39   0.15   0.73   0.61   0.39   0.73   0.08   0.01   0.01   0.51   0.63   0.02   0.02   0.99   0.97   0.06   0.22   0.95   0.92   0.94   0.08   0.03   0.09   0.11   0.09   0.93   0.01   0.93   0.83   0.18   0.15   0.92   0.02   0.26   0.88   0.24   0.45   0.03   0.83   0.95   0.71   0.99   0.94   0.92   0.77   0.55   0.78   0.75   0.16   0.98   0.75   0.03   0.82   0.03   0.23   0.66   0.97   0.01   0.92   0.07   0.73   
0.50   0.50   0.17   0.41   0.50   0.50   0.50   0.10   0.50   0.50   0.50   0.80   0.50   0.50   0.50   0.50   0.50   0.61   0.50   0.50   0.50   0.02   0.50   0.50   0.50   0.50   0.50   0.21   0.50   0.36   0.50   0.50   0.50   0.50   0.66   0.50   0.50   0.50   0.50   0.50   0.50   0.50   0.50   0.50   0.50   0.10   0.11   0.50   0.50   0.50   0.73   0.00   0.50   0.85   0.37   0.06   0.10   0.50   0.50   0.50   0.50   0.40   0.50   0.21   0.69   0.50   0.50   0.89   0.51   0.08   0.50   0.75   0.50   0.29   0.90   0.44   0.58   0.50   
0.01   0.05   0.02   0.08   0.79   0.79   0.03   0.04   0.05   0.79   0.04   0.96   0.79   0.01   0.04   0.79   0.04   0.33   0.79   0.74   0.79   0.01   0.98   0.01   0.01   0.01   0.04   0.13   0.79   0.01   0.98   0.97   0.05   0.01   0.98   0.95   0.95   0.04   0.04   0.05   0.03   0.05   0.98   0.04   0.98   0.20   0.02   0.79   0.98   0.01   0.40   0.02   0.79   0.86   0.02   0.12   0.85   0.97   0.98   0.98   0.98   0.79   0.95   0.26   0.91   0.01   0.98   0.98   0.03   0.25   0.79   0.23   0.98   0.96   0.08   0.92   0.05   0.95   

0.30   0.17   0.15   0.14   0.23   0.28   0.22   0.14   0.17   0.23   0.28   0.13   0.18   0.20   0.20   0.27   0.50   0.18   0.17   0.25   0.17   0.16   0.13   0.19   0.50   0.50   0.10   0.23   0.50   0.18   0.50   0.15   0.24   0.26   0.22   0.20   0.09   0.24   0.50   0.22   0.27   0.20   0.08   0.50   0.12   0.23   0.17   0.23   0.14   0.50   0.25   0.16   0.29   0.10   0.17   0.22   0.22   0.18   0.50   0.12   0.12   0.11   0.12   0.18   0.17   0.17   0.13   0.21   0.50   0.17   0.50   0.20   0.13   0.24   0.50   0.19   0.50   0.15   
0.01   0.00   0.00   0.00   0.01   0.00   0.00   0.01   0.01   0.02   0.01   0.03   0.00   0.01   0.00   0.01   0.01   0.01   0.01   0.05   0.02   0.01   0.02   0.00   0.00   0.00   0.01   0.03   0.01   0.00   0.98   0.10   0.01   0.02   0.14   0.08   0.05   0.01   0.01   0.01   0.01   0.01   0.04   0.00   0.06   0.07   0.01   0.01   0.06   0.01   0.02   0.06   0.02   0.01   0.00   0.06   0.14   0.03   0.98   0.08   0.05   0.02   0.01   0.04   0.03   0.01   0.12   0.04   0.01   0.04   0.01   0.01   0.02   0.19   0.00   0.08   0.02   0.02   
0.07   0.10   0.10   0.09   0.15   0.03   0.01   0.30   0.23   0.47   0.17   0.82   0.10   0.11   0.08   0.08   0.03   0.37   0.15   0.71   0.58   0.37   0.72   0.08   0.01   0.01   0.49   0.60   0.02   0.02   0.99   0.96   0.05   0.24   0.95   0.91   0.94   0.07   0.03   0.09   0.12   0.10   0.92   0.02   0.92   0.82   0.16   0.18   0.92   0.02   0.28   0.87   0.23   0.47   0.03   0.81   0.95   0.69   0.99   0.94   0.91   0.75   0.53   0.78   0.73   0.18   0.98   0.73   0.03   0.82   0.03   0.21   0.64   0.97   0.01   0.91   0.06   0.70   
0.50   0.50   0.11   0.30   0.50   0.50   0.50   0.07   0.50   0.50   0.50   0.71   0.50   0.50   0.50   0.50   0.50   0.49   0.50   0.50   0.50   0.01   0.50   0.50   0.50   0.50   0.50   0.14   0.50   0.26   0.50   0.50   0.50   0.50   0.55   0.50   0.50   0.50   0.50   0.50   0.50   0.50   0.50   0.50   0.50   0.06   0.07   0.50   0.50   0.50   0.62   0.00   0.50   0.77   0.26   0.04   0.06   0.50   0.50   0.50   0.50   0.29   0.50   0.14   0.57   0.50   0.50   0.83   0.39   0.05   0.50   0.64   0.50   0.20   0.84   0.33   0.46   0.50   
0.01   0.05   0.01   0.04   0.75   0.75   0.03   0.02   0.05   0.75   0.04   0.94   0.75   0.01   0.04   0.75   0.04   0.21   0.75   0.68   0.75   0.00   0.98   0.01   0.01   0.01   0.04   0.06   0.75   0.01   0.98   0.96   0.05   0.01   0.97   0.93   0.94   0.04   0.04   0.05   0.03   0.05   0.98   0.04   0.98   0.10   0.01   0.75   0.97   0.01   0.38   0.01   0.75   0.81   0.01   0.06   0.40   0.96   0.98   0.98   0.97   0.39   0.94   0.21   0.80   0.01   0.98   0.95   0.02   0.18   0.75   0.15   0.97   0.87   0.05   0.82   0.03   0.94   

0.12   0.50   0.50   0.50   0.10   0.50   0.50   0.08   0.09   0.10   0.12   0.07   0.50   0.50   0.50   0.11   0.50   0.09   0.50   0.10   0.09   0.08   0.07   0.50   0.50   0.50   0.06   0.10   0.50   0.50   0.50   0.08   0.50   0.11   0.09   0.08   0.06   0.10   0.50   0.50   0.11   0.50   0.06   0.50   0.07   0.10   0.09   0.10   0.07   0.50   0.10   0.08   0.11   0.06   0.50   0.09   0.10   0.09   0.50   0.07   0.07   0.06   0.06   0.09   0.09   0.09   0.07   0.09   0.50   0.08   0.50   0.09   0.07   0.10   0.50   0.09   0.50   0.07   
0.00   0.03   0.03   0.02   0.00   0.01   0.00   0.01   0.00   0.01   0.01   0.02   0.02   0.02   0.02   0.00   0.01   0.00   0.03   0.02   0.01   0.01   0.01   0.02   0.00   0.00   0.01   0.02   0.01   0.01   0.98   0.05   0.02   0.01   0.06   0.04   0.03   0.00   0.01   0.02   0.00   0.02   0.03   0.00   0.03   0.03   0.00   0.00   0.03   0.01   0.01   0.04   0.00   0.01   0.01   0.02   0.06   0.01   0.98   0.05   0.03   0.01   0.01   0.02   0.02   0.00   0.07   0.02   0.01   0.02   0.01   0.00   0.01   0.08   0.00   0.04   0.02   0.01   
0.05   0.06   0.28   0.03   0.05   0.15   0.01   0.37   0.07   0.61   0.25   0.86   0.03   0.04   0.03   0.03   0.02   0.12   0.05   0.82   0.19   0.50   0.78   0.25   0.00   0.00   0.65   0.83   0.14   0.02   0.99   0.98   0.04   0.33   0.97   0.95   0.95   0.24   0.02   0.03   0.30   0.03   0.95   0.01   0.95   0.91   0.37   0.05   0.95   0.13   0.39   0.93   0.08   0.50   0.02   0.87   0.96   0.81   0.99   0.96   0.94   0.87   0.67   0.84   0.85   0.26   0.99   0.81   0.02   0.86   0.15   0.34   0.72   0.98   0.12   0.95   0.25   0.89   
0.50   0.50   0.21   0.35   0.50   0.50   0.50   0.12   0.50   0.50   0.50   0.70   0.50   0.50   0.50   0.50   0.50   0.61   0.50   0.50   0.50   0.50   0.50   0.50   0.50   0.50   0.50   0.25   0.50   0.50   0.50   0.50   0.50   0.50   0.71   0.50   0.50   0.50   0.50   0.50   0.50   0.50   0.50   0.50   0.50   0.12   0.11   0.50   0.50   0.50   0.65   0.00   0.50   0.78   0.37   0.07   0.10   0.50   0.50   0.50   0.50   0.39   0.50   0.22   0.59   0.50   0.50   0.88   0.50   0.12   0.50   0.69   0.50   0.32   0.88   0.44   0.47   0.50   
0.01   0.07   0.06   0.03   0.80   0.80   0.04   0.05   0.06   0.80   0.05   0.96   0.80   0.01   0.05   0.80   0.05   0.17   0.80   0.78   0.80   0.65   0.99   0.01   0.01   0.01   0.05   0.25   0.80   0.03   0.99   0.97   0.06   0.01   0.99   0.95   0.94   0.05   0.05   0.06   0.04   0.06   0.99   0.05   0.99   0.32   0.03   0.80   0.98   0.01   0.79   0.03   0.80   0.89   0.01   0.17   0.82   0.97   0.99   0.99   0.98   0.82   0.94   0.45   0.89   0.01   0.99   0.98   0.02   0.49   0.80   0.29   0.98   0.96   0.58   0.92   0.09   0.94   

0.50   0.50   0.50   0.50   0.50   0.50   0.50   0.50   0.50   0.05   0.50   0.06   0.50   0.50   0.50   0.50   0.50   0.50   0.50   0.05   0.50   0.06   0.07   0.50   0.50   0.50   0.07   0.05   0.50   0.50   0.50   0.06   0.50   0.05   0.06   0.06   0.07   0.50   0.50   0.50   0.50   0.50   0.07   0.50   0.07   0.05   0.50   0.50   0.06   0.50   0.05   0.06   0.50   0.50   0.50   0.06   0.05   0.06   0.50   0.06   0.07   0.07   0.07   0.06   0.06   0.50   0.06   0.06   0.50   0.06   0.50   0.50   0.07   0.06   0.50   0.06   0.50   0.06   
0.01   0.02   0.03   0.02   0.02   0.01   0.00   0.06   0.02   0.00   0.04   0.01   0.02   0.02   0.02   0.01   0.01   0.03   0.03   0.01   0.06   0.00   0.01   0.02   0.00   0.00   0.01   0.01   0.01   0.01   0.98   0.05   0.02   0.00   0.04   0.03   0.05   0.03   0.01   0.02   0.03   0.02   0.04   0.00   0.04   0.02   0.05   0.02   0.03   0.01   0.00   0.02   0.02   0.08   0.01   0.02   0.04   0.01   0.98   0.04   0.03   0.02   0.01   0.01   0.01   0.04   0.07   0.01   0.01   0.02   0.01   0.05   0.01   0.05   0.00   0.03   0.02   0.01   
0.08   0.05   0.20   0.02   0.04   0.12   0.04   0.44   0.05   0.41   0.19   0.75   0.02   0.03   0.02   0.02   0.02   0.16   0.04   0.67   0.17   0.33   0.79   0.17   0.00   0.00   0.44   0.83   0.11   0.01   0.99   0.98   0.03   0.21   0.97   0.95   0.96   0.17   0.02   0.06   0.19   0.02   0.95   0.01   0.95   0.91   0.27   0.04   0.96   0.20   0.46   0.86   0.06   0.59   0.06   0.88   0.96   0.83   0.99   0.96   0.95   0.87   0.68   0.86   0.85   0.18   0.99   0.83   0.06   0.88   0.22   0.45   0.62   0.98   0.09   0.96   0.33   0.90   
0.50   0.50   0.22   0.36   0.50   0.50   0.50   0.13   0.50   0.50   0.50   0.70   0.50   0.50   0.50   0.50   0.50   0.61   0.50   0.50   0.50   0.50   0.50   0.50   0.50   0.50   0.50   0.26   0.50   0.50   0.50   0.50   0.50   0.50   0.71   0.50   0.50   0.50   0.50   0.50   0.50   0.50   0.50   0.50   0.50   0.13   0.12   0.50   0.50   0.50   0.66   0.01   0.50   0.78   0.38   0.08   0.11   0.50   0.50   0.50   0.50   0.40   0.50   0.23   0.59   0.50   0.50   0.88   0.51   0.13   0.50   0.69   0.50   0.33   0.88   0.45   0.48   0.50   
0.01   0.06   0.03   0.02   0.82   0.82   0.03   0.06   0.05   0.82   0.04   0.95   0.82   0.01   0.04   0.82   0.04   0.19   0.82   0.79   0.82   0.63   0.98   0.01   0.01   0.01   0.04   0.21   0.82   0.02   0.98   0.98   0.05   0.01   0.99   0.96   0.95   0.04   0.04   0.05   0.03   0.05   0.98   0.04   0.98   0.33   0.02   0.82   0.98   0.01   0.83   0.02   0.82   0.91   0.01   0.19   0.86   0.98   0.98   0.98   0.98   0.83   0.95   0.50   0.90   0.01   0.98   0.99   0.02   0.76   0.82   0.29   0.98   0.97   0.17   0.94   0.09   0.95   

0.50   0.50   0.50   0.50   0.50   0.50   0.50   0.50   0.50   0.50   0.50   0.05   0.50   0.50   0.50   0.50   0.50   0.50   0.50   0.05   0.50   0.50   0.05   0.50   0.50   0.50   0.50   0.05   0.50   0.50   0.50   0.05   0.50   0.50   0.05   0.05   0.05   0.50   0.50   0.50   0.50   0.50   0.05   0.50   0.05   0.05   0.50   0.50   0.05   0.50   0.50   0.05   0.50   0.50   0.50   0.05   0.05   0.05   0.50   0.05   0.05   0.05   0.05   0.05   0.05   0.50   0.05   0.05   0.50   0.05   0.50   0.50   0.05   0.05   0.50   0.05   0.50   0.05   
0.01   0.02   0.03   0.02   0.02   0.01   0.00   0.06   0.02   0.07   0.04   0.01   0.02   0.02   0.02   0.01   0.01   0.03   0.03   0.01   0.06   0.06   0.01   0.02   0.00   0.00   0.07   0.01   0.01   0.01   0.98   0.05   0.02   0.04   0.05   0.03   0.04   0.03   0.01   0.02   0.03   0.02   0.02   0.00   0.04   0.02   0.05   0.02   0.02   0.01   0.08   0.01   0.02   0.08   0.01   0.01   0.03   0.01   0.98   0.03   0.02   0.01   0.01   0.01   0.01   0.04   0.04   0.01   0.01   0.01   0.01   0.05   0.00   0.06   0.00   0.03   0.02   0.02   
0.08   0.05   0.18   0.02   0.03   0.11   0.04   0.41   0.04   0.35   0.17   0.68   0.02   0.03   0.02   0.02   0.02   0.16   0.03   0.61   0.15   0.29   0.85   0.15   0.00   0.00   0.39   0.80   0.11   0.01   0.99   0.98   0.02   0.19   0.97   0.96   0.97   0.16   0.02   0.06   0.17   0.02   0.93   0.01   0.96   0.93   0.24   0.03   0.93   0.20   0.67   0.81   0.05   0.56   0.06   0.85   0.94   0.89   0.99   0.93   0.93   0.83   0.79   0.82   0.81   0.16   0.97   0.88   0.06   0.86   0.46   0.66   0.60   0.99   0.09   0.97   0.33   0.93   
0.50   0.50   0.14   0.40   0.50   0.50   0.50   0.09   0.50   0.50   0.50   0.69   0.50   0.50   0.50   0.50   0.50   0.62   0.50   0.50   0.50   0.50   0.50   0.50   0.50   0.50   0.50   0.46   0.50   0.50   0.50   0.50   0.50   0.50   0.50   0.50   0.50   0.50   0.50   0.50   0.50   0.50   0.50   0.50   0.50   0.22   0.11   0.50   0.50   0.50   0.67   0.00   0.50   0.77   0.41   0.06   0.10   0.50   0.50   0.50   0.50   0.31   0.50   0.16   0.61   0.50   0.50   0.96   0.57   0.14   0.50   0.82   0.50   0.65   0.89   0.59   0.52   0.50   
0.01   0.08   0.03   0.03   0.85   0.85   0.04   0.05   0.06   0.85   0.05   0.95   0.85   0.01   0.05   0.85   0.05   0.22   0.85   0.83   0.85   0.71   0.98   0.01   0.01   0.01   0.05   0.79   0.85   0.03   0.98   0.98   0.06   0.01   0.99   0.97   0.95   0.04   0.05   0.06   0.04   0.06   0.98   0.05   0.98   0.84   0.03   0.85   0.99   0.01   0.93   0.02   0.85   0.92   0.02   0.17   0.82   0.98   0.98   0.98   0.99   0.83   0.95   0.45   0.93   0.01   0.98   1.00   0.04   0.76   0.85   0.92   0.99   1.00   0.63   0.98   0.18   0.95   

0.50   0.50   0.50   0.50   0.50   0.50   0.50   0.50   0.50   0.50   0.50   0.05   0.50   0.50   0.50   0.50   0.50   0.50   0.50   0.50   0.50   0.50   0.05   0.50   0.50   0.50   0.50   0.05   0.50   0.50   0.50   0.05   0.50   0.50   0.05   0.05   0.05   0.50   0.50   0.50   0.50   0.50   0.05   0.50   0.05   0.05   0.50   0.50   0.05   0.50   0.50   0.05   0.50   0.50   0.50   0.05   0.05   0.05   0.50   0.05   0.05   0.05   0.05   0.05   0.05   0.50   0.05   0.05   0.50   0.05   0.50   0.50   0.50   0.05   0.50   0.05   0.50   0.05   
0.01   0.03   0.03   0.02   0.02   0.01   0.00   0.06   0.02   0.07   0.04   0.01   0.02   0.02   0.02   0.01   0.01   0.03   0.02   0.11   0.06   0.06   0.01   0.02   0.00   0.00   0.07   0.01   0.01   0.01   0.98   0.05   0.02   0.04   0.04   0.03   0.04   0.03   0.01   0.02   0.03   0.02   0.02   0.00   0.03   0.02   0.05   0.02   0.02   0.01   0.08   0.01   0.02   0.08   0.01   0.01   0.04   0.01   0.98   0.03   0.02   0.01   0.01   0.01   0.01   0.04   0.04   0.01   0.01   0.01   0.01   0.05   0.08   0.06   0.00   0.03   0.02   0.02   
0.09   0.05   0.19   0.01   0.02   0.12   0.03   0.32   0.05   0.37   0.18   0.69   0.02   0.04   0.01   0.03   0.03   0.12   0.04   0.63   0.12   0.31   0.86   0.15   0.00   0.00   0.41   0.81   0.09   0.02   0.99   0.98   0.03   0.20   0.97   0.97   0.97   0.17   0.03   0.04   0.18   0.01   0.93   0.01   0.97   0.93   0.27   0.02   0.94   0.21   0.69   0.82   0.04   0.57   0.07   0.85   0.92   0.89   0.99   0.93   0.93   0.84   0.80   0.83   0.82   0.13   0.97   0.89   0.07   0.86   0.49   0.67   0.61   0.99   0.07   0.97   0.35   0.91   
0.50   0.50   0.14   0.25   0.50   0.50   0.50   0.10   0.50   0.50   0.50   0.63   0.50   0.50   0.50   0.50   0.50   0.56   0.50   0.50   0.50   0.50   0.50   0.50   0.50   0.50   0.50   0.54   0.50   0.50   0.50   0.50   0.50   0.50   0.50   0.50   0.50   0.50   0.50   0.50   0.50   0.50   0.50   0.50   0.50   0.39   0.07   0.50   0.50   0.50   0.61   0.00   0.50   0.78   0.45   0.03   0.10   0.50   0.50   0.50   0.50   0.35   0.50   0.21   0.55   0.50   0.50   0.50   0.65   0.18   0.50   0.79   0.50   0.50   0.84   0.55   0.32   0.50   
0.01   0.07   0.03   0.01   0.86   0.86   0.04   0.04   0.06   0.86   0.05   0.94   0.86   0.01   0.05   0.86   0.05   0.15   0.86   0.84   0.86   0.71   0.98   0.01   0.01   0.01   0.05   0.85   0.86   0.03   0.98   0.98   0.06   0.01   0.99   0.97   0.95   0.04   0.05   0.06   0.04   0.06   0.98   0.05   0.98   0.93   0.02   0.86   0.99   0.01   0.92   0.02   0.86   0.94   0.03   0.10   0.80   0.98   0.98   0.98   0.99   0.86   0.95   0.75   0.92   0.01   0.98   0.95   0.06   0.83   0.86   0.92   0.99   0.99   0.13   0.98   0.09   0.95   

0.50   0.50   0.50   0.50   0.50   0.50   0.50   0.50   0.50   0.50   0.50   0.05   0.50   0.50   0.50   0.50   0.50   0.50   0.50   0.50   0.50   0.50   0.05   0.50   0.50   0.50   0.50   0.05   0.50   0.50   0.50   0.05   0.50   0.50   0.05   0.05   0.05   0.50   0.50   0.50   0.50   0.50   0.05   0.50   0.05   0.05   0.50   0.50   0.05   0.50   0.50   0.05   0.50   0.50   0.50   0.05   0.05   0.05   0.50   0.05   0.05   0.05   0.05   0.05   0.05   0.50   0.05   0.05   0.50   0.05   0.50   0.50   0.50   0.05   0.50   0.05   0.50   0.05   
0.01   0.02   0.02   0.02   0.02   0.01   0.00   0.06   0.02   0.07   0.04   0.01   0.02   0.02   0.02   0.01   0.01   0.03   0.03   0.11   0.05   0.06   0.02   0.02   0.00   0.00   0.07   0.01   0.01   0.01   0.98   0.06   0.01   0.04   0.06   0.02   0.03   0.03   0.01   0.02   0.03   0.02   0.02   0.00   0.03   0.03   0.05   0.02   0.03   0.01   0.08   0.02   0.02   0.08   0.01   0.01   0.05   0.01   0.98   0.02   0.02   0.02   0.01   0.01   0.01   0.04   0.03   0.01   0.01   0.01   0.01   0.04   0.08   0.07   0.00   0.04   0.02   0.02   
0.08   0.07   0.18   0.01   0.03   0.11   0.03   0.37   0.05   0.36   0.22   0.68   0.02   0.03   0.01   0.02   0.02   0.12   0.04   0.67   0.12   0.35   0.86   0.15   0.00   0.00   0.39   0.79   0.08   0.02   0.99   0.99   0.03   0.24   0.98   0.96   0.97   0.16   0.02   0.04   0.21   0.01   0.92   0.01   0.96   0.94   0.25   0.04   0.94   0.24   0.66   0.84   0.04   0.59   0.06   0.83   0.92   0.88   0.99   0.93   0.91   0.85   0.78   0.81   0.80   0.15   0.97   0.87   0.06   0.83   0.44   0.63   0.56   0.99   0.07   0.97   0.32   0.89   
0.50   0.50   0.13   0.26   0.50   0.50   0.50   0.09   0.50   0.50   0.50   0.69   0.50   0.50   0.50   0.50   0.50   0.62   0.50   0.50   0.50   0.50   0.50   0.50   0.50   0.50   0.50   0.59   0.50   0.50   0.50   0.50   0.50   0.50   0.50   0.50   0.50   0.50   0.50   0.50   0.50   0.50   0.50   0.50   0.50   0.42   0.06   0.50   0.50   0.50   0.67   0.00   0.50   0.84   0.49   0.02   0.09   0.50   0.50   0.50   0.50   0.37   0.50   0.22   0.61   0.50   0.50   0.50   0.71   0.17   0.50   0.85   0.50   0.50   0.89   0.61   0.34   0.50   
0.01   0.08   0.02   0.01   0.85   0.85   0.04   0.09   0.06   0.85   0.05   0.93   0.85   0.01   0.05   0.85   0.05   0.18   0.85   0.84   0.85   0.68   0.98   0.01   0.01   0.01   0.05   0.83   0.85   0.03   0.98   0.98   0.06   0.01   0.99   0.97   0.95   0.04   0.05   0.06   0.04   0.06   0.98   0.05   0.98   0.94   0.01   0.85   0.99   0.01   0.90   0.01   0.85   0.96   0.03   0.05   0.81   0.98   0.98   0.98   0.99   0.89   0.95   0.44   0.90   0.01   0.98   0.95   0.07   0.73   0.85   0.91   0.99   0.99   0.18   0.99   0.08   0.95   

0.50   0.50   0.50   0.50   0.50   0.50   0.50   0.50   0.50   0.50   0.50   0.05   0.50   0.50   0.50   0.50   0.50   0.50   0.50   0.50   0.50   0.50   0.05   0.50   0.50   0.50   0.50   0.05   0.50   0.50   0.50   0.05   0.50   0.50   0.05   0.05   0.05   0.50   0.50   0.50   0.50   0.50   0.05   0.50   0.05   0.05   0.50   0.50   0.05   0.50   0.50   0.05   0.50   0.50   0.50   0.05   0.05   0.05   0.50   0.05   0.05   0.05   0.05   0.05   0.05   0.50   0.05   0.05   0.50   0.05   0.50   0.50   0.50   0.05   0.50   0.05   0.50   0.05   
0.01   0.02   0.02   0.02   0.02   0.01   0.00   0.06   0.02   0.07   0.04   0.01   0.02   0.02   0.02   0.01   0.01   0.03   0.03   0.11   0.05   0.06   0.02   0.02   0.00   0.00   0.07   0.01   0.01   0.01   0.98   0.08   0.01   0.04   0.07   0.03   0.03   0.03   0.01   0.02   0.03   0.02   0.02   0.00   0.03   0.03   0.05   0.02   0.02   0.01   0.09   0.01   0.02   0.08   0.01   0.02   0.04   0.01   0.98   0.02   0.02   0.01   0.01   0.01   0.01   0.04   0.04   0.01   0.01   0.01   0.01   0.04   0.08   0.06   0.00   0.05   0.02   0.01   
0.07   0.06   0.16   0.01   0.03   0.10   0.03   0.32   0.04   0.31   0.19   0.61   0.02   0.03   0.01   0.02   0.02   0.10   0.03   0.61   0.10   0.32   0.92   0.12   0.00   0.00   0.33   0.74   0.07   0.02   0.99   0.99   0.02   0.21   0.98   0.97   0.94   0.14   0.02   0.04   0.17   0.01   0.89   0.01   0.97   0.96   0.22   0.03   0.90   0.21   0.62   0.79   0.03   0.55   0.06   0.90   0.88   0.92   0.99   0.90   0.87   0.81   0.74   0.89   0.76   0.13   0.97   0.83   0.06   0.90   0.41   0.59   0.49   0.96   0.06   0.98   0.29   0.85   
0.50   0.50   0.20   0.32   0.50   0.50   0.50   0.14   0.50   0.50   0.50   0.69   0.50   0.50   0.50   0.50   0.50   0.63   0.50   0.50   0.50   0.50   0.50   0.50   0.50   0.50   0.50   0.61   0.50   0.50   0.50   0.50   0.50   0.50   0.50   0.50   0.50   0.50   0.50   0.50   0.50   0.50   0.50   0.50   0.50   0.47   0.11   0.50   0.50   0.50   0.67   0.01   0.50   0.82   0.52   0.05   0.15   0.50   0.50   0.50   0.50   0.43   0.50   0.28   0.62   0.50   0.50   0.50   0.70   0.24   0.50   0.83   0.50   0.50   0.86   0.62   0.40   0.50   
0.01   0.07   0.03   0.01   0.86   0.86   0.04   0.12   0.06   0.86   0.05   0.92   0.86   0.01   0.05   0.86   0.05   0.20   0.86   0.84   0.86   0.70   0.98   0.01   0.01   0.01   0.05   0.83   0.86   0.03   0.98   0.98   0.06   0.01   0.99   0.97   0.95   0.04   0.05   0.06   0.04   0.06   0.98   0.05   0.98   0.96   0.03   0.86   0.99   0.01   0.91   0.04   0.86   0.96   0.04   0.23   0.83   0.98   0.98   0.98   0.99   0.89   0.95   0.84   0.90   0.01   0.98   0.95   0.08   0.88   0.86   0.90   0.99   0.99   0.15   0.99   0.11   0.95   

0.50   0.50   0.50   0.50   0.50   0.50   0.50   0.50   0.50   0.50   0.50   0.50   0.50   0.50   0.50   0.50   0.50   0.50   0.50   0.50   0.50   0.50   0.04   0.50   0.50   0.50   0.50   0.05   0.50   0.50   0.50   0.04   0.50   0.50   0.05   0.05   0.04   0.50   0.50   0.50   0.50   0.50   0.04   0.50   0.05   0.06   0.50   0.50   0.04   0.50   0.50   0.05   0.50   0.50   0.50   0.06   0.05   0.05   0.50   0.05   0.04   0.04   0.04   0.06   0.05   0.50   0.04   0.05   0.50   0.05   0.50   0.50   0.50   0.05   0.50   0.05   0.50   0.04   
0.01   0.02   0.02   0.02   0.02   0.01   0.00   0.06   0.02   0.07   0.04   0.11   0.02   0.02   0.02   0.01   0.01   0.03   0.03   0.11   0.05   0.06   0.02   0.02   0.00   0.00   0.07   0.01   0.01   0.01   0.98   0.07   0.01   0.04   0.07   0.03   0.02   0.03   0.01   0.02   0.03   0.02   0.01   0.00   0.03   0.04   0.05   0.02   0.02   0.01   0.09   0.01   0.02   0.08   0.01   0.02   0.04   0.01   0.98   0.02   0.01   0.01   0.01   0.01   0.01   0.04   0.03   0.01   0.01   0.01   0.01   0.04   0.08   0.06   0.00   0.05   0.02   0.01   
0.07   0.06   0.16   0.01   0.03   0.10   0.03   0.32   0.04   0.31   0.19   0.61   0.02   0.03   0.01   0.02   0.02   0.10   0.03   0.61   0.10   0.32   0.92   0.12   0.00   0.00   0.33   0.74   0.07   0.02   0.99   0.99   0.02   0.21   0.98   0.97   0.94   0.14   0.02   0.04   0.17   0.01   0.89   0.01   0.97   0.96   0.22   0.03   0.90   0.21   0.62   0.79   0.03   0.55   0.06   0.90   0.88   0.92   0.99   0.90   0.87   0.81   0.74   0.89   0.76   0.13   0.97   0.83   0.06   0.90   0.41   0.59   0.49   0.96   0.06   0.98   0.29   0.85   
0.50   0.50   0.17   0.29   0.50   0.50   0.50   0.12   0.50   0.50   0.50   0.68   0.50   0.50   0.50   0.50   0.50   0.62   0.50   0.50   0.50   0.50   0.50   0.50   0.50   0.50   0.50   0.60   0.50   0.50   0.50   0.50   0.50   0.50   0.50   0.50   0.50   0.50   0.50   0.50   0.50   0.50   0.50   0.50   0.50   0.45   0.09   0.50   0.50   0.50   0.66   0.00   0.50   0.82   0.50   0.04   0.12   0.50   0.50   0.50   0.50   0.40   0.50   0.25   0.61   0.50   0.50   0.50   0.70   0.21   0.50   0.83   0.50   0.50   0.87   0.61   0.37   0.50   
0.01   0.07   0.03   0.01   0.86   0.86   0.04   0.10   0.06   0.86   0.05   0.92   0.86   0.01   0.05   0.86   0.05   0.19   0.86   0.84   0.86   0.70   0.98   0.01   0.01   0.01   0.05   0.82   0.86   0.03   0.98   0.98   0.06   0.01   0.99   0.97   0.95   0.04   0.05   0.06   0.04   0.06   0.98   0.05   0.98   0.96   0.02   0.86   0.99   0.01   0.90   0.02   0.86   0.96   0.03   0.18   0.80   0.98   0.98   0.98   0.99   0.88   0.95   0.81   0.90   0.01   0.98   0.95   0.08   0.86   0.86   0.90   0.99   0.99   0.16   0.99   0.10   0.95   

0.00   0.00   0.00   0.00   0.00   0.00   0.00   0.00   0.00   0.00   0.00   0.00   0.00   0.00   0.00   0.00   0.00   0.00   0.00   0.00   0.00   0.00   0.00   0.00   0.00   0.00   0.00   1.00   0.00   0.00   0.00   1.00   0.00   0.00   1.00   1.00   1.00   0.00   0.00   0.00   0.00   0.00   1.00   0.00   1.00   1.00   1.00   0.00   1.00   0.00   1.00   0.00   0.00   1.00   1.00   1.00   1.00   1.00   1.00   1.00   1.00   1.00   1.00   1.00   1.00   0.00   1.00   1.00   1.00   1.00   1.00   1.00   1.00   1.00   1.00   1.00   1.00   1.00   