5.00   5.00   5.00   5.00   5.00   5.00   5.00   5.00   5.00   5.00   5.00   5.00   5.00   5.00   5.00   5.00   5.00   5.00   5.00   5.00   5.00   5.00   5.00   5.00   5.00   5.00   5.00   5.00   5.00   5.00   5.00   5.00   5.00   5.00   5.00   5.00   5.00   5.00   5.00   5.00   5.00   5.00   5.00   5.00   5.00   5.00   5.00   5.00   5.00   5.00   5.00   5.00   5.00   5.00   5.00   5.00   5.00   5.00   5.00   5.00   5.00   5.00   5.00   5.00   5.00   5.00   5.00   5.00   5.00   5.00   5.00   5.00   5.00   5.00   5.00   5.00   5.00   5.00   
0.10   0.10   0.01   0.10   0.10   0.10   0.10   0.10   0.10   0.10   0.10   0.96   0.10   0.10   0.10   0.10   0.10   0.10   0.10   0.10   0.10   0.01   0.10   0.10   0.10   0.10   0.10   0.10   0.10   0.07   0.01   0.01   0.10   0.01   0.10   0.10   0.10   0.96   0.01   0.10   0.10   0.96   0.96   0.96   0.01   0.10   0.10   0.10   0.96   0.10   0.96   0.96   0.10   0.96   0.10   0.10   0.10   0.01   0.96   0.96   0.96   0.10   0.10   0.10   0.10   0.96   0.10   0.10   0.96   0.10   0.10   0.96   0.10   0.96   0.10   0.10   0.01   0.96   
0.10   0.10   0.01   0.10   0.10   0.10   0.10   0.10   0.10   0.10   0.10   0.96   0.10   0.10   0.10   0.10   0.10   0.10   0.10   0.10   0.10   0.01   0.10   0.10   0.10   0.10   0.10   0.10   0.10   0.07   0.01   0.01   0.10   0.01   0.10   0.10   0.10   0.96   0.01   0.10   0.10   0.96   0.96   0.96   0.01   0.10   0.10   0.10   0.96   0.10   0.96   0.96   0.10   0.96   0.10   0.10   0.10   0.01   0.96   0.96   0.96   0.10   0.10   0.10   0.10   0.96   0.10   0.10   0.96   0.10   0.10   0.96   0.10   0.96   0.10   0.10   0.01   0.96   
0.27   0.01   0.06   0.36   0.29   0.62   0.17   0.03   0.59   0.24   0.35   0.28   0.08   0.30   0.17   0.39   0.20   0.70   0.18   0.61   0.44   0.17   0.64   0.50   0.13   0.06   0.32   0.52   0.11   0.88   0.03   0.03   0.04   0.34   0.03   0.67   0.39   0.95   0.20   0.54   0.04   0.93   0.58   0.93   0.02   0.64   0.39   0.03   0.81   0.17   0.74   0.83   0.29   0.95   0.84   0.02   0.11   0.45   0.57   0.44   0.77   0.53   0.70   0.41   0.43   0.53   0.73   0.14   0.43   0.95   0.69   0.54   0.89   0.89   0.80   0.76   0.74   0.91   
0.78   0.00   0.00   0.85   0.80   0.94   0.67   0.01   0.93   0.76   0.84   0.98   0.01   0.81   0.67   0.86   0.71   0.96   0.69   0.94   0.89   0.00   0.95   0.91   0.02   0.01   0.82   0.91   0.02   1.00   0.00   0.00   0.01   0.01   0.01   0.95   0.86   1.00   0.00   0.92   0.01   1.00   0.99   1.00   0.00   0.95   0.86   0.00   1.00   0.67   1.00   1.00   0.80   1.00   0.98   0.00   0.02   0.01   0.99   0.99   1.00   0.92   0.96   0.87   0.88   0.99   0.96   0.02   0.99   0.99   0.96   0.99   0.99   1.00   0.98   0.97   0.61   1.00   

5.00   5.00   5.00   5.00   5.00   5.00   5.00   5.00   5.00   5.00   5.00   5.00   5.00   5.00   5.00   5.00   5.00   5.00   5.00   5.00   5.00   5.00   5.00   5.00   5.00   5.00   5.00   5.00   5.00   5.00   5.00   5.00   5.00   5.00   5.00   5.00   5.00   5.00   5.00   5.00   5.00   5.00   5.00   5.00   5.00   5.00   5.00   5.00   5.00   5.00   5.00   5.00   5.00   5.00   5.00   5.00   5.00   5.00   5.00   5.00   5.00   5.00   5.00   5.00   5.00   5.00   5.00   5.00   5.00   5.00   5.00   5.00   5.00   5.00   5.00   5.00   5.00   5.00   
0.11   0.11   0.01   0.11   0.11   0.69   0.11   0.11   0.11   0.11   0.11   0.98   0.11   0.11   0.11   0.69   0.11   0.69   0.69   0.11   0.11   0.01   0.69   0.11   0.11   0.11   0.11   0.11   0.11   0.60   0.01   0.01   0.11   0.01   0.11   0.69   0.11   0.98   0.01   0.11   0.11   0.98   0.98   0.98   0.01   0.11   0.11   0.11   0.98   0.11   0.98   0.98   0.11   0.98   0.11   0.11   0.11   0.01   0.98   0.98   0.98   0.69   0.69   0.69   0.69   0.98   0.69   0.11   0.98   0.69   0.69   0.98   0.69   0.98   0.69   0.69   0.01   0.98   
0.11   0.11   0.01   0.11   0.11   0.69   0.11   0.11   0.11   0.11   0.11   0.98   0.11   0.11   0.11   0.69   0.11   0.69   0.69   0.11   0.11   0.01   0.69   0.11   0.11   0.11   0.11   0.11   0.11   0.60   0.01   0.01   0.11   0.01   0.11   0.69   0.11   0.98   0.01   0.11   0.11   0.98   0.98   0.98   0.01   0.11   0.11   0.11   0.98   0.11   0.98   0.98   0.11   0.98   0.11   0.11   0.11   0.01   0.98   0.98   0.98   0.69   0.69   0.69   0.69   0.98   0.69   0.11   0.98   0.69   0.69   0.98   0.69   0.98   0.69   0.69   0.01   0.98   
0.18   0.50   0.50   0.33   0.23   0.67   0.09   0.50   0.64   0.16   0.25   0.36   0.01   0.13   0.06   0.44   0.10   0.84   0.07   0.58   0.39   0.50   0.81   0.63   0.04   0.01   0.22   0.63   0.05   0.50   0.50   0.50   0.50   0.50   0.50   0.79   0.28   0.50   0.50   0.66   0.00   0.50   0.84   0.50   0.50   0.53   0.29   0.50   0.50   0.07   0.50   0.50   0.26   0.50   0.93   0.50   0.01   0.45   0.54   0.46   0.50   0.68   0.88   0.70   0.77   0.63   0.90   0.05   0.69   0.50   0.86   0.79   0.98   0.50   0.90   0.92   0.90   0.50   
0.02   0.90   0.01   0.05   0.03   0.96   0.01   0.90   0.76   0.02   0.04   0.98   0.00   0.02   0.01   0.91   0.01   0.98   0.22   0.71   0.53   0.01   0.98   0.75   0.00   0.00   0.03   0.75   0.01   0.96   0.01   0.01   0.90   0.01   0.90   0.98   0.04   0.99   0.01   0.78   0.00   0.99   1.00   0.99   0.01   0.67   0.04   0.90   0.99   0.01   0.99   0.99   0.04   0.99   0.96   0.90   0.00   0.01   0.99   0.99   0.99   0.96   0.99   0.97   0.98   0.99   0.99   0.01   1.00   0.90   0.99   1.00   1.00   0.99   0.99   0.99   0.79   0.99   

5.00   5.00   5.00   5.00   5.00   5.00   5.00   5.00   5.00   5.00   5.00   5.00   5.00   5.00   5.00   5.00   5.00   5.00   5.00   5.00   5.00   5.00   5.00   5.00   5.00   5.00   5.00   5.00   5.00   5.00   5.00   5.00   5.00   5.00   5.00   5.00   5.00   5.00   5.00   5.00   5.00   5.00   5.00   5.00   5.00   5.00   5.00   5.00   5.00   5.00   5.00   5.00   5.00   5.00   5.00   5.00   5.00   5.00   5.00   5.00   5.00   5.00   5.00   5.00   5.00   5.00   5.00   5.00   5.00   5.00   5.00   5.00   5.00   5.00   5.00   5.00   5.00   5.00   
0.10   0.10   0.01   0.10   0.10   0.58   0.10   0.10   0.10   0.10   0.10   0.95   0.10   0.10   0.10   0.58   0.10   0.58   0.58   0.10   0.10   0.01   0.58   0.10   0.10   0.10   0.10   0.27   0.10   0.48   0.01   0.01   0.10   0.01   0.10   0.58   0.10   0.95   0.01   0.10   0.10   0.99   0.95   0.99   0.01   0.10   0.10   0.10   0.95   0.10   0.95   0.95   0.10   0.99   0.27   0.10   0.10   0.01   0.99   0.95   0.95   0.58   0.58   0.58   0.58   0.95   0.58   0.10   0.95   0.58   0.58   0.99   0.58   0.95   0.58   0.58   0.01   0.95   
0.10   0.10   0.01   0.10   0.10   0.58   0.10   0.10   0.10   0.10   0.10   0.95   0.10   0.10   0.10   0.58   0.10   0.58   0.58   0.10   0.10   0.01   0.58   0.10   0.10   0.10   0.10   0.27   0.10   0.48   0.01   0.01   0.10   0.01   0.10   0.58   0.10   0.95   0.01   0.10   0.10   0.99   0.95   0.99   0.01   0.10   0.10   0.10   0.95   0.10   0.95   0.95   0.10   0.99   0.27   0.10   0.10   0.01   0.99   0.95   0.95   0.58   0.58   0.58   0.58   0.95   0.58   0.10   0.95   0.58   0.58   0.99   0.58   0.95   0.58   0.58   0.01   0.95   
0.16   0.50   0.50   0.36   0.25   0.81   0.12   0.50   0.72   0.05   0.28   0.52   0.50   0.18   0.06   0.59   0.08   0.85   0.11   0.62   0.30   0.50   0.82   0.67   0.50   0.50   0.34   0.49   0.50   0.50   0.50   0.50   0.50   0.50   0.50   0.77   0.26   0.50   0.50   0.69   0.50   0.50   0.50   0.50   0.50   0.27   0.37   0.50   0.50   0.10   0.50   0.50   0.33   0.50   0.93   0.50   0.50   0.27   0.60   0.50   0.50   0.70   0.91   0.66   0.83   0.50   0.96   0.50   0.50   0.50   0.91   0.50   0.50   0.50   0.93   0.94   0.91   0.50   
0.02   0.90   0.01   0.07   0.04   0.98   0.02   0.90   0.87   0.01   0.05   0.99   0.73   0.03   0.01   0.96   0.01   0.99   0.40   0.81   0.05   0.01   0.99   0.84   0.73   0.73   0.06   0.83   0.73   0.96   0.01   0.01   0.90   0.01   0.90   0.98   0.04   0.99   0.01   0.85   0.73   0.99   0.99   0.99   0.01   0.04   0.07   0.90   0.99   0.01   0.99   0.99   0.06   0.99   0.99   0.90   0.73   0.00   1.00   0.99   0.99   0.97   0.99   0.97   0.99   0.99   1.00   0.73   0.99   0.90   0.99   0.99   0.94   0.99   1.00   1.00   0.82   0.99   

5.00   5.00   5.00   5.00   5.00   5.00   5.00   5.00   5.00   5.00   5.00   5.00   5.00   5.00   5.00   5.00   5.00   5.00   5.00   5.00   5.00   5.00   5.00   5.00   5.00   5.00   5.00   5.00   5.00   5.00   5.00   5.00   5.00   5.00   5.00   5.00   5.00   5.00   5.00   5.00   5.00   5.00   5.00   5.00   5.00   5.00   5.00   5.00   5.00   5.00   5.00   5.00   5.00   5.00   5.00   5.00   5.00   5.00   5.00   5.00   5.00   5.00   5.00   5.00   5.00   5.00   5.00   5.00   5.00   5.00   5.00   5.00   5.00   5.00   5.00   5.00   5.00   5.00   
0.09   0.09   0.01   0.09   0.09   0.52   0.09   0.09   0.09   0.09   0.09   0.85   0.09   0.09   0.09   0.52   0.09   0.52   0.52   0.09   0.09   0.01   0.52   0.09   0.09   0.09   0.09   0.24   0.09   0.37   0.01   0.01   0.09   0.01   0.09   0.83   0.09   0.85   0.01   0.09   0.09   0.99   0.97   0.99   0.01   0.09   0.09   0.09   0.85   0.09   0.97   0.85   0.09   0.99   0.24   0.41   0.09   0.01   0.99   0.85   0.97   0.52   0.52   0.83   0.52   0.97   0.83   0.09   0.97   0.52   0.52   0.92   0.52   0.97   0.83   0.83   0.01   0.97   
0.09   0.09   0.01   0.09   0.09   0.52   0.09   0.09   0.09   0.09   0.09   0.85   0.09   0.09   0.09   0.52   0.09   0.52   0.52   0.09   0.09   0.01   0.52   0.09   0.09   0.09   0.09   0.24   0.09   0.37   0.01   0.01   0.09   0.01   0.09   0.83   0.09   0.85   0.01   0.09   0.09   0.99   0.97   0.99   0.01   0.09   0.09   0.09   0.85   0.09   0.97   0.85   0.09   0.99   0.24   0.41   0.09   0.01   0.99   0.85   0.97   0.52   0.52   0.83   0.52   0.97   0.83   0.09   0.97   0.52   0.52   0.92   0.52   0.97   0.83   0.83   0.01   0.97   
0.23   0.50   0.50   0.46   0.26   0.95   0.15   0.50   0.91   0.50   0.25   0.59   0.50   0.15   0.04   0.66   0.09   0.89   0.09   0.83   0.19   0.50   0.89   0.65   0.50   0.50   0.23   0.36   0.50   0.50   0.50   0.50   0.50   0.50   0.50   0.89   0.24   0.50   0.50   0.88   0.50   0.50   0.50   0.50   0.50   0.26   0.49   0.50   0.50   0.11   0.50   0.50   0.46   0.50   0.95   0.50   0.50   0.50   0.50   0.67   0.50   0.75   0.50   0.66   0.75   0.50   0.50   0.50   0.50   0.50   0.50   0.50   0.50   0.50   0.50   0.50   0.96   0.50   
0.03   0.90   0.01   0.09   0.04   1.00   0.02   0.90   0.96   0.11   0.04   0.99   0.71   0.02   0.01   0.96   0.01   0.99   0.32   0.92   0.03   0.01   0.99   0.81   0.71   0.71   0.04   0.23   0.71   0.96   0.01   0.01   0.90   0.01   0.90   1.00   0.04   0.99   0.01   0.94   0.71   0.99   0.99   0.99   0.01   0.04   0.10   0.90   0.99   0.02   0.99   0.99   0.09   0.99   0.99   0.90   0.71   0.01   0.99   0.99   0.99   0.98   0.94   0.98   0.98   0.99   0.94   0.71   0.99   0.90   0.94   0.99   0.94   0.99   0.94   0.94   0.91   0.99   

5.00   5.00   5.00   5.00   5.00   5.00   5.00   5.00   5.00   5.00   5.00   5.00   5.00   5.00   5.00   5.00   5.00   5.00   5.00   5.00   5.00   5.00   5.00   5.00   5.00   5.00   5.00   5.00   5.00   5.00   5.00   5.00   5.00   5.00   5.00   5.00   5.00   5.00   5.00   5.00   5.00   5.00   5.00   5.00   5.00   5.00   5.00   5.00   5.00   5.00   5.00   5.00   5.00   5.00   5.00   5.00   5.00   5.00   5.00   5.00   5.00   5.00   5.00   5.00   5.00   5.00   5.00   5.00   5.00   5.00   5.00   5.00   5.00   5.00   5.00   5.00   5.00   5.00   
0.12   0.09   0.01   0.12   0.09   0.58   0.09   0.09   0.12   0.09   0.12   0.87   0.12   0.12   0.09   0.58   0.12   0.53   0.53   0.12   0.09   0.01   0.53   0.09   0.09   0.09   0.12   0.25   0.09   0.42   0.01   0.01   0.12   0.01   0.12   0.86   0.12   0.87   0.01   0.12   0.09   0.99   0.98   0.99   0.01   0.09   0.12   0.12   0.84   0.12   0.98   0.84   0.09   0.99   0.25   0.47   0.12   0.01   0.99   0.87   0.97   0.53   0.58   0.83   0.58   0.98   0.86   0.12   0.97   0.53   0.53   0.91   0.58   0.97   0.86   0.86   0.01   0.97   
0.12   0.09   0.01   0.12   0.09   0.58   0.09   0.09   0.12   0.09   0.12   0.87   0.12   0.12   0.09   0.58   0.12   0.53   0.53   0.12   0.09   0.01   0.53   0.09   0.09   0.09   0.12   0.25   0.09   0.42   0.01   0.01   0.12   0.01   0.12   0.86   0.12   0.87   0.01   0.12   0.09   0.99   0.98   0.99   0.01   0.09   0.12   0.12   0.84   0.12   0.98   0.84   0.09   0.99   0.25   0.47   0.12   0.01   0.99   0.87   0.97   0.53   0.58   0.83   0.58   0.98   0.86   0.12   0.97   0.53   0.53   0.91   0.58   0.97   0.86   0.86   0.01   0.97   
0.29   0.50   0.50   0.52   0.25   0.50   0.18   0.50   0.88   0.50   0.25   0.62   0.50   0.17   0.50   0.68   0.11   0.88   0.07   0.84   0.19   0.50   0.84   0.57   0.50   0.50   0.30   0.38   0.50   0.50   0.50   0.50   0.50   0.50   0.50   0.50   0.19   0.50   0.50   0.90   0.50   0.50   0.50   0.50   0.50   0.19   0.41   0.50   0.50   0.17   0.50   0.50   0.44   0.50   0.94   0.50   0.50   0.50   0.50   0.65   0.50   0.72   0.50   0.60   0.70   0.50   0.50   0.50   0.50   0.50   0.50   0.50   0.50   0.50   0.50   0.50   0.95   0.50   
0.06   0.90   0.01   0.72   0.03   0.93   0.02   0.90   0.95   0.11   0.05   0.99   0.71   0.03   0.11   0.97   0.02   0.99   0.26   0.92   0.02   0.01   0.98   0.12   0.71   0.71   0.06   0.19   0.71   0.96   0.01   0.01   0.90   0.01   0.90   0.96   0.04   0.99   0.01   0.95   0.71   0.99   0.99   0.99   0.01   0.02   0.10   0.90   0.99   0.03   0.99   0.99   0.07   0.99   0.98   0.90   0.71   0.01   0.99   0.99   0.99   0.97   0.94   0.97   0.97   0.99   0.94   0.71   0.99   0.90   0.94   0.99   0.94   0.99   0.94   0.94   0.88   0.99   

0.18   0.13   0.50   0.14   0.19   0.23   0.15   0.08   0.12   0.07   0.34   0.52   0.19   0.34   0.29   0.44   0.15   0.30   0.15   0.20   0.11   0.50   0.42   0.25   0.08   0.06   0.35   0.31   0.14   0.56   0.50   0.50   0.28   0.50   0.26   0.19   0.35   0.34   0.21   0.23   0.16   0.50   0.57   0.50   0.50   0.11   0.21   0.09   0.84   0.25   0.40   0.86   0.09   0.50   0.39   0.19   0.11   0.50   0.13   0.44   0.48   0.50   0.26   0.55   0.61   0.56   0.27   0.21   0.37   0.31   0.22   0.46   0.66   0.55   0.17   0.34   0.50   0.60   
0.01   0.01   0.00   0.01   0.01   0.11   0.01   0.00   0.01   0.00   0.03   0.95   0.01   0.03   0.02   0.51   0.01   0.14   0.07   0.01   0.01   0.00   0.22   0.02   0.00   0.00   0.03   0.04   0.01   0.22   0.00   0.00   0.02   0.00   0.02   0.20   0.03   0.91   0.00   0.02   0.01   0.99   0.99   0.99   0.00   0.01   0.02   0.01   0.99   0.02   0.88   0.99   0.00   0.99   0.06   0.05   0.01   0.00   0.68   0.94   0.98   0.82   0.64   0.79   0.68   0.93   0.57   0.02   0.97   0.39   0.10   0.84   0.91   0.99   0.72   0.87   0.00   0.99   
0.11   0.08   0.01   0.11   0.08   0.53   0.08   0.08   0.11   0.08   0.11   0.94   0.11   0.11   0.08   0.53   0.11   0.49   0.49   0.11   0.08   0.01   0.49   0.08   0.08   0.08   0.11   0.20   0.08   0.39   0.01   0.01   0.11   0.01   0.11   0.76   0.11   0.94   0.01   0.11   0.08   0.99   0.98   0.99   0.01   0.08   0.11   0.11   0.93   0.11   0.91   0.93   0.08   0.99   0.20   0.37   0.11   0.01   0.93   0.94   0.98   0.80   0.82   0.74   0.53   0.91   0.76   0.11   0.98   0.80   0.49   0.85   0.82   0.98   0.92   0.92   0.01   0.98   
0.30   0.50   0.50   0.52   0.27   0.50   0.19   0.50   0.87   0.50   0.27   0.61   0.50   0.19   0.50   0.67   0.13   0.87   0.09   0.82   0.21   0.50   0.82   0.57   0.50   0.50   0.31   0.39   0.50   0.50   0.50   0.50   0.50   0.50   0.50   0.50   0.21   0.50   0.50   0.88   0.50   0.50   0.50   0.50   0.50   0.21   0.42   0.50   0.50   0.19   0.50   0.50   0.44   0.50   0.92   0.50   0.50   0.50   0.50   0.64   0.50   0.70   0.50   0.60   0.69   0.50   0.50   0.50   0.50   0.50   0.50   0.50   0.50   0.50   0.50   0.50   0.94   0.50   
0.05   0.90   0.01   0.12   0.04   0.93   0.02   0.90   0.93   0.11   0.05   0.99   0.68   0.03   0.10   0.95   0.02   0.98   0.26   0.90   0.03   0.01   0.98   0.12   0.68   0.68   0.06   0.19   0.68   0.96   0.01   0.01   0.90   0.01   0.90   0.96   0.03   0.99   0.01   0.94   0.68   0.99   0.99   0.99   0.01   0.03   0.09   0.90   0.99   0.03   0.99   0.99   0.08   0.99   0.97   0.90   0.68   0.01   0.99   1.00   0.99   0.98   0.93   0.96   0.96   0.99   0.93   0.68   0.99   0.90   0.93   0.99   0.93   0.99   0.93   0.93   0.86   0.99   

0.12   0.09   0.50   0.08   0.10   0.22   0.10   0.50   0.06   0.50   0.29   0.66   0.09   0.34   0.21   0.49   0.11   0.26   0.08   0.13   0.50   0.50   0.49   0.20   0.50   0.50   0.37   0.24   0.09   0.55   0.50   0.50   0.27   0.50   0.25   0.15   0.22   0.32   0.50   0.21   0.09   0.58   0.68   0.50   0.50   0.50   0.13   0.50   0.95   0.15   0.49   0.92   0.50   0.50   0.31   0.13   0.05   0.50   0.08   0.40   0.59   0.62   0.26   0.67   0.73   0.65   0.24   0.15   0.47   0.30   0.19   0.51   0.81   0.61   0.14   0.32   0.50   0.67   
0.01   0.00   0.00   0.01   0.01   0.11   0.00   0.05   0.00   0.05   0.03   0.98   0.01   0.03   0.01   0.68   0.01   0.13   0.03   0.01   0.05   0.00   0.28   0.01   0.05   0.05   0.04   0.03   0.00   0.60   0.00   0.00   0.02   0.00   0.06   0.15   0.02   0.86   0.01   0.02   0.00   0.98   1.00   0.99   0.00   0.05   0.01   0.06   1.00   0.01   0.92   0.99   0.05   0.99   0.05   0.06   0.00   0.00   0.32   0.94   0.97   0.86   0.71   0.82   0.77   0.93   0.24   0.01   0.98   0.73   0.09   0.83   0.95   0.99   0.69   0.79   0.00   0.98   
0.11   0.08   0.01   0.11   0.08   0.53   0.08   0.08   0.11   0.08   0.11   0.95   0.11   0.11   0.08   0.70   0.11   0.48   0.48   0.11   0.08   0.01   0.48   0.08   0.08   0.08   0.11   0.20   0.08   0.60   0.01   0.01   0.11   0.01   0.33   0.74   0.11   0.91   0.01   0.11   0.08   0.97   0.99   0.99   0.01   0.08   0.11   0.11   0.90   0.11   0.93   0.90   0.08   0.99   0.20   0.56   0.11   0.01   0.95   0.95   0.96   0.76   0.87   0.71   0.53   0.89   0.74   0.11   0.98   0.85   0.48   0.82   0.78   0.98   0.93   0.89   0.01   0.96   
0.36   0.50   0.50   0.60   0.30   0.50   0.21   0.50   0.88   0.50   0.32   0.50   0.50   0.24   0.50   0.81   0.20   0.88   0.13   0.85   0.19   0.50   0.92   0.65   0.50   0.50   0.27   0.50   0.50   0.50   0.50   0.50   0.50   0.50   0.50   0.50   0.30   0.50   0.50   0.92   0.50   0.50   0.50   0.50   0.50   0.19   0.46   0.50   0.50   0.20   0.50   0.50   0.45   0.50   0.93   0.50   0.50   0.50   0.50   0.50   0.50   0.87   0.50   0.64   0.65   0.50   0.50   0.50   0.50   0.50   0.50   0.50   0.50   0.50   0.50   0.50   0.96   0.50   
0.07   0.90   0.01   0.17   0.04   0.93   0.03   0.90   0.93   0.11   0.06   0.99   0.68   0.04   0.10   0.99   0.03   0.98   0.34   0.91   0.02   0.01   0.99   0.15   0.68   0.68   0.05   0.25   0.68   0.96   0.01   0.01   0.90   0.01   0.90   0.96   0.06   0.99   0.01   0.96   0.68   0.99   0.99   0.99   0.01   0.02   0.10   0.90   0.99   0.03   0.99   0.99   0.07   0.99   0.97   0.90   0.68   0.01   0.99   0.99   0.99   0.99   0.93   0.96   0.95   0.99   0.93   0.68   0.99   0.90   0.93   0.99   0.93   0.99   0.93   0.93   0.89   0.99   

0.06   0.50   0.50   0.50   0.50   0.17   0.50   0.50   0.50   0.50   0.14   0.36   0.50   0.15   0.08   0.35   0.06   0.13   0.04   0.06   0.50   0.50   0.27   0.11   0.50   0.50   0.28   0.15   0.50   0.34   0.50   0.50   0.13   0.50   0.32   0.08   0.13   0.17   0.50   0.10   0.50   0.42   0.50   0.50   0.50   0.50   0.08   0.50   0.50   0.07   0.28   0.84   0.50   0.50   0.16   0.13   0.50   0.50   0.10   0.19   0.43   0.29   0.15   0.52   0.43   0.41   0.12   0.15   0.26   0.18   0.13   0.29   0.54   0.46   0.09   0.20   0.50   0.36   
0.00   0.03   0.00   0.04   0.03   0.04   0.03   0.03   0.04   0.03   0.01   0.79   0.04   0.01   0.00   0.14   0.00   0.03   0.01   0.00   0.03   0.00   0.06   0.00   0.03   0.03   0.01   0.01   0.03   0.10   0.00   0.00   0.01   0.00   0.04   0.03   0.01   0.22   0.00   0.00   0.03   0.92   0.98   0.99   0.00   0.03   0.00   0.04   0.75   0.00   0.60   0.94   0.03   0.99   0.01   0.02   0.04   0.00   0.19   0.62   0.86   0.16   0.12   0.28   0.13   0.61   0.05   0.01   0.91   0.13   0.03   0.22   0.56   0.95   0.13   0.18   0.00   0.83   
0.11   0.07   0.01   0.11   0.07   0.50   0.07   0.07   0.11   0.07   0.11   0.95   0.11   0.11   0.08   0.69   0.11   0.46   0.46   0.11   0.07   0.01   0.46   0.07   0.07   0.07   0.11   0.19   0.07   0.57   0.01   0.01   0.11   0.01   0.32   0.72   0.11   0.90   0.01   0.11   0.08   0.97   0.99   0.99   0.01   0.07   0.11   0.11   0.89   0.11   0.93   0.89   0.08   0.99   0.20   0.53   0.11   0.01   0.94   0.95   0.95   0.74   0.86   0.69   0.51   0.88   0.72   0.11   0.98   0.84   0.46   0.81   0.77   0.98   0.93   0.88   0.01   0.95   
0.33   0.50   0.50   0.57   0.27   0.50   0.19   0.50   0.87   0.50   0.29   0.50   0.50   0.21   0.50   0.79   0.18   0.87   0.11   0.83   0.17   0.50   0.91   0.62   0.50   0.50   0.24   0.47   0.50   0.50   0.50   0.50   0.50   0.50   0.50   0.50   0.27   0.50   0.50   0.92   0.50   0.50   0.50   0.50   0.50   0.17   0.43   0.50   0.50   0.17   0.50   0.50   0.42   0.50   0.92   0.50   0.50   0.50   0.50   0.50   0.50   0.86   0.50   0.61   0.62   0.50   0.50   0.50   0.50   0.50   0.50   0.50   0.50   0.50   0.50   0.50   0.96   0.50   
0.06   0.90   0.01   0.15   0.03   0.92   0.02   0.90   0.91   0.11   0.05   0.99   0.67   0.13   0.11   0.99   0.10   0.98   0.26   0.88   0.02   0.01   0.99   0.11   0.67   0.67   0.04   0.16   0.67   0.96   0.01   0.01   0.90   0.01   0.90   0.96   0.05   0.99   0.01   0.95   0.67   0.99   0.99   0.99   0.01   0.02   0.09   0.90   0.99   0.10   0.99   0.99   0.21   0.99   0.97   0.90   0.67   0.01   0.99   0.99   0.99   0.99   0.93   0.95   0.95   0.99   0.93   0.67   0.99   0.90   0.93   0.99   0.93   0.99   0.93   0.93   0.83   0.99   

0.50   0.50   0.50   0.50   0.50   0.12   0.50   0.50   0.50   0.50   0.50   0.29   0.50   0.50   0.50   0.29   0.50   0.06   0.02   0.50   0.50   0.50   0.23   0.50   0.50   0.50   0.20   0.09   0.50   0.22   0.50   0.50   0.50   0.50   0.25   0.03   0.50   0.11   0.50   0.50   0.50   0.31   0.50   0.50   0.50   0.50   0.50   0.50   0.50   0.50   0.20   0.82   0.50   0.50   0.12   0.10   0.50   0.50   0.08   0.08   0.35   0.25   0.10   0.42   0.31   0.36   0.08   0.50   0.24   0.07   0.07   0.20   0.44   0.36   0.05   0.12   0.50   0.34   
0.03   0.03   0.00   0.03   0.03   0.02   0.03   0.03   0.03   0.03   0.03   0.60   0.03   0.03   0.02   0.08   0.03   0.01   0.00   0.03   0.03   0.00   0.04   0.03   0.03   0.03   0.01   0.01   0.03   0.05   0.00   0.00   0.03   0.00   0.03   0.01   0.03   0.10   0.00   0.03   0.03   0.88   0.97   0.99   0.00   0.03   0.03   0.03   0.65   0.03   0.23   0.89   0.03   0.99   0.01   0.02   0.03   0.00   0.09   0.11   0.73   0.11   0.06   0.16   0.06   0.26   0.03   0.03   0.82   0.04   0.01   0.10   0.27   0.86   0.05   0.08   0.00   0.80   
0.07   0.11   0.01   0.14   0.11   0.54   0.11   0.11   0.07   0.05   0.14   0.95   0.07   0.14   0.11   0.71   0.07   0.51   0.42   0.07   0.11   0.01   0.51   0.11   0.11   0.11   0.14   0.25   0.11   0.62   0.01   0.01   0.07   0.01   0.28   0.67   0.07   0.91   0.01   0.07   0.05   0.96   0.99   0.99   0.01   0.11   0.07   0.07   0.90   0.07   0.91   0.90   0.11   0.99   0.25   0.56   0.07   0.01   0.95   0.95   0.96   0.77   0.87   0.72   0.54   0.89   0.74   0.07   0.98   0.85   0.51   0.83   0.73   0.99   0.93   0.88   0.01   0.94   
0.32   0.50   0.50   0.57   0.26   0.50   0.18   0.50   0.88   0.50   0.29   0.50   0.50   0.21   0.50   0.80   0.17   0.87   0.11   0.84   0.16   0.50   0.91   0.62   0.50   0.50   0.24   0.47   0.50   0.50   0.50   0.50   0.50   0.50   0.50   0.50   0.27   0.50   0.50   0.92   0.50   0.50   0.50   0.50   0.50   0.16   0.43   0.50   0.50   0.17   0.50   0.50   0.42   0.50   0.92   0.50   0.50   0.50   0.50   0.50   0.50   0.87   0.50   0.61   0.62   0.50   0.50   0.50   0.50   0.50   0.50   0.50   0.50   0.50   0.50   0.50   0.96   0.50   
0.12   0.89   0.01   0.15   0.02   0.92   0.01   0.89   0.93   0.11   0.05   0.99   0.66   0.13   0.11   0.99   0.15   0.97   0.25   0.91   0.01   0.01   0.98   0.09   0.66   0.66   0.04   0.11   0.66   0.95   0.01   0.01   0.89   0.01   0.89   0.95   0.09   0.99   0.01   0.96   0.66   0.99   0.99   0.99   0.01   0.01   0.17   0.89   0.99   0.15   0.99   0.99   0.18   0.99   0.97   0.89   0.66   0.01   0.99   0.99   0.99   0.99   0.93   0.94   0.94   0.99   0.93   0.66   0.99   0.89   0.93   0.99   0.93   0.99   0.93   0.93   0.80   0.99   

0.50   0.50   0.50   0.50   0.50   0.11   0.50   0.50   0.50   0.50   0.50   0.27   0.50   0.50   0.50   0.25   0.50   0.04   0.50   0.50   0.50   0.50   0.20   0.50   0.50   0.50   0.20   0.50   0.50   0.14   0.50   0.50   0.50   0.50   0.26   0.03   0.50   0.08   0.50   0.50   0.50   0.23   0.50   0.50   0.50   0.50   0.50   0.50   0.50   0.50   0.20   0.75   0.50   0.50   0.50   0.09   0.50   0.50   0.08   0.06   0.30   0.22   0.10   0.40   0.25   0.32   0.06   0.50   0.24   0.07   0.06   0.15   0.37   0.34   0.05   0.10   0.50   0.22   
0.03   0.02   0.00   0.03   0.02   0.03   0.02   0.03   0.03   0.03   0.03   0.20   0.03   0.03   0.02   0.05   0.03   0.00   0.12   0.03   0.03   0.00   0.03   0.02   0.03   0.03   0.01   0.05   0.02   0.04   0.00   0.00   0.03   0.00   0.02   0.01   0.03   0.04   0.00   0.03   0.02   0.75   0.96   0.99   0.00   0.03   0.03   0.03   0.56   0.03   0.23   0.82   0.03   0.99   0.04   0.01   0.03   0.00   0.10   0.05   0.64   0.10   0.06   0.12   0.04   0.26   0.03   0.03   0.80   0.04   0.01   0.05   0.14   0.84   0.05   0.04   0.00   0.20   
0.06   0.10   0.01   0.13   0.10   0.68   0.10   0.10   0.06   0.04   0.13   0.89   0.06   0.13   0.11   0.63   0.06   0.44   0.36   0.06   0.10   0.01   0.44   0.10   0.10   0.10   0.13   0.22   0.10   0.72   0.01   0.01   0.06   0.01   0.25   0.60   0.06   0.84   0.01   0.06   0.05   0.96   0.99   0.99   0.01   0.10   0.06   0.06   0.91   0.06   0.92   0.91   0.39   0.99   0.23   0.51   0.06   0.01   0.96   0.89   0.96   0.81   0.89   0.64   0.48   0.91   0.81   0.06   0.99   0.88   0.44   0.76   0.63   0.99   0.94   0.81   0.01   0.87   
0.34   0.50   0.50   0.58   0.28   0.50   0.20   0.50   0.88   0.50   0.30   0.50   0.50   0.22   0.50   0.80   0.18   0.87   0.12   0.84   0.18   0.50   0.91   0.64   0.50   0.50   0.25   0.48   0.50   0.50   0.50   0.50   0.50   0.50   0.50   0.50   0.28   0.50   0.50   0.92   0.50   0.50   0.50   0.50   0.50   0.18   0.44   0.50   0.50   0.18   0.50   0.50   0.43   0.50   0.92   0.50   0.50   0.50   0.50   0.50   0.50   0.87   0.50   0.62   0.63   0.50   0.50   0.50   0.50   0.50   0.50   0.50   0.50   0.50   0.50   0.50   0.96   0.50   
0.05   0.90   0.01   0.12   0.03   0.92   0.02   0.90   0.90   0.10   0.04   0.99   0.67   0.12   0.10   0.99   0.09   0.98   0.26   0.88   0.01   0.01   0.99   0.11   0.67   0.67   0.03   0.16   0.67   0.96   0.01   0.01   0.90   0.01   0.90   0.96   0.04   0.99   0.01   0.94   0.67   0.99   0.99   0.99   0.01   0.01   0.07   0.90   0.99   0.09   0.99   0.99   0.46   0.99   0.97   0.90   0.67   0.01   0.99   0.99   0.99   0.99   0.93   0.94   0.94   0.99   0.93   0.67   0.99   0.90   0.93   0.99   0.93   0.99   0.93   0.93   0.95   0.99   

0.50   0.50   0.50   0.50   0.50   0.11   0.50   0.50   0.50   0.50   0.50   0.26   0.50   0.50   0.50   0.25   0.50   0.50   0.50   0.50   0.50   0.50   0.19   0.50   0.50   0.50   0.20   0.50   0.50   0.14   0.50   0.50   0.50   0.50   0.26   0.03   0.50   0.07   0.50   0.50   0.50   0.22   0.50   0.50   0.50   0.50   0.50   0.50   0.50   0.50   0.20   0.76   0.50   0.50   0.50   0.09   0.50   0.50   0.08   0.06   0.30   0.23   0.10   0.41   0.26   0.32   0.06   0.50   0.24   0.06   0.06   0.15   0.36   0.34   0.05   0.10   0.50   0.21   
0.03   0.02   0.00   0.03   0.02   0.03   0.02   0.03   0.03   0.03   0.03   0.28   0.03   0.03   0.02   0.09   0.03   0.10   0.12   0.03   0.03   0.00   0.03   0.02   0.03   0.03   0.01   0.05   0.02   0.06   0.00   0.00   0.03   0.00   0.03   0.01   0.03   0.05   0.00   0.03   0.02   0.57   0.96   0.99   0.00   0.03   0.03   0.03   0.58   0.03   0.50   0.88   0.03   0.99   0.04   0.01   0.03   0.00   0.16   0.05   0.54   0.10   0.06   0.12   0.04   0.27   0.03   0.03   0.85   0.04   0.01   0.05   0.13   0.73   0.07   0.04   0.00   0.18   
0.05   0.10   0.00   0.12   0.10   0.63   0.10   0.10   0.05   0.04   0.34   0.91   0.06   0.12   0.10   0.73   0.06   0.40   0.32   0.05   0.10   0.00   0.40   0.10   0.10   0.10   0.12   0.20   0.10   0.80   0.00   0.00   0.05   0.00   0.24   0.53   0.05   0.87   0.01   0.05   0.04   0.92   0.99   0.99   0.00   0.10   0.05   0.06   0.93   0.06   0.94   0.93   0.35   0.99   0.20   0.47   0.05   0.00   0.96   0.86   0.93   0.76   0.85   0.58   0.43   0.87   0.75   0.06   0.99   0.84   0.40   0.71   0.56   0.96   0.94   0.75   0.00   0.82   
0.28   0.50   0.50   0.53   0.23   0.50   0.15   0.50   0.87   0.50   0.25   0.50   0.50   0.17   0.50   0.79   0.14   0.87   0.08   0.83   0.13   0.50   0.91   0.59   0.50   0.50   0.20   0.43   0.50   0.50   0.50   0.50   0.50   0.50   0.50   0.50   0.23   0.50   0.50   0.92   0.50   0.50   0.50   0.50   0.50   0.13   0.39   0.50   0.50   0.14   0.50   0.50   0.38   0.50   0.92   0.50   0.50   0.50   0.50   0.50   0.50   0.86   0.50   0.58   0.59   0.50   0.50   0.50   0.50   0.50   0.50   0.50   0.50   0.50   0.50   0.50   0.96   0.50   
0.04   0.90   0.01   0.12   0.02   0.92   0.01   0.90   0.89   0.11   0.20   0.99   0.65   0.10   0.10   0.99   0.07   0.97   0.17   0.86   0.01   0.01   0.98   0.09   0.65   0.65   0.03   0.11   0.65   0.96   0.01   0.01   0.90   0.01   0.90   0.95   0.03   0.99   0.01   0.94   0.65   0.99   0.99   0.99   0.01   0.01   0.07   0.90   0.99   0.07   0.99   0.99   0.36   0.99   0.97   0.90   0.65   0.01   0.99   0.99   0.99   0.99   0.93   0.92   0.93   0.99   0.93   0.65   0.99   0.90   0.93   0.99   0.93   0.99   0.93   0.93   0.94   0.99   

0.50   0.50   0.50   0.50   0.50   0.11   0.50   0.50   0.50   0.50   0.50   0.26   0.50   0.50   0.50   0.25   0.50   0.50   0.50   0.50   0.50   0.50   0.19   0.50   0.50   0.50   0.20   0.50   0.50   0.14   0.50   0.50   0.50   0.50   0.26   0.03   0.50   0.07   0.50   0.50   0.50   0.22   0.50   0.50   0.50   0.50   0.50   0.50   0.50   0.50   0.20   0.76   0.50   0.50   0.50   0.09   0.50   0.50   0.08   0.06   0.30   0.23   0.10   0.41   0.26   0.32   0.06   0.50   0.24   0.06   0.06   0.15   0.36   0.34   0.05   0.10   0.50   0.21   
0.03   0.02   0.00   0.03   0.02   0.02   0.02   0.03   0.03   0.03   0.03   0.50   0.03   0.03   0.02   0.07   0.03   0.11   0.13   0.03   0.03   0.00   0.02   0.03   0.03   0.03   0.01   0.05   0.02   0.08   0.00   0.00   0.03   0.00   0.02   0.01   0.03   0.07   0.00   0.03   0.02   0.69   0.97   0.99   0.00   0.03   0.03   0.03   0.67   0.03   0.61   0.92   0.03   0.99   0.05   0.01   0.03   0.00   0.21   0.06   0.65   0.14   0.08   0.18   0.07   0.50   0.04   0.03   0.90   0.05   0.01   0.04   0.10   0.82   0.10   0.06   0.00   0.24   
0.05   0.09   0.01   0.11   0.09   0.53   0.09   0.09   0.05   0.04   0.28   0.93   0.05   0.11   0.09   0.60   0.05   0.56   0.28   0.05   0.09   0.01   0.34   0.09   0.09   0.09   0.11   0.42   0.09   0.83   0.01   0.01   0.05   0.01   0.19   0.65   0.05   0.89   0.01   0.05   0.04   0.94   0.99   0.99   0.01   0.09   0.05   0.05   0.94   0.05   0.95   0.94   0.30   0.99   0.42   0.41   0.05   0.01   0.97   0.89   0.95   0.81   0.87   0.69   0.58   0.90   0.81   0.05   0.99   0.87   0.34   0.62   0.48   0.97   0.95   0.81   0.01   0.86   
0.30   0.50   0.50   0.55   0.25   0.50   0.17   0.50   0.87   0.50   0.27   0.50   0.50   0.19   0.50   0.79   0.16   0.86   0.10   0.83   0.15   0.50   0.91   0.60   0.50   0.50   0.22   0.45   0.50   0.50   0.50   0.50   0.50   0.50   0.50   0.50   0.25   0.50   0.50   0.92   0.50   0.50   0.50   0.50   0.50   0.15   0.41   0.50   0.50   0.15   0.50   0.50   0.40   0.50   0.92   0.50   0.50   0.50   0.50   0.50   0.50   0.86   0.50   0.59   0.60   0.50   0.50   0.50   0.50   0.50   0.50   0.50   0.50   0.50   0.50   0.50   0.96   0.50   
0.01   0.91   0.01   0.15   0.07   0.93   0.05   0.91   0.76   0.09   0.13   0.99   0.70   0.05   0.09   0.97   0.01   0.99   0.13   0.70   0.04   0.01   0.98   0.26   0.70   0.70   0.04   0.84   0.70   0.97   0.01   0.01   0.91   0.01   0.91   0.96   0.01   0.99   0.01   0.84   0.70   0.99   0.99   0.99   0.01   0.04   0.02   0.91   0.99   0.01   0.99   0.99   0.40   0.99   0.99   0.91   0.70   0.01   1.00   0.99   0.99   0.99   0.93   0.96   0.94   0.99   0.93   0.70   0.99   0.91   0.93   0.99   0.94   0.99   0.93   0.93   0.99   0.99   

0.50   0.50   0.50   0.50   0.50   0.07   0.50   0.50   0.50   0.50   0.50   0.26   0.50   0.50   0.50   0.26   0.50   0.50   0.50   0.50   0.50   0.50   0.17   0.50   0.50   0.50   0.50   0.50   0.50   0.10   0.50   0.50   0.50   0.50   0.20   0.02   0.50   0.06   0.50   0.50   0.50   0.16   0.50   0.50   0.50   0.50   0.50   0.50   0.50   0.50   0.18   0.76   0.50   0.50   0.50   0.07   0.50   0.50   0.08   0.06   0.26   0.21   0.09   0.36   0.22   0.27   0.06   0.50   0.20   0.05   0.50   0.13   0.26   0.26   0.04   0.08   0.50   0.19   
0.03   0.02   0.00   0.03   0.02   0.01   0.02   0.02   0.03   0.02   0.03   0.28   0.03   0.03   0.02   0.07   0.03   0.09   0.11   0.03   0.02   0.00   0.02   0.02   0.02   0.02   0.02   0.04   0.02   0.05   0.00   0.00   0.03   0.00   0.02   0.00   0.03   0.04   0.00   0.03   0.02   0.23   0.95   0.99   0.00   0.02   0.03   0.03   0.53   0.03   0.28   0.86   0.02   0.99   0.04   0.01   0.03   0.00   0.15   0.04   0.24   0.10   0.06   0.12   0.05   0.21   0.03   0.03   0.79   0.03   0.07   0.02   0.06   0.60   0.06   0.03   0.00   0.11   
0.03   0.05   0.01   0.07   0.12   0.49   0.12   0.05   0.08   0.02   0.33   0.93   0.10   0.16   0.14   0.64   0.10   0.59   0.31   0.08   0.05   0.01   0.37   0.12   0.05   0.12   0.15   0.46   0.12   0.85   0.01   0.01   0.03   0.01   0.25   0.61   0.03   0.89   0.01   0.03   0.08   0.94   0.99   0.99   0.01   0.05   0.08   0.10   0.94   0.03   0.95   0.94   0.35   0.99   0.47   0.45   0.08   0.01   0.97   0.89   0.91   0.82   0.88   0.70   0.61   0.90   0.82   0.10   0.99   0.87   0.30   0.57   0.51   0.97   0.96   0.82   0.01   0.82   
0.28   0.50   0.50   0.57   0.21   0.50   0.16   0.50   0.84   0.50   0.24   0.50   0.50   0.25   0.50   0.84   0.19   0.82   0.11   0.76   0.15   0.50   0.89   0.55   0.50   0.50   0.21   0.43   0.50   0.50   0.50   0.50   0.50   0.50   0.50   0.50   0.30   0.50   0.50   0.92   0.50   0.50   0.50   0.50   0.50   0.16   0.41   0.50   0.50   0.13   0.50   0.50   0.39   0.50   0.90   0.50   0.50   0.50   0.50   0.50   0.50   0.50   0.50   0.54   0.55   0.50   0.50   0.50   0.50   0.50   0.50   0.50   0.50   0.50   0.50   0.50   0.96   0.50   
0.01   0.90   0.01   0.06   0.09   0.93   0.07   0.90   0.80   0.10   0.18   0.99   0.69   0.13   0.10   0.98   0.06   0.98   0.17   0.71   0.01   0.01   0.98   0.32   0.69   0.69   0.08   0.81   0.69   0.97   0.01   0.01   0.90   0.01   0.90   0.96   0.01   0.99   0.01   0.64   0.69   0.99   0.99   0.99   0.01   0.01   0.11   0.90   0.99   0.01   0.99   0.99   0.39   0.99   0.98   0.90   0.69   0.01   1.00   0.99   0.99   0.97   0.93   0.95   0.93   0.99   0.93   0.69   0.99   0.90   0.93   0.99   0.94   0.99   0.93   0.93   0.96   0.99   

0.50   0.50   0.50   0.50   0.50   0.08   0.50   0.50   0.50   0.50   0.50   0.35   0.50   0.50   0.50   0.34   0.50   0.50   0.50   0.50   0.50   0.50   0.22   0.50   0.50   0.50   0.50   0.50   0.50   0.13   0.50   0.50   0.50   0.50   0.27   0.50   0.50   0.07   0.50   0.50   0.50   0.20   0.50   0.50   0.50   0.50   0.50   0.50   0.50   0.50   0.24   0.85   0.50   0.50   0.50   0.09   0.50   0.50   0.10   0.07   0.34   0.28   0.12   0.46   0.29   0.36   0.07   0.50   0.26   0.06   0.50   0.16   0.34   0.35   0.04   0.10   0.50   0.24   
0.03   0.02   0.00   0.03   0.02   0.02   0.02   0.03   0.03   0.03   0.03   0.62   0.03   0.03   0.02   0.11   0.03   0.11   0.13   0.03   0.03   0.00   0.03   0.03   0.03   0.03   0.03   0.05   0.02   0.08   0.00   0.00   0.03   0.00   0.03   0.24   0.03   0.07   0.00   0.03   0.02   0.65   0.97   0.99   0.00   0.03   0.03   0.03   0.66   0.03   0.64   0.95   0.03   0.99   0.05   0.01   0.03   0.00   0.28   0.08   0.62   0.19   0.11   0.23   0.09   0.55   0.04   0.03   0.92   0.05   0.09   0.04   0.10   0.83   0.09   0.06   0.00   0.21   
0.02   0.11   0.01   0.13   0.10   0.52   0.10   0.04   0.07   0.02   0.29   0.93   0.16   0.13   0.11   0.66   0.08   0.54   0.28   0.07   0.04   0.01   0.41   0.10   0.04   0.10   0.21   0.42   0.18   0.86   0.01   0.01   0.02   0.01   0.30   0.56   0.02   0.86   0.01   0.08   0.14   0.94   0.99   0.99   0.01   0.04   0.07   0.08   0.94   0.03   0.93   0.94   0.33   0.99   0.43   0.48   0.15   0.01   0.97   0.89   0.92   0.83   0.89   0.72   0.64   0.91   0.83   0.16   0.99   0.88   0.27   0.53   0.47   0.97   0.94   0.78   0.01   0.78   
0.24   0.50   0.50   0.49   0.24   0.50   0.15   0.50   0.76   0.50   0.22   0.50   0.50   0.19   0.50   0.82   0.17   0.81   0.10   0.74   0.13   0.50   0.89   0.52   0.50   0.50   0.18   0.43   0.50   0.50   0.50   0.50   0.50   0.50   0.50   0.50   0.29   0.50   0.50   0.91   0.50   0.50   0.50   0.50   0.50   0.16   0.39   0.50   0.50   0.50   0.50   0.50   0.35   0.50   0.89   0.50   0.50   0.50   0.50   0.50   0.50   0.50   0.50   0.43   0.51   0.50   0.50   0.50   0.50   0.50   0.50   0.50   0.50   0.50   0.50   0.50   0.96   0.50   
0.01   0.90   0.01   0.15   0.07   0.92   0.04   0.90   0.60   0.09   0.12   0.99   0.65   0.07   0.09   0.98   0.03   0.96   0.11   0.23   0.01   0.01   0.98   0.21   0.65   0.65   0.12   0.50   0.65   0.97   0.01   0.01   0.90   0.01   0.90   0.96   0.01   0.99   0.01   0.76   0.65   0.99   0.99   0.99   0.01   0.01   0.06   0.90   0.99   0.03   0.99   0.99   0.26   0.99   0.97   0.90   0.65   0.01   0.99   0.99   0.99   0.96   0.92   0.92   0.92   0.99   0.92   0.65   0.99   0.90   0.92   0.99   0.93   0.99   0.92   0.92   0.94   0.99   

0.50   0.50   0.50   0.50   0.50   0.08   0.50   0.50   0.50   0.50   0.50   0.35   0.50   0.50   0.50   0.34   0.50   0.50   0.50   0.50   0.50   0.50   0.22   0.50   0.50   0.50   0.50   0.50   0.50   0.13   0.50   0.50   0.50   0.50   0.27   0.50   0.50   0.07   0.50   0.50   0.50   0.20   0.50   0.50   0.50   0.50   0.50   0.50   0.50   0.50   0.24   0.85   0.50   0.50   0.50   0.09   0.50   0.50   0.10   0.07   0.34   0.28   0.12   0.46   0.29   0.36   0.07   0.50   0.26   0.06   0.50   0.16   0.34   0.35   0.04   0.10   0.50   0.24   
0.03   0.03   0.00   0.03   0.03   0.02   0.03   0.03   0.03   0.03   0.03   0.65   0.03   0.03   0.02   0.13   0.03   0.12   0.14   0.03   0.03   0.00   0.03   0.03   0.03   0.03   0.03   0.05   0.03   0.09   0.00   0.00   0.03   0.00   0.03   0.26   0.03   0.05   0.00   0.03   0.03   0.69   0.97   0.99   0.00   0.03   0.03   0.03   0.69   0.03   0.70   0.96   0.03   0.99   0.05   0.01   0.03   0.00   0.55   0.09   0.66   0.21   0.13   0.26   0.10   0.60   0.05   0.03   0.93   0.06   0.10   0.04   0.10   0.86   0.10   0.06   0.00   0.23   
0.02   0.09   0.01   0.11   0.08   0.58   0.08   0.18   0.06   0.02   0.40   0.94   0.13   0.27   0.25   0.72   0.07   0.44   0.22   0.06   0.04   0.01   0.32   0.08   0.04   0.08   0.33   0.35   0.14   0.88   0.01   0.01   0.02   0.01   0.42   0.62   0.02   0.76   0.01   0.07   0.28   0.95   0.99   0.99   0.01   0.04   0.06   0.07   0.94   0.03   0.94   0.94   0.28   0.99   0.51   0.58   0.12   0.01   0.97   0.90   0.92   0.84   0.90   0.75   0.68   0.92   0.85   0.29   0.99   0.89   0.20   0.59   0.53   0.98   0.95   0.81   0.01   0.81   
0.50   0.50   0.50   0.47   0.21   0.50   0.06   0.50   0.86   0.50   0.17   0.50   0.50   0.18   0.50   0.91   0.14   0.84   0.06   0.71   0.13   0.50   0.93   0.40   0.50   0.50   0.24   0.50   0.50   0.50   0.50   0.50   0.50   0.50   0.50   0.50   0.42   0.50   0.50   0.92   0.50   0.50   0.50   0.50   0.50   0.15   0.20   0.50   0.50   0.50   0.50   0.50   0.39   0.50   0.95   0.50   0.50   0.50   0.50   0.50   0.50   0.50   0.50   0.62   0.58   0.50   0.50   0.50   0.50   0.50   0.50   0.50   0.50   0.50   0.50   0.50   0.98   0.50   
0.02   0.90   0.01   0.14   0.05   0.92   0.01   0.90   0.67   0.09   0.18   0.99   0.66   0.15   0.09   0.99   0.02   0.95   0.04   0.16   0.01   0.01   0.98   0.11   0.66   0.66   0.27   0.47   0.66   0.97   0.01   0.01   0.90   0.01   0.90   0.96   0.01   0.99   0.01   0.78   0.66   0.99   0.99   0.99   0.01   0.01   0.02   0.90   0.99   0.03   0.99   0.99   0.25   0.99   0.99   0.90   0.66   0.01   0.99   0.99   0.99   0.96   0.93   0.96   0.94   0.99   0.93   0.66   0.99   0.90   0.93   0.99   0.93   0.99   0.93   0.93   0.98   0.99   

0.50   0.50   0.50   0.50   0.50   0.08   0.50   0.50   0.50   0.50   0.50   0.35   0.50   0.50   0.50   0.34   0.50   0.50   0.50   0.50   0.50   0.50   0.22   0.50   0.50   0.50   0.50   0.50   0.50   0.13   0.50   0.50   0.50   0.50   0.27   0.50   0.50   0.07   0.50   0.50   0.50   0.20   0.50   0.50   0.50   0.50   0.50   0.50   0.50   0.50   0.24   0.85   0.50   0.50   0.50   0.09   0.50   0.50   0.10   0.07   0.34   0.28   0.12   0.46   0.29   0.36   0.07   0.50   0.26   0.06   0.50   0.16   0.34   0.35   0.04   0.10   0.50   0.24   
0.03   0.03   0.00   0.03   0.03   0.01   0.03   0.03   0.03   0.03   0.03   0.67   0.03   0.03   0.02   0.10   0.03   0.12   0.14   0.03   0.03   0.00   0.02   0.03   0.03   0.03   0.03   0.05   0.03   0.10   0.00   0.00   0.03   0.00   0.03   0.28   0.03   0.06   0.00   0.03   0.03   0.73   0.97   0.99   0.00   0.03   0.03   0.03   0.70   0.03   0.72   0.91   0.03   0.99   0.05   0.01   0.03   0.00   0.56   0.10   0.69   0.24   0.14   0.31   0.13   0.63   0.06   0.03   0.93   0.07   0.10   0.04   0.13   0.88   0.11   0.08   0.00   0.27   
0.02   0.08   0.01   0.09   0.07   0.53   0.07   0.16   0.05   0.01   0.35   0.95   0.12   0.25   0.23   0.65   0.06   0.41   0.20   0.05   0.03   0.01   0.29   0.07   0.03   0.07   0.29   0.33   0.13   0.89   0.01   0.01   0.02   0.01   0.37   0.58   0.02   0.80   0.01   0.06   0.25   0.96   0.99   0.99   0.01   0.03   0.05   0.06   0.95   0.03   0.95   0.88   0.25   0.99   0.62   0.53   0.10   0.01   0.98   0.92   0.94   0.87   0.92   0.81   0.76   0.93   0.87   0.26   0.99   0.91   0.19   0.53   0.64   0.98   0.96   0.85   0.01   0.85   
0.50   0.50   0.50   0.39   0.16   0.50   0.06   0.50   0.89   0.50   0.16   0.50   0.50   0.23   0.50   0.50   0.13   0.77   0.06   0.67   0.09   0.50   0.90   0.36   0.50   0.50   0.24   0.46   0.50   0.50   0.50   0.50   0.50   0.50   0.50   0.50   0.46   0.50   0.50   0.90   0.50   0.50   0.50   0.50   0.50   0.16   0.22   0.50   0.50   0.50   0.50   0.50   0.37   0.50   0.94   0.50   0.50   0.50   0.50   0.50   0.50   0.50   0.50   0.55   0.68   0.50   0.50   0.50   0.50   0.50   0.50   0.50   0.50   0.50   0.50   0.50   0.96   0.50   
0.01   0.90   0.01   0.10   0.03   0.92   0.01   0.90   0.70   0.08   0.15   0.99   0.67   0.17   0.08   0.94   0.01   0.89   0.03   0.11   0.01   0.01   0.95   0.08   0.67   0.67   0.22   0.40   0.67   0.97   0.01   0.01   0.90   0.01   0.90   0.96   0.01   0.99   0.01   0.71   0.67   0.99   0.99   0.99   0.01   0.01   0.02   0.90   0.99   0.03   0.99   0.99   0.22   0.99   0.99   0.90   0.67   0.01   0.99   0.99   0.99   0.96   0.93   0.96   0.97   0.99   0.93   0.67   0.99   0.90   0.93   0.99   0.93   0.99   0.93   0.93   0.99   0.99   

0.50   0.50   0.50   0.50   0.50   0.08   0.50   0.50   0.50   0.50   0.50   0.35   0.50   0.50   0.50   0.34   0.50   0.50   0.50   0.50   0.50   0.50   0.22   0.50   0.50   0.50   0.50   0.50   0.50   0.13   0.50   0.50   0.50   0.50   0.27   0.50   0.50   0.07   0.50   0.50   0.50   0.20   0.50   0.50   0.50   0.50   0.50   0.50   0.50   0.50   0.24   0.85   0.50   0.50   0.50   0.09   0.50   0.50   0.10   0.07   0.34   0.28   0.12   0.46   0.29   0.36   0.07   0.50   0.26   0.06   0.50   0.16   0.34   0.35   0.04   0.10   0.50   0.24   
0.03   0.02   0.00   0.03   0.02   0.01   0.02   0.03   0.03   0.03   0.03   0.61   0.03   0.03   0.02   0.09   0.03   0.11   0.14   0.03   0.03   0.00   0.02   0.02   0.03   0.03   0.03   0.05   0.02   0.11   0.00   0.00   0.03   0.00   0.03   0.26   0.03   0.05   0.00   0.03   0.02   0.65   0.97   0.99   0.00   0.03   0.03   0.03   0.66   0.03   0.72   0.89   0.03   0.99   0.05   0.01   0.03   0.00   0.28   0.10   0.62   0.21   0.13   0.32   0.11   0.57   0.05   0.03   0.89   0.06   0.09   0.03   0.13   0.89   0.12   0.07   0.00   0.24   
0.02   0.07   0.00   0.09   0.07   0.51   0.07   0.16   0.05   0.01   0.38   0.94   0.11   0.24   0.27   0.64   0.06   0.39   0.18   0.05   0.03   0.00   0.28   0.07   0.03   0.07   0.33   0.32   0.12   0.90   0.00   0.00   0.02   0.00   0.37   0.56   0.02   0.79   0.01   0.05   0.29   0.95   0.99   0.99   0.00   0.03   0.05   0.06   0.94   0.03   0.95   0.87   0.28   0.99   0.61   0.56   0.10   0.00   0.97   0.92   0.93   0.86   0.91   0.81   0.74   0.92   0.86   0.30   0.99   0.90   0.17   0.52   0.63   0.98   0.96   0.84   0.00   0.83   
0.50   0.50   0.50   0.37   0.17   0.50   0.05   0.50   0.87   0.50   0.19   0.50   0.50   0.18   0.50   0.50   0.13   0.76   0.06   0.58   0.50   0.50   0.88   0.29   0.50   0.50   0.20   0.51   0.50   0.50   0.50   0.50   0.50   0.50   0.50   0.50   0.48   0.50   0.50   0.89   0.50   0.50   0.50   0.50   0.50   0.16   0.20   0.50   0.50   0.50   0.50   0.50   0.25   0.50   0.92   0.50   0.50   0.50   0.50   0.50   0.50   0.50   0.50   0.58   0.65   0.50   0.50   0.50   0.50   0.50   0.50   0.50   0.50   0.50   0.50   0.50   0.96   0.50   
0.01   0.90   0.01   0.09   0.03   0.92   0.01   0.90   0.63   0.08   0.24   0.99   0.67   0.13   0.08   0.94   0.02   0.87   0.03   0.08   0.05   0.01   0.93   0.06   0.67   0.67   0.26   0.41   0.67   0.97   0.01   0.01   0.90   0.01   0.90   0.96   0.01   0.99   0.01   0.68   0.67   0.99   0.99   0.99   0.01   0.01   0.01   0.90   0.99   0.03   0.99   0.99   0.21   0.99   0.98   0.90   0.67   0.01   0.99   0.99   0.99   0.96   0.93   0.97   0.96   0.99   0.93   0.67   0.99   0.90   0.93   0.99   0.93   0.99   0.93   0.93   0.98   0.99   

0.50   0.50   0.50   0.50   0.50   0.08   0.50   0.50   0.50   0.50   0.50   0.35   0.50   0.50   0.50   0.34   0.50   0.50   0.50   0.50   0.50   0.50   0.22   0.50   0.50   0.50   0.50   0.50   0.50   0.13   0.50   0.50   0.50   0.50   0.27   0.50   0.50   0.07   0.50   0.50   0.50   0.20   0.50   0.50   0.50   0.50   0.50   0.50   0.50   0.50   0.24   0.85   0.50   0.50   0.50   0.09   0.50   0.50   0.10   0.07   0.34   0.28   0.12   0.46   0.29   0.36   0.07   0.50   0.26   0.06   0.50   0.16   0.34   0.35   0.04   0.10   0.50   0.24   
0.03   0.02   0.00   0.03   0.02   0.01   0.02   0.03   0.03   0.03   0.03   0.62   0.03   0.03   0.02   0.09   0.03   0.11   0.13   0.03   0.03   0.00   0.02   0.02   0.03   0.03   0.03   0.05   0.02   0.09   0.00   0.00   0.03   0.00   0.02   0.26   0.03   0.05   0.00   0.03   0.02   0.68   0.97   0.99   0.00   0.03   0.03   0.03   0.67   0.03   0.73   0.89   0.03   0.99   0.05   0.01   0.03   0.00   0.28   0.09   0.64   0.22   0.13   0.31   0.11   0.58   0.05   0.03   0.90   0.06   0.09   0.03   0.13   0.89   0.12   0.07   0.00   0.25   
0.02   0.07   0.00   0.08   0.06   0.50   0.06   0.15   0.05   0.01   0.37   0.94   0.11   0.24   0.26   0.63   0.06   0.38   0.17   0.05   0.03   0.00   0.26   0.06   0.03   0.06   0.33   0.31   0.11   0.90   0.00   0.00   0.02   0.00   0.37   0.55   0.02   0.77   0.01   0.05   0.29   0.95   0.99   0.99   0.00   0.03   0.05   0.06   0.94   0.02   0.95   0.86   0.27   0.99   0.61   0.55   0.09   0.00   0.97   0.92   0.92   0.85   0.90   0.80   0.73   0.92   0.86   0.29   0.99   0.90   0.16   0.50   0.61   0.98   0.96   0.83   0.00   0.83   
0.50   0.50   0.50   0.35   0.16   0.50   0.04   0.50   0.87   0.50   0.17   0.50   0.50   0.16   0.50   0.50   0.12   0.74   0.06   0.56   0.50   0.50   0.88   0.27   0.50   0.50   0.19   0.49   0.50   0.50   0.50   0.50   0.50   0.50   0.50   0.50   0.46   0.50   0.50   0.89   0.50   0.50   0.50   0.50   0.50   0.15   0.19   0.50   0.50   0.50   0.50   0.50   0.23   0.50   0.91   0.50   0.50   0.50   0.50   0.50   0.50   0.50   0.50   0.57   0.64   0.50   0.50   0.50   0.50   0.50   0.50   0.50   0.50   0.50   0.50   0.50   0.96   0.50   
0.01   0.90   0.01   0.08   0.02   0.92   0.01   0.90   0.21   0.08   0.20   0.99   0.67   0.12   0.08   0.93   0.01   0.84   0.02   0.05   0.05   0.01   0.92   0.05   0.67   0.67   0.24   0.35   0.67   0.97   0.01   0.01   0.90   0.01   0.90   0.96   0.02   0.99   0.01   0.63   0.67   0.99   0.99   0.99   0.01   0.01   0.01   0.90   0.99   0.03   0.99   0.99   0.17   0.99   0.98   0.90   0.67   0.01   0.99   0.99   0.99   0.96   0.93   0.96   0.95   0.99   0.93   0.67   0.99   0.90   0.93   0.99   0.93   0.99   0.93   0.93   0.98   0.99   

0.50   0.50   0.50   0.50   0.50   0.08   0.50   0.50   0.50   0.50   0.50   0.35   0.50   0.50   0.50   0.34   0.50   0.50   0.50   0.50   0.50   0.50   0.22   0.50   0.50   0.50   0.50   0.50   0.50   0.13   0.50   0.50   0.50   0.50   0.27   0.50   0.50   0.07   0.50   0.50   0.50   0.20   0.50   0.50   0.50   0.50   0.50   0.50   0.50   0.50   0.24   0.85   0.50   0.50   0.50   0.09   0.50   0.50   0.10   0.07   0.34   0.28   0.12   0.46   0.29   0.36   0.07   0.50   0.26   0.06   0.50   0.16   0.34   0.35   0.04   0.10   0.50   0.24   
0.03   0.03   0.00   0.03   0.03   0.01   0.03   0.03   0.03   0.03   0.03   0.59   0.03   0.03   0.02   0.09   0.03   0.12   0.14   0.03   0.03   0.00   0.02   0.03   0.03   0.03   0.03   0.05   0.03   0.08   0.00   0.00   0.03   0.00   0.02   0.28   0.03   0.05   0.00   0.03   0.03   0.75   0.97   0.99   0.00   0.03   0.03   0.03   0.68   0.03   0.67   0.89   0.03   0.99   0.05   0.01   0.03   0.00   0.26   0.10   0.72   0.22   0.15   0.36   0.14   0.56   0.07   0.03   0.93   0.06   0.09   0.04   0.13   0.85   0.14   0.07   0.00   0.30   
0.02   0.06   0.00   0.08   0.06   0.47   0.06   0.14   0.04   0.01   0.35   0.92   0.10   0.23   0.24   0.59   0.05   0.36   0.17   0.12   0.03   0.00   0.25   0.06   0.03   0.06   0.31   0.36   0.10   0.88   0.00   0.00   0.02   0.00   0.34   0.59   0.02   0.76   0.01   0.05   0.26   0.96   0.99   0.99   0.00   0.03   0.04   0.05   0.95   0.02   0.94   0.84   0.25   0.99   0.59   0.52   0.09   0.00   0.96   0.93   0.94   0.84   0.91   0.83   0.76   0.90   0.87   0.27   0.99   0.88   0.15   0.54   0.60   0.97   0.96   0.82   0.00   0.85   
0.50   0.50   0.50   0.39   0.22   0.50   0.50   0.50   0.91   0.50   0.21   0.50   0.50   0.15   0.50   0.50   0.11   0.83   0.08   0.66   0.50   0.50   0.90   0.36   0.50   0.50   0.17   0.59   0.50   0.50   0.50   0.50   0.50   0.50   0.50   0.50   0.51   0.50   0.50   0.92   0.50   0.50   0.50   0.50   0.50   0.19   0.24   0.50   0.50   0.50   0.50   0.50   0.29   0.50   0.95   0.50   0.50   0.50   0.50   0.50   0.50   0.50   0.50   0.51   0.74   0.50   0.50   0.50   0.50   0.50   0.50   0.50   0.50   0.50   0.50   0.50   0.96   0.50   
0.02   0.90   0.01   0.09   0.04   0.92   0.14   0.90   0.73   0.09   0.25   0.99   0.68   0.11   0.09   0.94   0.01   0.92   0.04   0.31   0.05   0.01   0.94   0.08   0.68   0.68   0.22   0.77   0.68   0.97   0.01   0.01   0.90   0.01   0.90   0.96   0.02   0.99   0.01   0.73   0.68   0.99   0.99   0.99   0.01   0.01   0.02   0.90   0.99   0.03   0.99   0.99   0.23   0.99   0.99   0.90   0.68   0.01   1.00   0.99   0.99   0.96   0.93   0.96   0.98   0.99   0.93   0.68   0.99   0.90   0.93   0.99   0.93   0.99   0.93   0.93   0.98   0.99   

0.50   0.50   0.50   0.50   0.50   0.08   0.50   0.50   0.50   0.50   0.50   0.35   0.50   0.50   0.50   0.34   0.50   0.50   0.50   0.50   0.50   0.50   0.22   0.50   0.50   0.50   0.50   0.50   0.50   0.13   0.50   0.50   0.50   0.50   0.27   0.50   0.50   0.07   0.50   0.50   0.50   0.20   0.50   0.50   0.50   0.50   0.50   0.50   0.50   0.50   0.24   0.85   0.50   0.50   0.50   0.09   0.50   0.50   0.10   0.07   0.34   0.28   0.12   0.46   0.29   0.36   0.07   0.50   0.26   0.06   0.50   0.16   0.34   0.35   0.04   0.10   0.50   0.24   
0.03   0.03   0.00   0.03   0.03   0.01   0.03   0.03   0.03   0.03   0.03   0.59   0.03   0.03   0.02   0.09   0.03   0.12   0.14   0.03   0.03   0.00   0.02   0.03   0.03   0.03   0.03   0.05   0.03   0.08   0.00   0.00   0.03   0.00   0.02   0.28   0.03   0.05   0.00   0.03   0.03   0.75   0.97   0.99   0.00   0.03   0.03   0.03   0.68   0.03   0.67   0.89   0.03   0.99   0.05   0.01   0.03   0.00   0.26   0.10   0.72   0.22   0.15   0.36   0.14   0.56   0.07   0.03   0.93   0.06   0.09   0.04   0.13   0.85   0.14   0.07   0.00   0.30   
0.02   0.06   0.00   0.08   0.06   0.47   0.06   0.14   0.04   0.01   0.35   0.92   0.10   0.23   0.24   0.59   0.05   0.36   0.17   0.12   0.03   0.00   0.25   0.06   0.03   0.06   0.31   0.36   0.10   0.88   0.00   0.00   0.02   0.00   0.34   0.59   0.02   0.76   0.01   0.05   0.26   0.96   0.99   0.99   0.00   0.03   0.04   0.05   0.95   0.02   0.94   0.84   0.25   0.99   0.59   0.52   0.09   0.00   0.96   0.93   0.94   0.84   0.91   0.83   0.76   0.90   0.87   0.27   0.99   0.88   0.15   0.54   0.60   0.97   0.96   0.82   0.00   0.85   
0.50   0.50   0.50   0.35   0.19   0.50   0.50   0.50   0.90   0.50   0.18   0.50   0.50   0.12   0.50   0.50   0.09   0.81   0.06   0.62   0.50   0.50   0.89   0.32   0.50   0.50   0.14   0.55   0.50   0.50   0.50   0.50   0.50   0.50   0.50   0.50   0.47   0.50   0.50   0.91   0.50   0.50   0.50   0.50   0.50   0.16   0.21   0.50   0.50   0.50   0.50   0.50   0.26   0.50   0.94   0.50   0.50   0.50   0.50   0.50   0.50   0.50   0.50   0.47   0.71   0.50   0.50   0.50   0.50   0.50   0.50   0.50   0.50   0.50   0.50   0.50   0.96   0.50   
0.02   0.90   0.01   0.07   0.03   0.92   0.14   0.90   0.71   0.09   0.22   0.99   0.68   0.09   0.09   0.94   0.01   0.91   0.03   0.28   0.05   0.01   0.94   0.07   0.68   0.68   0.19   0.74   0.68   0.97   0.01   0.01   0.90   0.01   0.90   0.96   0.02   0.99   0.01   0.71   0.68   0.99   0.99   0.99   0.01   0.01   0.02   0.90   0.99   0.03   0.99   0.99   0.20   0.99   0.99   0.90   0.68   0.01   1.00   0.99   0.99   0.96   0.93   0.96   0.97   0.99   0.93   0.68   0.99   0.90   0.93   0.99   0.93   0.99   0.93   0.93   0.98   0.99   

0.00   0.00   0.00   0.00   0.00   0.00   0.00   0.00   0.00   0.00   0.00   0.00   0.00   0.00   0.00   0.00   0.00   0.00   0.00   0.00   0.00   0.00   0.00   0.00   0.00   0.00   0.00   0.00   0.00   0.00   0.00   0.00   0.00   0.00   0.00   1.00   0.00   1.00   0.00   0.00   0.00   1.00   1.00   1.00   0.00   0.00   0.00   0.00   1.00   0.00   1.00   1.00   0.00   1.00   1.00   0.00   0.00   1.00   1.00   1.00   1.00   1.00   1.00   1.00   1.00   1.00   1.00   0.00   1.00   1.00   1.00   1.00   1.00   1.00   1.00   1.00   1.00   1.00   