0.08   0.01   0.64   0.26   0.38   0.37   0.28   0.53   0.01   0.15   0.28   0.78   0.02   0.06   0.20   0.88   0.08   0.15   0.60   0.09   0.82   0.51   0.01   0.36   0.46   0.04   0.99   0.10   0.01   0.03   0.06   0.71   0.86   0.06   0.85   0.96   0.91   0.01   0.63   0.01   0.91   0.68   0.39   0.94   0.00   0.04   0.25   0.03   0.95   0.08   0.78   0.49   0.43   0.48   0.93   0.67   0.01   0.04   0.82   0.73   0.13   0.18   0.96   1.00   0.87   0.20   0.96   0.73   0.45   0.95   0.02   0.90   0.73   0.94   0.99   0.81   0.90   0.52   
0.00   0.00   0.88   0.01   0.03   0.81   0.02   0.81   0.00   0.01   0.02   0.99   0.00   0.00   0.01   0.97   0.00   0.01   0.85   0.00   0.99   0.99   0.00   0.02   0.03   0.00   1.00   0.00   0.00   0.00   0.00   0.90   1.00   0.00   1.00   1.00   1.00   0.00   0.87   0.00   1.00   0.99   0.96   1.00   0.00   0.00   0.01   0.00   1.00   0.00   0.99   0.87   0.03   0.04   1.00   0.89   0.01   0.00   0.99   0.99   0.86   0.90   0.99   1.00   1.00   0.01   0.99   0.99   0.97   0.99   0.00   0.97   0.92   0.98   1.00   0.99   1.00   0.98   
0.50   0.50   0.66   0.15   0.63   0.21   0.17   0.71   0.50   0.19   0.04   0.98   0.50   0.50   0.34   0.95   0.50   0.22   0.27   0.50   0.50   0.30   0.50   0.41   0.33   0.50   0.50   0.50   0.50   0.50   0.50   0.68   0.50   0.50   0.50   0.50   0.50   0.50   0.89   0.50   0.50   0.95   0.53   0.50   0.50   0.50   0.04   0.50   0.50   0.50   0.92   0.80   0.30   0.68   0.50   0.74   0.00   0.50   0.50   0.70   0.13   0.14   0.98   0.50   0.50   0.25   0.99   0.45   0.47   0.97   0.50   0.99   0.95   0.99   0.50   0.50   0.50   0.45   
0.04   0.04   0.07   0.01   0.07   0.11   0.01   0.83   0.04   0.01   0.00   1.00   0.04   0.04   0.02   0.97   0.04   0.01   0.02   0.04   0.97   0.86   0.04   0.03   0.02   0.04   0.97   0.04   0.04   0.04   0.04   0.81   0.97   0.04   0.97   0.97   0.97   0.04   0.94   0.04   0.99   1.00   0.98   0.99   0.85   0.04   0.00   0.04   0.99   0.04   1.00   0.98   0.02   0.08   0.99   0.85   0.00   0.04   0.97   0.99   0.88   0.41   0.99   0.04   0.97   0.01   1.00   0.98   0.98   1.00   0.04   1.00   0.98   0.99   0.97   0.97   0.97   0.89   
0.50   0.50   0.51   0.13   0.73   0.18   0.16   0.58   0.50   0.26   0.50   0.50   0.50   0.50   0.25   0.93   0.50   0.21   0.17   0.50   0.50   0.36   0.50   0.40   0.43   0.50   0.50   0.50   0.50   0.50   0.50   0.59   0.50   0.50   0.50   0.50   0.50   0.50   0.88   0.50   0.50   0.50   0.69   0.50   0.50   0.50   0.50   0.50   0.50   0.50   0.50   0.87   0.25   0.54   0.50   0.85   0.50   0.50   0.50   0.74   0.20   0.16   0.99   0.50   0.50   0.33   0.50   0.47   0.72   0.50   0.50   0.50   0.97   0.50   0.50   0.50   0.50   0.72   
0.04   0.04   0.02   0.03   0.04   0.15   0.04   0.71   0.04   0.07   0.04   0.98   0.04   0.04   0.07   0.96   0.04   0.06   0.00   0.04   0.97   0.89   0.04   0.13   0.15   0.04   0.97   0.04   0.04   0.04   0.04   0.02   0.97   0.04   0.97   0.97   0.97   0.04   0.52   0.04   0.99   0.98   0.99   0.99   0.85   0.04   0.04   0.04   0.99   0.04   0.98   0.99   0.01   0.68   0.99   0.91   0.77   0.04   0.97   0.99   0.92   0.40   0.99   0.04   0.97   0.10   0.88   0.98   0.99   0.88   0.04   0.04   0.81   0.04   0.97   0.97   0.97   0.96   
0.50   0.50   0.35   0.08   0.70   0.14   0.10   0.53   0.50   0.24   0.50   0.50   0.50   0.50   0.29   0.92   0.50   0.17   0.50   0.50   0.50   0.27   0.50   0.30   0.44   0.50   0.50   0.50   0.50   0.50   0.50   0.49   0.50   0.50   0.50   0.50   0.50   0.50   0.86   0.50   0.50   0.50   0.54   0.50   0.50   0.50   0.50   0.50   0.50   0.50   0.50   0.85   0.50   0.53   0.50   0.90   0.50   0.50   0.50   0.67   0.23   0.08   0.98   0.50   0.50   0.30   0.50   0.42   0.61   0.50   0.50   0.50   0.95   0.50   0.50   0.50   0.50   0.72   
0.04   0.04   0.01   0.01   0.03   0.08   0.02   0.14   0.04   0.04   0.04   0.98   0.04   0.04   0.06   0.93   0.04   0.03   0.01   0.04   0.96   0.78   0.04   0.06   0.10   0.04   0.96   0.04   0.04   0.04   0.04   0.01   0.96   0.04   0.96   0.96   0.96   0.04   0.07   0.04   0.99   0.98   0.99   0.99   0.83   0.04   0.04   0.04   0.99   0.04   0.98   0.98   0.01   0.14   0.99   0.92   0.74   0.04   0.96   0.99   0.86   0.32   1.00   0.04   0.96   0.06   0.85   0.94   0.97   0.85   0.04   0.04   0.61   0.04   0.96   0.96   0.96   0.97   
0.50   0.50   0.50   0.08   0.67   0.09   0.06   0.30   0.50   0.19   0.50   0.50   0.50   0.50   0.30   0.85   0.50   0.11   0.50   0.50   0.50   0.27   0.50   0.21   0.31   0.50   0.50   0.50   0.50   0.50   0.50   0.43   0.50   0.50   0.50   0.50   0.50   0.50   0.81   0.50   0.50   0.50   0.53   0.50   0.50   0.50   0.50   0.50   0.50   0.50   0.50   0.86   0.50   0.41   0.50   0.91   0.50   0.50   0.50   0.54   0.16   0.08   0.50   0.50   0.50   0.36   0.50   0.43   0.60   0.50   0.50   0.50   0.95   0.50   0.50   0.50   0.50   0.67   
0.04   0.04   0.01   0.01   0.22   0.02   0.00   0.03   0.04   0.02   0.04   0.98   0.04   0.04   0.03   0.70   0.04   0.01   0.01   0.04   0.97   0.79   0.04   0.02   0.18   0.04   0.97   0.04   0.04   0.04   0.04   0.01   0.97   0.04   0.97   0.97   0.97   0.04   0.04   0.04   0.99   0.98   0.99   0.99   0.82   0.04   0.04   0.04   0.99   0.04   0.98   0.98   0.01   0.05   0.99   0.94   0.74   0.04   0.97   0.99   0.81   0.30   0.77   0.04   0.97   0.22   0.86   0.95   0.97   0.86   0.04   0.04   0.90   0.04   0.97   0.97   0.97   0.96   
0.50   0.50   0.50   0.50   0.72   0.12   0.50   0.42   0.50   0.19   0.50   0.50   0.50   0.50   0.42   0.91   0.50   0.18   0.50   0.50   0.50   0.33   0.50   0.22   0.45   0.50   0.50   0.50   0.50   0.50   0.50   0.59   0.50   0.50   0.50   0.50   0.50   0.50   0.89   0.50   0.50   0.50   0.59   0.50   0.50   0.50   0.50   0.50   0.50   0.50   0.50   0.93   0.50   0.48   0.50   0.92   0.50   0.50   0.50   0.49   0.18   0.10   0.50   0.50   0.50   0.52   0.50   0.39   0.66   0.50   0.50   0.50   0.96   0.50   0.50   0.50   0.50   0.74   
0.04   0.04   0.01   0.07   0.87   0.02   0.07   0.04   0.04   0.01   0.04   0.98   0.04   0.04   0.04   0.93   0.04   0.01   0.01   0.04   0.98   0.80   0.04   0.02   0.77   0.04   0.98   0.04   0.04   0.04   0.04   0.02   0.98   0.04   0.98   0.98   0.98   0.04   0.09   0.04   0.99   0.98   0.99   0.99   0.86   0.04   0.04   0.04   0.99   0.04   0.98   0.99   0.01   0.06   0.99   0.95   0.81   0.04   0.98   0.99   0.89   0.74   0.86   0.04   0.98   0.81   0.91   0.96   0.99   0.91   0.04   0.04   0.98   0.04   0.98   0.98   0.98   0.99   
0.50   0.50   0.50   0.50   0.78   0.10   0.50   0.41   0.50   0.38   0.50   0.50   0.50   0.50   0.40   0.91   0.50   0.20   0.50   0.50   0.50   0.28   0.50   0.16   0.42   0.50   0.50   0.50   0.50   0.50   0.50   0.55   0.50   0.50   0.50   0.50   0.50   0.50   0.91   0.50   0.50   0.50   0.50   0.50   0.50   0.50   0.50   0.50   0.50   0.50   0.50   0.50   0.50   0.58   0.50   0.92   0.50   0.50   0.50   0.36   0.40   0.08   0.50   0.50   0.50   0.69   0.50   0.36   0.79   0.50   0.50   0.50   0.97   0.50   0.50   0.50   0.50   0.66   
0.04   0.04   0.01   0.06   0.85   0.01   0.06   0.03   0.04   0.03   0.04   0.98   0.04   0.04   0.03   0.89   0.04   0.01   0.01   0.04   0.97   0.44   0.04   0.01   0.42   0.04   0.97   0.04   0.04   0.04   0.04   0.01   0.97   0.04   0.97   0.97   0.97   0.04   0.10   0.04   0.99   0.98   0.99   0.99   0.82   0.04   0.04   0.04   0.99   0.04   0.98   0.90   0.01   0.07   0.99   0.92   0.73   0.04   0.97   0.97   0.98   0.32   0.79   0.04   0.97   0.85   0.88   0.93   0.99   0.88   0.04   0.04   0.98   0.04   0.97   0.97   0.97   0.96   
0.50   0.50   0.50   0.50   0.75   0.08   0.50   0.36   0.50   0.34   0.50   0.50   0.50   0.50   0.35   0.89   0.50   0.17   0.50   0.50   0.50   0.24   0.50   0.13   0.37   0.50   0.50   0.50   0.50   0.50   0.50   0.50   0.50   0.50   0.50   0.50   0.50   0.50   0.89   0.50   0.50   0.50   0.50   0.50   0.50   0.50   0.50   0.50   0.50   0.50   0.50   0.50   0.50   0.53   0.50   0.90   0.50   0.50   0.50   0.32   0.36   0.06   0.50   0.50   0.50   0.65   0.50   0.31   0.75   0.50   0.50   0.50   0.96   0.50   0.50   0.50   0.50   0.61   
0.04   0.04   0.01   0.06   0.84   0.02   0.06   0.05   0.04   0.01   0.04   0.98   0.04   0.04   0.01   0.89   0.04   0.01   0.01   0.04   0.97   0.43   0.04   0.01   0.27   0.04   0.97   0.04   0.04   0.04   0.04   0.01   0.97   0.04   0.97   0.97   0.97   0.04   0.05   0.04   0.99   0.98   0.99   0.99   0.83   0.04   0.04   0.04   0.99   0.04   0.98   0.91   0.01   0.09   0.99   0.92   0.74   0.04   0.97   0.97   0.97   0.30   0.79   0.04   0.97   0.84   0.88   0.92   0.99   0.88   0.04   0.04   0.98   0.04   0.97   0.97   0.97   0.95   
0.50   0.50   0.50   0.50   0.62   0.07   0.50   0.30   0.50   0.29   0.50   0.50   0.50   0.50   0.29   0.77   0.50   0.50   0.50   0.50   0.50   0.27   0.50   0.18   0.18   0.50   0.50   0.50   0.50   0.50   0.50   0.50   0.50   0.50   0.50   0.50   0.50   0.50   0.83   0.50   0.50   0.50   0.50   0.50   0.50   0.50   0.50   0.50   0.50   0.50   0.50   0.50   0.50   0.35   0.50   0.82   0.50   0.50   0.50   0.37   0.33   0.04   0.50   0.50   0.50   0.65   0.50   0.37   0.61   0.50   0.50   0.50   0.95   0.50   0.50   0.50   0.50   0.61   
0.04   0.04   0.01   0.05   0.39   0.01   0.05   0.03   0.04   0.01   0.04   0.98   0.04   0.04   0.01   0.41   0.04   0.02   0.01   0.04   0.97   0.35   0.04   0.01   0.08   0.04   0.97   0.04   0.04   0.04   0.04   0.00   0.97   0.04   0.97   0.97   0.97   0.04   0.02   0.04   0.99   0.98   0.99   0.99   0.81   0.04   0.04   0.04   0.99   0.04   0.98   0.89   0.01   0.03   0.99   0.79   0.70   0.04   0.97   0.98   0.97   0.13   0.75   0.04   0.97   0.77   0.86   0.88   0.98   0.86   0.04   0.04   0.95   0.04   0.97   0.97   0.97   0.96   
0.50   0.50   0.50   0.50   0.62   0.07   0.50   0.31   0.50   0.30   0.50   0.50   0.50   0.50   0.29   0.77   0.50   0.50   0.50   0.50   0.50   0.27   0.50   0.18   0.18   0.50   0.50   0.50   0.50   0.50   0.50   0.50   0.50   0.50   0.50   0.50   0.50   0.50   0.84   0.50   0.50   0.50   0.50   0.50   0.50   0.50   0.50   0.50   0.50   0.50   0.50   0.50   0.50   0.35   0.50   0.83   0.50   0.50   0.50   0.38   0.33   0.04   0.50   0.50   0.50   0.66   0.50   0.38   0.61   0.50   0.50   0.50   0.95   0.50   0.50   0.50   0.50   0.62   
0.04   0.04   0.01   0.06   0.34   0.01   0.06   0.03   0.04   0.01   0.04   0.98   0.04   0.04   0.01   0.76   0.04   0.03   0.01   0.04   0.97   0.28   0.04   0.04   0.13   0.04   0.97   0.04   0.04   0.04   0.04   0.01   0.97   0.04   0.97   0.97   0.97   0.04   0.03   0.04   0.99   0.98   0.99   0.99   0.81   0.04   0.04   0.04   0.99   0.04   0.98   0.90   0.01   0.03   0.99   0.84   0.71   0.04   0.97   0.98   0.98   0.15   0.77   0.04   0.97   0.82   0.87   0.89   0.98   0.87   0.04   0.04   0.92   0.04   0.97   0.97   0.97   0.97   
0.50   0.50   0.50   0.50   0.61   0.08   0.50   0.31   0.50   0.31   0.50   0.50   0.50   0.50   0.30   0.75   0.50   0.50   0.50   0.50   0.50   0.28   0.50   0.19   0.19   0.50   0.50   0.50   0.50   0.50   0.50   0.50   0.50   0.50   0.50   0.50   0.50   0.50   0.82   0.50   0.50   0.50   0.50   0.50   0.50   0.50   0.50   0.50   0.50   0.50   0.50   0.50   0.50   0.35   0.50   0.81   0.50   0.50   0.50   0.38   0.34   0.04   0.50   0.50   0.50   0.65   0.50   0.38   0.60   0.50   0.50   0.50   0.94   0.50   0.50   0.50   0.50   0.61   
0.04   0.04   0.01   0.06   0.30   0.01   0.06   0.03   0.04   0.01   0.04   0.98   0.04   0.04   0.01   0.74   0.04   0.03   0.01   0.04   0.97   0.26   0.04   0.07   0.18   0.04   0.97   0.04   0.04   0.04   0.04   0.01   0.97   0.04   0.97   0.97   0.97   0.04   0.02   0.04   0.99   0.98   0.99   0.99   0.81   0.04   0.04   0.04   0.99   0.04   0.98   0.89   0.01   0.03   0.99   0.82   0.72   0.04   0.97   0.98   0.96   0.21   0.79   0.04   0.97   0.84   0.87   0.90   0.97   0.87   0.04   0.04   0.90   0.04   0.97   0.97   0.97   0.97   
0.50   0.50   0.50   0.50   0.64   0.08   0.50   0.33   0.50   0.32   0.50   0.50   0.50   0.50   0.31   0.77   0.50   0.50   0.50   0.50   0.50   0.29   0.50   0.20   0.20   0.50   0.50   0.50   0.50   0.50   0.50   0.50   0.50   0.50   0.50   0.50   0.50   0.50   0.84   0.50   0.50   0.50   0.50   0.50   0.50   0.50   0.50   0.50   0.50   0.50   0.50   0.50   0.50   0.37   0.50   0.83   0.50   0.50   0.50   0.40   0.35   0.05   0.50   0.50   0.50   0.67   0.50   0.40   0.63   0.50   0.50   0.50   0.94   0.50   0.50   0.50   0.50   0.63   
0.04   0.04   0.01   0.06   0.31   0.01   0.06   0.03   0.04   0.01   0.04   0.98   0.04   0.04   0.01   0.74   0.04   0.03   0.01   0.04   0.97   0.25   0.04   0.07   0.18   0.04   0.97   0.04   0.04   0.04   0.04   0.01   0.97   0.04   0.97   0.97   0.97   0.04   0.02   0.04   0.99   0.98   0.99   0.99   0.82   0.04   0.04   0.04   0.99   0.04   0.98   0.90   0.01   0.03   0.99   0.82   0.71   0.04   0.97   0.99   0.97   0.17   0.77   0.04   0.97   0.90   0.88   0.88   0.98   0.88   0.04   0.04   0.90   0.04   0.97   0.97   0.97   0.96   
0.50   0.50   0.50   0.50   0.61   0.07   0.50   0.31   0.50   0.30   0.50   0.50   0.50   0.50   0.29   0.75   0.50   0.50   0.50   0.50   0.50   0.27   0.50   0.19   0.19   0.50   0.50   0.50   0.50   0.50   0.50   0.50   0.50   0.50   0.50   0.50   0.50   0.50   0.82   0.50   0.50   0.50   0.50   0.50   0.50   0.50   0.50   0.50   0.50   0.50   0.50   0.50   0.50   0.35   0.50   0.81   0.50   0.50   0.50   0.37   0.33   0.04   0.50   0.50   0.50   0.65   0.50   0.37   0.60   0.50   0.50   0.50   0.94   0.50   0.50   0.50   0.50   0.60   
0.04   0.04   0.01   0.05   0.29   0.01   0.05   0.02   0.04   0.01   0.04   0.98   0.04   0.04   0.01   0.46   0.04   0.02   0.01   0.04   0.97   0.19   0.04   0.04   0.16   0.04   0.97   0.04   0.04   0.04   0.04   0.00   0.97   0.04   0.97   0.97   0.97   0.04   0.05   0.04   0.99   0.98   0.99   0.99   0.81   0.04   0.04   0.04   0.99   0.04   0.98   0.89   0.01   0.02   0.99   0.75   0.69   0.04   0.97   0.98   0.97   0.15   0.75   0.04   0.97   0.89   0.87   0.87   0.98   0.87   0.04   0.04   0.87   0.04   0.97   0.97   0.97   0.95   
0.50   0.50   0.50   0.50   0.64   0.50   0.50   0.21   0.50   0.27   0.50   0.50   0.50   0.50   0.50   0.81   0.50   0.50   0.50   0.50   0.50   0.28   0.50   0.23   0.20   0.50   0.50   0.50   0.50   0.50   0.50   0.50   0.50   0.50   0.50   0.50   0.50   0.50   0.79   0.50   0.50   0.50   0.50   0.50   0.50   0.50   0.50   0.50   0.50   0.50   0.50   0.50   0.50   0.25   0.50   0.87   0.50   0.50   0.50   0.49   0.21   0.02   0.50   0.50   0.50   0.27   0.50   0.38   0.47   0.50   0.50   0.50   0.91   0.50   0.50   0.50   0.50   0.73   
0.04   0.04   0.01   0.05   0.41   0.07   0.05   0.01   0.04   0.01   0.04   0.98   0.04   0.04   0.02   0.72   0.04   0.02   0.01   0.04   0.97   0.18   0.04   0.05   0.15   0.04   0.97   0.04   0.04   0.04   0.04   0.00   0.97   0.04   0.97   0.97   0.97   0.04   0.03   0.04   0.99   0.98   0.99   0.99   0.80   0.04   0.04   0.04   0.99   0.04   0.98   0.89   0.01   0.03   0.99   0.81   0.68   0.04   0.97   0.99   0.95   0.07   0.74   0.04   0.97   0.42   0.86   0.84   0.97   0.86   0.04   0.04   0.82   0.04   0.97   0.97   0.97   0.97   
0.50   0.50   0.50   0.50   0.62   0.50   0.50   0.20   0.50   0.50   0.50   0.50   0.50   0.50   0.50   0.84   0.50   0.50   0.50   0.50   0.50   0.29   0.50   0.27   0.17   0.50   0.50   0.50   0.50   0.50   0.50   0.50   0.50   0.50   0.50   0.50   0.50   0.50   0.80   0.50   0.50   0.50   0.50   0.50   0.50   0.50   0.50   0.50   0.50   0.50   0.50   0.50   0.50   0.19   0.50   0.80   0.50   0.50   0.50   0.53   0.12   0.04   0.50   0.50   0.50   0.35   0.50   0.35   0.49   0.50   0.50   0.50   0.92   0.50   0.50   0.50   0.50   0.73   
0.04   0.04   0.01   0.05   0.42   0.07   0.05   0.01   0.04   0.02   0.04   0.98   0.04   0.04   0.02   0.78   0.04   0.03   0.01   0.04   0.97   0.21   0.04   0.08   0.14   0.04   0.97   0.04   0.04   0.04   0.04   0.01   0.97   0.04   0.97   0.97   0.97   0.04   0.04   0.04   0.99   0.98   0.99   0.99   0.81   0.04   0.04   0.04   0.99   0.04   0.98   0.90   0.01   0.02   0.99   0.75   0.71   0.04   0.97   0.99   0.93   0.12   0.77   0.04   0.97   0.70   0.88   0.84   0.98   0.88   0.04   0.04   0.85   0.04   0.97   0.97   0.97   0.98   
0.50   0.50   0.50   0.50   0.58   0.50   0.50   0.16   0.50   0.50   0.50   0.50   0.50   0.50   0.50   0.82   0.50   0.50   0.50   0.50   0.50   0.24   0.50   0.23   0.13   0.50   0.50   0.50   0.50   0.50   0.50   0.50   0.50   0.50   0.50   0.50   0.50   0.50   0.78   0.50   0.50   0.50   0.50   0.50   0.50   0.50   0.50   0.50   0.50   0.50   0.50   0.50   0.50   0.16   0.50   0.78   0.50   0.50   0.50   0.48   0.10   0.03   0.50   0.50   0.50   0.30   0.50   0.30   0.45   0.50   0.50   0.50   0.91   0.50   0.50   0.50   0.50   0.70   
0.04   0.04   0.01   0.05   0.34   0.07   0.05   0.01   0.04   0.02   0.04   0.98   0.04   0.04   0.02   0.73   0.04   0.02   0.01   0.04   0.97   0.15   0.04   0.06   0.10   0.04   0.97   0.04   0.04   0.04   0.04   0.00   0.97   0.04   0.97   0.97   0.97   0.04   0.04   0.04   0.99   0.98   0.99   0.99   0.80   0.04   0.04   0.04   0.99   0.04   0.98   0.89   0.01   0.02   0.99   0.71   0.68   0.04   0.97   0.99   0.89   0.08   0.74   0.04   0.97   0.45   0.87   0.79   0.97   0.87   0.04   0.04   0.81   0.04   0.97   0.97   0.97   0.97   
0.50   0.50   0.50   0.50   0.63   0.50   0.50   0.18   0.50   0.50   0.50   0.50   0.50   0.50   0.50   0.85   0.50   0.50   0.50   0.50   0.50   0.27   0.50   0.26   0.15   0.50   0.50   0.50   0.50   0.50   0.50   0.50   0.50   0.50   0.50   0.50   0.50   0.50   0.82   0.50   0.50   0.50   0.50   0.50   0.50   0.50   0.50   0.50   0.50   0.50   0.50   0.50   0.50   0.18   0.50   0.82   0.50   0.50   0.50   0.53   0.11   0.03   0.50   0.50   0.50   0.34   0.50   0.34   0.49   0.50   0.50   0.50   0.93   0.50   0.50   0.50   0.50   0.75   
0.04   0.04   0.01   0.05   0.38   0.07   0.05   0.01   0.04   0.02   0.04   0.98   0.04   0.04   0.02   0.77   0.04   0.02   0.01   0.04   0.97   0.17   0.04   0.08   0.12   0.04   0.97   0.04   0.04   0.04   0.04   0.00   0.97   0.04   0.97   0.97   0.97   0.04   0.05   0.04   0.99   0.98   0.99   0.99   0.80   0.04   0.04   0.04   0.99   0.04   0.98   0.89   0.01   0.02   0.99   0.77   0.68   0.04   0.97   0.99   0.91   0.08   0.74   0.04   0.97   0.49   0.87   0.82   0.97   0.87   0.04   0.04   0.84   0.04   0.97   0.97   0.97   0.97   
0.50   0.50   0.50   0.50   0.62   0.50   0.50   0.18   0.50   0.50   0.50   0.50   0.50   0.50   0.50   0.85   0.50   0.50   0.50   0.50   0.50   0.27   0.50   0.26   0.15   0.50   0.50   0.50   0.50   0.50   0.50   0.50   0.50   0.50   0.50   0.50   0.50   0.50   0.81   0.50   0.50   0.50   0.50   0.50   0.50   0.50   0.50   0.50   0.50   0.50   0.50   0.50   0.50   0.17   0.50   0.81   0.50   0.50   0.50   0.52   0.11   0.03   0.50   0.50   0.50   0.34   0.50   0.33   0.48   0.50   0.50   0.50   0.92   0.50   0.50   0.50   0.50   0.74   
0.04   0.04   0.01   0.05   0.36   0.07   0.05   0.01   0.04   0.02   0.04   0.98   0.04   0.04   0.02   0.76   0.04   0.02   0.01   0.04   0.97   0.16   0.04   0.07   0.13   0.04   0.97   0.04   0.04   0.04   0.04   0.00   0.97   0.04   0.97   0.97   0.97   0.04   0.05   0.04   0.99   0.98   0.99   0.99   0.80   0.04   0.04   0.04   0.99   0.04   0.98   0.89   0.01   0.02   0.99   0.77   0.68   0.04   0.97   0.99   0.91   0.09   0.74   0.04   0.97   0.48   0.87   0.81   0.97   0.87   0.04   0.04   0.83   0.04   0.97   0.97   0.97   0.97   
0.50   0.50   0.50   0.50   0.68   0.50   0.50   0.24   0.50   0.50   0.50   0.50   0.50   0.50   0.50   0.88   0.50   0.50   0.50   0.50   0.50   0.34   0.50   0.33   0.20   0.50   0.50   0.50   0.50   0.50   0.50   0.50   0.50   0.50   0.50   0.50   0.50   0.50   0.85   0.50   0.50   0.50   0.50   0.50   0.50   0.50   0.50   0.50   0.50   0.50   0.50   0.50   0.50   0.23   0.50   0.85   0.50   0.50   0.50   0.60   0.15   0.04   0.50   0.50   0.50   0.41   0.50   0.41   0.56   0.50   0.50   0.50   0.94   0.50   0.50   0.50   0.50   0.79   
0.04   0.04   0.01   0.05   0.48   0.07   0.05   0.01   0.04   0.02   0.04   0.98   0.04   0.04   0.02   0.79   0.04   0.03   0.01   0.04   0.97   0.21   0.04   0.12   0.20   0.04   0.97   0.04   0.04   0.04   0.04   0.01   0.97   0.04   0.97   0.97   0.97   0.04   0.09   0.04   0.99   0.98   0.99   0.99   0.82   0.04   0.04   0.04   0.99   0.04   0.98   0.90   0.01   0.03   0.99   0.84   0.70   0.04   0.97   0.99   0.94   0.15   0.77   0.04   0.97   0.74   0.88   0.87   0.98   0.88   0.04   0.04   0.88   0.04   0.97   0.97   0.97   0.98   
0.50   0.50   0.50   0.50   0.63   0.50   0.50   0.20   0.50   0.50   0.50   0.50   0.50   0.50   0.50   0.85   0.50   0.50   0.50   0.50   0.50   0.29   0.50   0.28   0.17   0.50   0.50   0.50   0.50   0.50   0.50   0.50   0.50   0.50   0.50   0.50   0.50   0.50   0.81   0.50   0.50   0.50   0.50   0.50   0.50   0.50   0.50   0.50   0.50   0.50   0.50   0.50   0.50   0.20   0.50   0.81   0.50   0.50   0.50   0.54   0.13   0.04   0.50   0.50   0.50   0.36   0.50   0.36   0.50   0.50   0.50   0.50   0.92   0.50   0.50   0.50   0.50   0.74   
0.04   0.04   0.01   0.05   0.42   0.07   0.05   0.01   0.04   0.02   0.04   0.98   0.04   0.04   0.02   0.74   0.04   0.03   0.01   0.04   0.97   0.17   0.04   0.10   0.17   0.04   0.97   0.04   0.04   0.04   0.04   0.01   0.97   0.04   0.97   0.97   0.97   0.04   0.07   0.04   0.99   0.98   0.99   0.99   0.82   0.04   0.04   0.04   0.99   0.04   0.98   0.90   0.01   0.02   0.99   0.80   0.70   0.04   0.97   0.99   0.93   0.13   0.77   0.04   0.97   0.70   0.88   0.85   0.98   0.88   0.04   0.04   0.85   0.04   0.97   0.97   0.97   0.98   
