5.00   5.00   5.00   5.00   5.00   5.00   5.00   5.00   5.00   5.00   5.00   5.00   5.00   5.00   5.00   5.00   5.00   5.00   5.00   5.00   5.00   5.00   5.00   5.00   5.00   5.00   5.00   5.00   5.00   5.00   5.00   5.00   5.00   5.00   5.00   5.00   5.00   5.00   5.00   5.00   5.00   5.00   5.00   5.00   5.00   5.00   5.00   5.00   5.00   5.00   5.00   5.00   5.00   5.00   5.00   5.00   5.00   5.00   5.00   5.00   5.00   5.00   5.00   5.00   5.00   5.00   5.00   5.00   5.00   5.00   5.00   5.00   5.00   5.00   5.00   5.00   5.00   5.00   
0.06   0.06   0.06   0.06   0.06   0.64   0.06   0.06   0.06   0.06   0.06   0.92   0.06   0.06   0.06   0.06   0.06   0.06   0.06   0.06   0.92   0.99   0.06   0.06   0.06   0.06   0.92   0.06   0.06   0.06   0.06   0.06   0.92   0.06   0.92   0.92   0.92   0.06   0.06   0.06   0.99   0.92   0.92   0.99   0.64   0.06   0.06   0.06   0.99   0.06   0.92   0.64   0.06   0.06   0.99   0.06   0.64   0.06   0.92   0.92   0.92   0.92   0.06   0.06   0.92   0.06   0.06   0.92   0.92   0.06   0.06   0.06   0.06   0.06   0.92   0.92   0.92   0.92   
5.00   5.00   5.00   5.00   5.00   5.00   5.00   5.00   5.00   5.00   5.00   5.00   5.00   5.00   5.00   5.00   5.00   5.00   5.00   5.00   5.00   5.00   5.00   5.00   5.00   5.00   5.00   5.00   5.00   5.00   5.00   5.00   5.00   5.00   5.00   5.00   5.00   5.00   5.00   5.00   5.00   5.00   5.00   5.00   5.00   5.00   5.00   5.00   5.00   5.00   5.00   5.00   5.00   5.00   5.00   5.00   5.00   5.00   5.00   5.00   5.00   5.00   5.00   5.00   5.00   5.00   5.00   5.00   5.00   5.00   5.00   5.00   5.00   5.00   5.00   5.00   5.00   5.00   
0.05   0.05   0.05   0.05   0.05   0.41   0.05   0.05   0.05   0.05   0.05   0.97   0.05   0.05   0.05   0.05   0.05   0.05   0.05   0.05   0.76   0.84   0.05   0.05   0.05   0.05   0.97   0.05   0.05   0.05   0.05   0.05   0.97   0.05   0.97   0.97   0.97   0.05   0.05   0.05   0.84   0.97   0.97   0.99   0.41   0.05   0.05   0.05   0.99   0.05   0.97   0.85   0.05   0.05   0.84   0.05   0.41   0.05   0.76   0.97   0.97   0.76   0.05   0.80   0.76   0.05   0.80   0.97   0.97   0.80   0.05   0.05   0.05   0.05   0.76   0.97   0.76   0.76   
5.00   5.00   5.00   5.00   5.00   5.00   5.00   5.00   5.00   5.00   5.00   5.00   5.00   5.00   5.00   5.00   5.00   5.00   5.00   5.00   5.00   5.00   5.00   5.00   5.00   5.00   5.00   5.00   5.00   5.00   5.00   5.00   5.00   5.00   5.00   5.00   5.00   5.00   5.00   5.00   5.00   5.00   5.00   5.00   5.00   5.00   5.00   5.00   5.00   5.00   5.00   5.00   5.00   5.00   5.00   5.00   5.00   5.00   5.00   5.00   5.00   5.00   5.00   5.00   5.00   5.00   5.00   5.00   5.00   5.00   5.00   5.00   5.00   5.00   5.00   5.00   5.00   5.00   
0.02   0.02   0.02   0.25   0.02   0.41   0.25   0.25   0.02   0.25   0.02   0.97   0.25   0.25   0.25   0.25   0.25   0.25   0.02   0.25   0.77   0.83   0.25   0.25   0.25   0.25   0.97   0.02   0.02   0.02   0.02   0.02   0.53   0.02   0.97   0.97   0.97   0.02   0.02   0.25   0.83   0.97   0.97   0.99   0.05   0.25   0.02   0.25   0.99   0.02   0.97   0.82   0.02   0.25   0.83   0.25   0.41   0.25   0.26   0.97   0.97   0.77   0.25   0.76   0.77   0.25   0.76   0.97   0.97   0.76   0.25   0.25   0.02   0.02   0.77   0.97   0.77   0.77   
5.00   5.00   5.00   5.00   5.00   5.00   5.00   5.00   5.00   5.00   5.00   5.00   5.00   5.00   5.00   5.00   5.00   5.00   5.00   5.00   5.00   5.00   5.00   5.00   5.00   5.00   5.00   5.00   5.00   5.00   5.00   5.00   5.00   5.00   5.00   5.00   5.00   5.00   5.00   5.00   5.00   5.00   5.00   5.00   5.00   5.00   5.00   5.00   5.00   5.00   5.00   5.00   5.00   5.00   5.00   5.00   5.00   5.00   5.00   5.00   5.00   5.00   5.00   5.00   5.00   5.00   5.00   5.00   5.00   5.00   5.00   5.00   5.00   5.00   5.00   5.00   5.00   5.00   
0.02   0.02   0.02   0.23   0.02   0.35   0.23   0.23   0.02   0.23   0.02   0.98   0.23   0.23   0.23   0.23   0.23   0.23   0.02   0.23   0.69   0.75   0.23   0.23   0.23   0.23   0.84   0.02   0.02   0.02   0.02   0.02   0.52   0.02   0.98   0.98   0.98   0.02   0.02   0.23   0.92   0.98   0.98   0.99   0.05   0.23   0.02   0.23   0.99   0.02   0.98   0.65   0.02   0.23   0.92   0.23   0.35   0.23   0.57   0.98   0.84   0.88   0.65   0.80   0.88   0.23   0.58   0.84   0.84   0.58   0.23   0.65   0.02   0.02   0.88   0.98   0.88   0.88   
5.00   5.00   5.00   5.00   5.00   5.00   5.00   5.00   5.00   5.00   5.00   5.00   5.00   5.00   5.00   5.00   5.00   5.00   5.00   5.00   5.00   5.00   5.00   5.00   5.00   5.00   5.00   5.00   5.00   5.00   5.00   5.00   5.00   5.00   5.00   5.00   5.00   5.00   5.00   5.00   5.00   5.00   5.00   5.00   5.00   5.00   5.00   5.00   5.00   5.00   5.00   5.00   5.00   5.00   5.00   5.00   5.00   5.00   5.00   5.00   5.00   5.00   5.00   5.00   5.00   5.00   5.00   5.00   5.00   5.00   5.00   5.00   5.00   5.00   5.00   5.00   5.00   5.00   
0.01   0.21   0.01   0.14   0.21   0.25   0.14   0.14   0.01   0.14   0.21   0.89   0.14   0.14   0.14   0.14   0.14   0.14   0.01   0.14   0.78   0.82   0.14   0.14   0.47   0.14   0.89   0.01   0.01   0.01   0.01   0.01   0.77   0.01   0.89   0.98   0.98   0.01   0.01   0.14   0.93   0.98   0.98   0.99   0.05   0.14   0.01   0.14   0.99   0.01   0.98   0.76   0.01   0.14   0.93   0.47   0.25   0.14   0.80   0.98   0.89   0.91   0.75   0.86   0.91   0.47   0.72   0.89   0.89   0.72   0.14   0.75   0.21   0.21   0.80   0.98   0.91   0.91   
5.00   5.00   5.00   5.00   5.00   5.00   5.00   5.00   5.00   5.00   5.00   5.00   5.00   5.00   5.00   5.00   5.00   5.00   5.00   5.00   5.00   5.00   5.00   5.00   5.00   5.00   5.00   5.00   5.00   5.00   5.00   5.00   5.00   5.00   5.00   5.00   5.00   5.00   5.00   5.00   5.00   5.00   5.00   5.00   5.00   5.00   5.00   5.00   5.00   5.00   5.00   5.00   5.00   5.00   5.00   5.00   5.00   5.00   5.00   5.00   5.00   5.00   5.00   5.00   5.00   5.00   5.00   5.00   5.00   5.00   5.00   5.00   5.00   5.00   5.00   5.00   5.00   5.00   
0.01   0.18   0.01   0.08   0.50   0.13   0.08   0.08   0.01   0.08   0.18   0.93   0.08   0.08   0.08   0.42   0.42   0.08   0.01   0.08   0.84   0.64   0.08   0.08   0.64   0.08   0.92   0.01   0.01   0.01   0.01   0.01   0.88   0.01   0.93   0.99   0.99   0.01   0.01   0.08   0.95   0.99   0.99   0.99   0.04   0.42   0.01   0.08   0.99   0.01   0.99   0.83   0.29   0.08   0.95   0.29   0.13   0.08   0.89   0.99   0.92   0.94   0.83   0.91   0.94   0.64   0.81   0.92   0.92   0.81   0.08   0.83   0.50   0.50   0.87   0.99   0.94   0.94   
5.00   5.00   5.00   5.00   5.00   5.00   5.00   5.00   5.00   5.00   5.00   5.00   5.00   5.00   5.00   5.00   5.00   5.00   5.00   5.00   5.00   5.00   5.00   5.00   5.00   5.00   5.00   5.00   5.00   5.00   5.00   5.00   5.00   5.00   5.00   5.00   5.00   5.00   5.00   5.00   5.00   5.00   5.00   5.00   5.00   5.00   5.00   5.00   5.00   5.00   5.00   5.00   5.00   5.00   5.00   5.00   5.00   5.00   5.00   5.00   5.00   5.00   5.00   5.00   5.00   5.00   5.00   5.00   5.00   5.00   5.00   5.00   5.00   5.00   5.00   5.00   5.00   5.00   
0.01   0.16   0.01   0.07   0.47   0.13   0.07   0.07   0.01   0.07   0.16   0.94   0.07   0.07   0.07   0.40   0.40   0.07   0.01   0.07   0.81   0.60   0.07   0.07   0.60   0.15   0.93   0.01   0.01   0.01   0.01   0.01   0.86   0.01   0.94   0.98   0.98   0.01   0.01   0.07   0.93   0.98   0.99   0.99   0.11   0.40   0.01   0.07   1.00   0.01   0.99   0.85   0.36   0.07   0.93   0.26   0.21   0.07   0.87   0.98   0.93   0.92   0.80   0.92   0.92   0.60   0.80   0.91   0.91   0.80   0.07   0.80   0.47   0.47   0.84   0.98   0.92   0.92   
5.00   5.00   5.00   5.00   5.00   5.00   5.00   5.00   5.00   5.00   5.00   5.00   5.00   5.00   5.00   5.00   5.00   5.00   5.00   5.00   5.00   5.00   5.00   5.00   5.00   5.00   5.00   5.00   5.00   5.00   5.00   5.00   5.00   5.00   5.00   5.00   5.00   5.00   5.00   5.00   5.00   5.00   5.00   5.00   5.00   5.00   5.00   5.00   5.00   5.00   5.00   5.00   5.00   5.00   5.00   5.00   5.00   5.00   5.00   5.00   5.00   5.00   5.00   5.00   5.00   5.00   5.00   5.00   5.00   5.00   5.00   5.00   5.00   5.00   5.00   5.00   5.00   5.00   
0.01   0.23   0.05   0.13   0.52   0.19   0.05   0.13   0.05   0.05   0.14   0.93   0.05   0.13   0.05   0.44   0.33   0.05   0.05   0.13   0.82   0.64   0.13   0.13   0.52   0.11   0.93   0.01   0.01   0.01   0.01   0.01   0.81   0.01   0.90   0.98   0.98   0.01   0.01   0.05   0.94   0.95   0.99   0.99   0.08   0.33   0.01   0.05   1.00   0.01   0.99   0.86   0.40   0.13   0.94   0.33   0.27   0.05   0.88   0.98   0.93   0.92   0.81   0.92   0.92   0.63   0.80   0.91   0.91   0.80   0.05   0.81   0.52   0.52   0.78   0.98   0.92   0.92   
5.00   5.00   5.00   5.00   5.00   5.00   5.00   5.00   5.00   5.00   5.00   5.00   5.00   5.00   5.00   5.00   5.00   5.00   5.00   5.00   5.00   5.00   5.00   5.00   5.00   5.00   5.00   5.00   5.00   5.00   5.00   5.00   5.00   5.00   5.00   5.00   5.00   5.00   5.00   5.00   5.00   5.00   5.00   5.00   5.00   5.00   5.00   5.00   5.00   5.00   5.00   5.00   5.00   5.00   5.00   5.00   5.00   5.00   5.00   5.00   5.00   5.00   5.00   5.00   5.00   5.00   5.00   5.00   5.00   5.00   5.00   5.00   5.00   5.00   5.00   5.00   5.00   5.00   
0.01   0.18   0.04   0.10   0.44   0.14   0.04   0.10   0.04   0.04   0.12   0.87   0.04   0.10   0.04   0.36   0.26   0.04   0.04   0.10   0.76   0.51   0.10   0.10   0.45   0.09   0.96   0.01   0.01   0.01   0.01   0.01   0.73   0.01   0.82   0.98   0.98   0.01   0.01   0.04   0.95   0.96   0.99   0.94   0.06   0.26   0.01   0.04   1.00   0.01   0.99   0.92   0.32   0.10   0.88   0.27   0.20   0.04   0.80   0.98   0.96   0.86   0.89   0.95   0.86   0.57   0.75   0.86   0.95   0.75   0.04   0.75   0.44   0.44   0.67   0.98   0.95   0.95   
5.00   5.00   5.00   5.00   5.00   5.00   5.00   5.00   5.00   5.00   5.00   5.00   5.00   5.00   5.00   5.00   5.00   5.00   5.00   5.00   5.00   5.00   5.00   5.00   5.00   5.00   5.00   5.00   5.00   5.00   5.00   5.00   5.00   5.00   5.00   5.00   5.00   5.00   5.00   5.00   5.00   5.00   5.00   5.00   5.00   5.00   5.00   5.00   5.00   5.00   5.00   5.00   5.00   5.00   5.00   5.00   5.00   5.00   5.00   5.00   5.00   5.00   5.00   5.00   5.00   5.00   5.00   5.00   5.00   5.00   5.00   5.00   5.00   5.00   5.00   5.00   5.00   5.00   
0.01   0.16   0.04   0.09   0.35   0.12   0.04   0.09   0.04   0.04   0.11   0.87   0.04   0.09   0.04   0.49   0.21   0.04   0.04   0.09   0.60   0.41   0.09   0.28   0.57   0.07   0.97   0.01   0.01   0.01   0.01   0.01   0.76   0.01   0.68   0.99   0.99   0.01   0.01   0.04   0.96   0.96   0.99   0.94   0.05   0.21   0.01   0.04   1.00   0.01   0.99   0.93   0.25   0.09   0.89   0.42   0.16   0.04   0.82   0.99   0.97   0.87   0.91   0.96   0.87   0.66   0.80   0.88   0.96   0.80   0.04   0.79   0.35   0.57   0.51   0.99   0.95   0.95   
5.00   5.00   5.00   5.00   5.00   5.00   5.00   5.00   5.00   5.00   5.00   5.00   5.00   5.00   5.00   5.00   5.00   5.00   5.00   5.00   5.00   5.00   5.00   5.00   5.00   5.00   5.00   5.00   5.00   5.00   5.00   5.00   5.00   5.00   5.00   5.00   5.00   5.00   5.00   5.00   5.00   5.00   5.00   5.00   5.00   5.00   5.00   5.00   5.00   5.00   5.00   5.00   5.00   5.00   5.00   5.00   5.00   5.00   5.00   5.00   5.00   5.00   5.00   5.00   5.00   5.00   5.00   5.00   5.00   5.00   5.00   5.00   5.00   5.00   5.00   5.00   5.00   5.00   
0.01   0.16   0.04   0.09   0.35   0.12   0.04   0.09   0.04   0.04   0.11   0.86   0.04   0.09   0.04   0.49   0.21   0.09   0.04   0.09   0.59   0.41   0.09   0.35   0.64   0.07   0.96   0.01   0.01   0.01   0.01   0.01   0.80   0.01   0.68   0.98   0.99   0.01   0.01   0.04   0.97   0.97   0.99   0.95   0.05   0.21   0.01   0.04   1.00   0.01   0.99   0.92   0.32   0.09   0.88   0.43   0.16   0.04   0.85   0.99   0.96   0.90   0.90   0.95   0.87   0.72   0.78   0.90   0.95   0.83   0.04   0.78   0.35   0.64   0.52   0.98   0.96   0.96   
5.00   5.00   5.00   5.00   5.00   5.00   5.00   5.00   5.00   5.00   5.00   5.00   5.00   5.00   5.00   5.00   5.00   5.00   5.00   5.00   5.00   5.00   5.00   5.00   5.00   5.00   5.00   5.00   5.00   5.00   5.00   5.00   5.00   5.00   5.00   5.00   5.00   5.00   5.00   5.00   5.00   5.00   5.00   5.00   5.00   5.00   5.00   5.00   5.00   5.00   5.00   5.00   5.00   5.00   5.00   5.00   5.00   5.00   5.00   5.00   5.00   5.00   5.00   5.00   5.00   5.00   5.00   5.00   5.00   5.00   5.00   5.00   5.00   5.00   5.00   5.00   5.00   5.00   
0.01   0.15   0.04   0.08   0.33   0.11   0.03   0.08   0.04   0.03   0.10   0.83   0.03   0.08   0.03   0.45   0.19   0.08   0.04   0.08   0.55   0.39   0.08   0.33   0.60   0.06   0.94   0.01   0.01   0.01   0.01   0.01   0.84   0.01   0.64   0.96   0.99   0.01   0.01   0.03   0.95   0.98   0.99   0.96   0.05   0.19   0.01   0.03   1.00   0.01   0.97   0.94   0.29   0.08   0.90   0.40   0.29   0.03   0.88   0.99   0.96   0.87   0.91   0.93   0.83   0.78   0.75   0.87   0.96   0.86   0.03   0.74   0.33   0.60   0.47   0.98   0.97   0.94   
5.00   5.00   5.00   5.00   5.00   5.00   5.00   5.00   5.00   5.00   5.00   5.00   5.00   5.00   5.00   5.00   5.00   5.00   5.00   5.00   5.00   5.00   5.00   5.00   5.00   5.00   5.00   5.00   5.00   5.00   5.00   5.00   5.00   5.00   5.00   5.00   5.00   5.00   5.00   5.00   5.00   5.00   5.00   5.00   5.00   5.00   5.00   5.00   5.00   5.00   5.00   5.00   5.00   5.00   5.00   5.00   5.00   5.00   5.00   5.00   5.00   5.00   5.00   5.00   5.00   5.00   5.00   5.00   5.00   5.00   5.00   5.00   5.00   5.00   5.00   5.00   5.00   5.00   
0.01   0.17   0.05   0.07   0.35   0.10   0.03   0.07   0.03   0.03   0.10   0.84   0.05   0.07   0.03   0.43   0.18   0.08   0.03   0.07   0.57   0.37   0.07   0.31   0.62   0.09   0.94   0.01   0.01   0.01   0.01   0.01   0.83   0.01   0.63   0.95   0.99   0.02   0.02   0.05   0.95   0.98   0.99   0.96   0.06   0.21   0.01   0.03   1.00   0.01   0.97   0.93   0.32   0.07   0.89   0.38   0.31   0.05   0.86   0.99   0.97   0.87   0.90   0.93   0.84   0.78   0.76   0.88   0.96   0.87   0.05   0.74   0.31   0.58   0.46   0.98   0.96   0.93   
5.00   5.00   5.00   5.00   5.00   5.00   5.00   5.00   5.00   5.00   5.00   5.00   5.00   5.00   5.00   5.00   5.00   5.00   5.00   5.00   5.00   5.00   5.00   5.00   5.00   5.00   5.00   5.00   5.00   5.00   5.00   5.00   5.00   5.00   5.00   5.00   5.00   5.00   5.00   5.00   5.00   5.00   5.00   5.00   5.00   5.00   5.00   5.00   5.00   5.00   5.00   5.00   5.00   5.00   5.00   5.00   5.00   5.00   5.00   5.00   5.00   5.00   5.00   5.00   5.00   5.00   5.00   5.00   5.00   5.00   5.00   5.00   5.00   5.00   5.00   5.00   5.00   5.00   
0.01   0.16   0.05   0.07   0.44   0.09   0.03   0.07   0.03   0.03   0.09   0.80   0.05   0.07   0.03   0.40   0.17   0.07   0.03   0.07   0.53   0.33   0.07   0.28   0.57   0.08   0.95   0.01   0.01   0.01   0.01   0.01   0.79   0.01   0.67   0.93   0.98   0.02   0.02   0.05   0.96   0.98   0.99   0.94   0.06   0.19   0.01   0.03   1.00   0.01   0.97   0.94   0.41   0.17   0.86   0.35   0.28   0.05   0.88   0.99   0.97   0.83   0.92   0.94   0.86   0.75   0.72   0.84   0.96   0.88   0.05   0.79   0.29   0.53   0.42   0.99   0.96   0.94   
5.00   5.00   5.00   5.00   5.00   5.00   5.00   5.00   5.00   5.00   5.00   5.00   5.00   5.00   5.00   5.00   5.00   5.00   5.00   5.00   5.00   5.00   5.00   5.00   5.00   5.00   5.00   5.00   5.00   5.00   5.00   5.00   5.00   5.00   5.00   5.00   5.00   5.00   5.00   5.00   5.00   5.00   5.00   5.00   5.00   5.00   5.00   5.00   5.00   5.00   5.00   5.00   5.00   5.00   5.00   5.00   5.00   5.00   5.00   5.00   5.00   5.00   5.00   5.00   5.00   5.00   5.00   5.00   5.00   5.00   5.00   5.00   5.00   5.00   5.00   5.00   5.00   5.00   
0.01   0.17   0.05   0.08   0.46   0.10   0.03   0.08   0.03   0.03   0.10   0.82   0.05   0.08   0.03   0.43   0.18   0.08   0.03   0.05   0.55   0.36   0.08   0.30   0.60   0.09   0.94   0.01   0.01   0.01   0.01   0.01   0.80   0.01   0.69   0.94   0.98   0.01   0.02   0.05   0.96   0.98   0.99   0.94   0.04   0.21   0.01   0.03   1.00   0.01   0.98   0.94   0.39   0.18   0.87   0.37   0.30   0.05   0.89   0.99   0.97   0.85   0.92   0.94   0.87   0.76   0.74   0.85   0.97   0.89   0.05   0.80   0.31   0.56   0.45   0.99   0.97   0.95   
5.00   5.00   5.00   5.00   5.00   5.00   5.00   5.00   5.00   5.00   5.00   5.00   5.00   5.00   5.00   5.00   5.00   5.00   5.00   5.00   5.00   5.00   5.00   5.00   5.00   5.00   5.00   5.00   5.00   5.00   5.00   5.00   5.00   5.00   5.00   5.00   5.00   5.00   5.00   5.00   5.00   5.00   5.00   5.00   5.00   5.00   5.00   5.00   5.00   5.00   5.00   5.00   5.00   5.00   5.00   5.00   5.00   5.00   5.00   5.00   5.00   5.00   5.00   5.00   5.00   5.00   5.00   5.00   5.00   5.00   5.00   5.00   5.00   5.00   5.00   5.00   5.00   5.00   
0.01   0.17   0.06   0.07   0.45   0.10   0.03   0.07   0.03   0.03   0.10   0.82   0.05   0.07   0.03   0.42   0.18   0.08   0.03   0.05   0.55   0.35   0.07   0.30   0.59   0.09   0.94   0.01   0.01   0.01   0.01   0.01   0.80   0.01   0.69   0.94   0.98   0.01   0.02   0.05   0.96   0.98   0.99   0.94   0.04   0.21   0.01   0.03   1.00   0.01   0.98   0.94   0.39   0.18   0.87   0.37   0.30   0.05   0.88   0.99   0.97   0.84   0.92   0.94   0.87   0.76   0.74   0.85   0.97   0.89   0.05   0.80   0.31   0.55   0.44   0.99   0.97   0.95   
5.00   5.00   5.00   5.00   5.00   5.00   5.00   5.00   5.00   5.00   5.00   5.00   5.00   5.00   5.00   5.00   5.00   5.00   5.00   5.00   5.00   5.00   5.00   5.00   5.00   5.00   5.00   5.00   5.00   5.00   5.00   5.00   5.00   5.00   5.00   5.00   5.00   5.00   5.00   5.00   5.00   5.00   5.00   5.00   5.00   5.00   5.00   5.00   5.00   5.00   5.00   5.00   5.00   5.00   5.00   5.00   5.00   5.00   5.00   5.00   5.00   5.00   5.00   5.00   5.00   5.00   5.00   5.00   5.00   5.00   5.00   5.00   5.00   5.00   5.00   5.00   5.00   5.00   
0.01   0.17   0.05   0.07   0.43   0.09   0.03   0.07   0.03   0.03   0.09   0.80   0.05   0.07   0.03   0.41   0.17   0.08   0.03   0.05   0.52   0.34   0.07   0.38   0.65   0.09   0.93   0.01   0.01   0.01   0.01   0.01   0.78   0.01   0.66   0.93   0.98   0.01   0.02   0.05   0.96   0.98   0.99   0.95   0.04   0.19   0.01   0.03   1.00   0.01   0.97   0.95   0.36   0.17   0.88   0.44   0.29   0.05   0.87   0.98   0.98   0.83   0.93   0.93   0.85   0.75   0.72   0.84   0.96   0.88   0.05   0.78   0.29   0.54   0.41   0.98   0.96   0.94   
5.00   5.00   5.00   5.00   5.00   5.00   5.00   5.00   5.00   5.00   5.00   5.00   5.00   5.00   5.00   5.00   5.00   5.00   5.00   5.00   5.00   5.00   5.00   5.00   5.00   5.00   5.00   5.00   5.00   5.00   5.00   5.00   5.00   5.00   5.00   5.00   5.00   5.00   5.00   5.00   5.00   5.00   5.00   5.00   5.00   5.00   5.00   5.00   5.00   5.00   5.00   5.00   5.00   5.00   5.00   5.00   5.00   5.00   5.00   5.00   5.00   5.00   5.00   5.00   5.00   5.00   5.00   5.00   5.00   5.00   5.00   5.00   5.00   5.00   5.00   5.00   5.00   5.00   
0.01   0.16   0.05   0.07   0.41   0.09   0.03   0.07   0.03   0.03   0.09   0.78   0.05   0.07   0.03   0.39   0.16   0.07   0.03   0.05   0.50   0.33   0.07   0.36   0.66   0.10   0.93   0.01   0.01   0.01   0.01   0.01   0.77   0.01   0.64   0.92   0.98   0.01   0.02   0.06   0.96   0.98   0.99   0.95   0.04   0.20   0.01   0.03   1.00   0.01   0.97   0.95   0.35   0.16   0.88   0.45   0.31   0.05   0.86   0.98   0.97   0.83   0.93   0.93   0.84   0.73   0.70   0.82   0.95   0.87   0.05   0.76   0.27   0.52   0.40   0.98   0.96   0.93   
5.00   5.00   5.00   5.00   5.00   5.00   5.00   5.00   5.00   5.00   5.00   5.00   5.00   5.00   5.00   5.00   5.00   5.00   5.00   5.00   5.00   5.00   5.00   5.00   5.00   5.00   5.00   5.00   5.00   5.00   5.00   5.00   5.00   5.00   5.00   5.00   5.00   5.00   5.00   5.00   5.00   5.00   5.00   5.00   5.00   5.00   5.00   5.00   5.00   5.00   5.00   5.00   5.00   5.00   5.00   5.00   5.00   5.00   5.00   5.00   5.00   5.00   5.00   5.00   5.00   5.00   5.00   5.00   5.00   5.00   5.00   5.00   5.00   5.00   5.00   5.00   5.00   5.00   
0.01   0.16   0.05   0.07   0.43   0.09   0.03   0.07   0.03   0.03   0.09   0.79   0.05   0.07   0.03   0.40   0.17   0.08   0.03   0.05   0.52   0.34   0.07   0.38   0.67   0.11   0.93   0.01   0.01   0.01   0.01   0.01   0.78   0.01   0.66   0.92   0.98   0.01   0.02   0.06   0.97   0.98   0.99   0.95   0.04   0.21   0.01   0.03   1.00   0.01   0.97   0.96   0.36   0.17   0.88   0.47   0.32   0.05   0.87   0.98   0.98   0.84   0.93   0.93   0.85   0.75   0.72   0.83   0.96   0.88   0.05   0.77   0.29   0.54   0.41   0.98   0.96   0.93   
5.00   5.00   5.00   5.00   5.00   5.00   5.00   5.00   5.00   5.00   5.00   5.00   5.00   5.00   5.00   5.00   5.00   5.00   5.00   5.00   5.00   5.00   5.00   5.00   5.00   5.00   5.00   5.00   5.00   5.00   5.00   5.00   5.00   5.00   5.00   5.00   5.00   5.00   5.00   5.00   5.00   5.00   5.00   5.00   5.00   5.00   5.00   5.00   5.00   5.00   5.00   5.00   5.00   5.00   5.00   5.00   5.00   5.00   5.00   5.00   5.00   5.00   5.00   5.00   5.00   5.00   5.00   5.00   5.00   5.00   5.00   5.00   5.00   5.00   5.00   5.00   5.00   5.00   
0.01   0.16   0.05   0.07   0.43   0.09   0.03   0.07   0.03   0.03   0.09   0.79   0.05   0.07   0.03   0.40   0.17   0.08   0.03   0.05   0.52   0.34   0.07   0.38   0.67   0.11   0.93   0.01   0.01   0.01   0.01   0.01   0.78   0.01   0.66   0.92   0.98   0.01   0.02   0.06   0.97   0.98   0.99   0.95   0.04   0.21   0.01   0.03   1.00   0.01   0.97   0.96   0.36   0.17   0.88   0.47   0.32   0.05   0.87   0.98   0.98   0.84   0.93   0.93   0.85   0.75   0.72   0.83   0.96   0.88   0.05   0.77   0.29   0.54   0.41   0.98   0.96   0.93   
