5.00   5.00   5.00   5.00   5.00   5.00   5.00   5.00   5.00   5.00   5.00   5.00   5.00   5.00   5.00   5.00   5.00   5.00   5.00   5.00   5.00   5.00   5.00   5.00   5.00   5.00   5.00   5.00   5.00   5.00   5.00   5.00   5.00   5.00   5.00   5.00   5.00   5.00   5.00   5.00   5.00   5.00   5.00   5.00   5.00   5.00   5.00   5.00   5.00   5.00   5.00   5.00   5.00   5.00   5.00   5.00   5.00   5.00   5.00   5.00   5.00   5.00   5.00   5.00   5.00   5.00   5.00   5.00   5.00   5.00   5.00   5.00   5.00   5.00   5.00   5.00   5.00   5.00   
0.04   0.04   0.04   0.04   0.82   0.04   0.04   0.04   0.04   0.04   0.04   0.04   0.04   0.04   0.04   0.04   0.04   0.04   0.04   0.04   0.34   0.82   0.82   0.04   0.04   0.04   0.04   0.04   0.04   0.82   0.34   0.04   0.04   0.04   0.34   0.82   0.34   0.04   0.04   0.04   0.04   0.04   0.82   0.04   0.82   0.82   0.04   0.34   0.04   0.34   0.82   0.04   0.04   0.98   0.04   0.82   0.82   0.82   0.04   0.04   0.04   0.04   0.04   0.04   0.04   0.82   0.04   0.04   0.04   0.04   0.34   0.04   0.04   0.04   0.04   0.82   0.04   0.04   
0.04   0.04   0.04   0.04   0.82   0.04   0.04   0.04   0.04   0.04   0.04   0.04   0.04   0.04   0.04   0.04   0.04   0.04   0.04   0.04   0.34   0.82   0.82   0.04   0.04   0.04   0.04   0.04   0.04   0.82   0.34   0.04   0.04   0.04   0.34   0.82   0.34   0.04   0.04   0.04   0.04   0.04   0.82   0.04   0.82   0.82   0.04   0.34   0.04   0.34   0.82   0.04   0.04   0.98   0.04   0.82   0.82   0.82   0.04   0.04   0.04   0.04   0.04   0.04   0.04   0.82   0.04   0.04   0.04   0.04   0.34   0.04   0.04   0.04   0.04   0.82   0.04   0.04   
0.18   0.02   0.07   0.18   0.06   0.93   0.44   0.30   0.88   0.13   0.33   0.51   0.72   0.03   0.64   0.10   0.74   0.68   0.01   0.48   0.26   0.04   0.92   0.11   0.05   0.37   0.22   0.81   0.28   0.09   0.93   0.99   0.76   0.01   0.97   0.90   0.94   0.36   0.06   0.42   0.03   0.01   0.97   0.46   0.96   0.15   0.49   0.93   0.17   0.97   0.03   0.01   0.10   0.56   0.23   0.94   0.89   0.99   0.44   0.67   0.66   0.93   0.82   0.86   0.05   0.78   0.99   0.53   0.86   1.00   0.81   0.84   0.20   0.82   0.89   0.80   0.96   0.94   
0.01   0.00   0.00   0.01   0.04   0.98   0.03   0.02   0.96   0.01   0.02   0.77   0.89   0.00   0.85   0.00   0.90   0.87   0.00   0.03   0.86   0.03   1.00   0.00   0.00   0.02   0.01   0.93   0.01   0.06   1.00   1.00   0.91   0.00   1.00   0.99   1.00   0.02   0.00   0.03   0.00   0.00   1.00   0.03   1.00   0.80   0.03   1.00   0.01   1.00   0.02   0.00   0.00   0.99   0.01   1.00   0.99   1.00   0.03   0.86   0.86   0.98   0.93   0.95   0.00   0.99   1.00   0.78   0.95   1.00   0.99   0.94   0.01   0.93   0.96   0.99   0.99   0.98   

5.00   5.00   5.00   5.00   5.00   5.00   5.00   5.00   5.00   5.00   5.00   5.00   5.00   5.00   5.00   5.00   5.00   5.00   5.00   5.00   5.00   5.00   5.00   5.00   5.00   5.00   5.00   5.00   5.00   5.00   5.00   5.00   5.00   5.00   5.00   5.00   5.00   5.00   5.00   5.00   5.00   5.00   5.00   5.00   5.00   5.00   5.00   5.00   5.00   5.00   5.00   5.00   5.00   5.00   5.00   5.00   5.00   5.00   5.00   5.00   5.00   5.00   5.00   5.00   5.00   5.00   5.00   5.00   5.00   5.00   5.00   5.00   5.00   5.00   5.00   5.00   5.00   5.00   
0.04   0.04   0.04   0.04   0.36   0.04   0.04   0.04   0.04   0.04   0.04   0.52   0.04   0.04   0.04   0.04   0.04   0.04   0.04   0.04   0.26   0.36   0.84   0.04   0.04   0.04   0.04   0.04   0.04   0.36   0.26   0.04   0.04   0.04   0.72   0.84   0.72   0.04   0.04   0.04   0.04   0.04   0.36   0.04   0.36   0.36   0.04   0.26   0.04   0.26   0.84   0.04   0.04   0.98   0.52   0.36   0.84   0.36   0.04   0.52   0.04   0.04   0.04   0.04   0.04   0.84   0.52   0.04   0.04   0.04   0.26   0.52   0.04   0.52   0.04   0.36   0.04   0.52   
0.04   0.04   0.04   0.04   0.36   0.04   0.04   0.04   0.04   0.04   0.04   0.52   0.04   0.04   0.04   0.04   0.04   0.04   0.04   0.04   0.26   0.36   0.84   0.04   0.04   0.04   0.04   0.04   0.04   0.36   0.26   0.04   0.04   0.04   0.72   0.84   0.72   0.04   0.04   0.04   0.04   0.04   0.36   0.04   0.36   0.36   0.04   0.26   0.04   0.26   0.84   0.04   0.04   0.98   0.52   0.36   0.84   0.36   0.04   0.52   0.04   0.04   0.04   0.04   0.04   0.84   0.52   0.04   0.04   0.04   0.26   0.52   0.04   0.52   0.04   0.36   0.04   0.52   
0.18   0.50   0.50   0.23   0.07   0.95   0.45   0.12   0.85   0.50   0.27   0.50   0.79   0.50   0.79   0.50   0.90   0.47   0.50   0.53   0.45   0.03   0.50   0.50   0.50   0.37   0.19   0.85   0.22   0.06   0.50   0.50   0.79   0.50   0.50   0.50   0.50   0.46   0.50   0.31   0.50   0.50   0.50   0.58   0.50   0.12   0.57   0.50   0.05   0.50   0.02   0.50   0.50   0.50   0.32   0.50   0.50   0.50   0.53   0.60   0.78   0.98   0.67   0.92   0.50   0.82   0.50   0.66   0.96   0.50   0.76   0.94   0.19   0.80   0.94   0.91   0.99   0.96   
0.01   0.04   0.04   0.01   0.03   0.92   0.03   0.01   0.78   0.04   0.01   0.82   0.70   0.04   0.71   0.04   0.85   0.03   0.04   0.04   0.56   0.01   0.92   0.04   0.04   0.02   0.01   0.78   0.01   0.02   0.90   0.04   0.71   0.04   0.90   0.92   0.90   0.03   0.04   0.02   0.04   0.04   0.92   0.05   0.92   0.05   0.05   0.90   0.00   0.90   0.06   0.04   0.04   0.99   0.36   0.92   0.92   0.92   0.04   0.87   0.69   0.96   0.07   0.88   0.04   0.99   0.04   0.07   0.94   0.04   0.83   0.99   0.01   0.95   0.91   0.94   0.98   0.99   

5.00   5.00   5.00   5.00   5.00   5.00   5.00   5.00   5.00   5.00   5.00   5.00   5.00   5.00   5.00   5.00   5.00   5.00   5.00   5.00   5.00   5.00   5.00   5.00   5.00   5.00   5.00   5.00   5.00   5.00   5.00   5.00   5.00   5.00   5.00   5.00   5.00   5.00   5.00   5.00   5.00   5.00   5.00   5.00   5.00   5.00   5.00   5.00   5.00   5.00   5.00   5.00   5.00   5.00   5.00   5.00   5.00   5.00   5.00   5.00   5.00   5.00   5.00   5.00   5.00   5.00   5.00   5.00   5.00   5.00   5.00   5.00   5.00   5.00   5.00   5.00   5.00   5.00   
0.03   0.03   0.14   0.03   0.35   0.03   0.03   0.03   0.03   0.03   0.03   0.43   0.03   0.03   0.03   0.14   0.03   0.03   0.03   0.03   0.22   0.35   0.88   0.03   0.03   0.03   0.14   0.03   0.03   0.35   0.22   0.03   0.03   0.03   0.61   0.77   0.61   0.03   0.03   0.03   0.03   0.03   0.35   0.03   0.35   0.47   0.03   0.22   0.14   0.22   0.77   0.03   0.14   0.94   0.43   0.35   0.77   0.35   0.03   0.43   0.03   0.03   0.03   0.03   0.03   0.77   0.43   0.03   0.03   0.03   0.22   0.43   0.14   0.43   0.03   0.47   0.03   0.43   
0.03   0.03   0.14   0.03   0.35   0.03   0.03   0.03   0.03   0.03   0.03   0.43   0.03   0.03   0.03   0.14   0.03   0.03   0.03   0.03   0.22   0.35   0.88   0.03   0.03   0.03   0.14   0.03   0.03   0.35   0.22   0.03   0.03   0.03   0.61   0.77   0.61   0.03   0.03   0.03   0.03   0.03   0.35   0.03   0.35   0.47   0.03   0.22   0.14   0.22   0.77   0.03   0.14   0.94   0.43   0.35   0.77   0.35   0.03   0.43   0.03   0.03   0.03   0.03   0.03   0.77   0.43   0.03   0.03   0.03   0.22   0.43   0.14   0.43   0.03   0.47   0.03   0.43   
0.16   0.50   0.50   0.19   0.06   0.94   0.40   0.50   0.81   0.50   0.29   0.37   0.80   0.50   0.83   0.50   0.92   0.37   0.50   0.46   0.41   0.03   0.50   0.50   0.50   0.35   0.20   0.87   0.15   0.05   0.50   0.50   0.81   0.50   0.50   0.50   0.50   0.44   0.50   0.32   0.50   0.50   0.50   0.60   0.50   0.08   0.51   0.50   0.50   0.50   0.02   0.50   0.50   0.50   0.29   0.50   0.50   0.50   0.52   0.49   0.74   0.98   0.42   0.92   0.50   0.77   0.50   0.68   0.97   0.50   0.71   0.94   0.16   0.79   0.94   0.90   0.99   0.96   
0.01   0.03   0.03   0.01   0.02   0.94   0.02   0.03   0.80   0.03   0.01   0.84   0.79   0.03   0.82   0.03   0.91   0.02   0.03   0.03   0.61   0.01   0.95   0.03   0.03   0.02   0.01   0.86   0.01   0.02   0.95   0.03   0.80   0.03   0.95   0.95   0.95   0.03   0.03   0.02   0.03   0.03   0.95   0.59   0.95   0.02   0.04   0.95   0.03   0.95   0.07   0.03   0.03   0.99   0.77   0.95   0.95   0.95   0.50   0.89   0.73   0.98   0.03   0.92   0.03   0.99   0.03   0.67   0.97   0.03   0.85   0.99   0.00   0.97   0.94   0.94   0.99   1.00   

5.00   5.00   5.00   5.00   5.00   5.00   5.00   5.00   5.00   5.00   5.00   5.00   5.00   5.00   5.00   5.00   5.00   5.00   5.00   5.00   5.00   5.00   5.00   5.00   5.00   5.00   5.00   5.00   5.00   5.00   5.00   5.00   5.00   5.00   5.00   5.00   5.00   5.00   5.00   5.00   5.00   5.00   5.00   5.00   5.00   5.00   5.00   5.00   5.00   5.00   5.00   5.00   5.00   5.00   5.00   5.00   5.00   5.00   5.00   5.00   5.00   5.00   5.00   5.00   5.00   5.00   5.00   5.00   5.00   5.00   5.00   5.00   5.00   5.00   5.00   5.00   5.00   5.00   
0.03   0.03   0.10   0.03   0.20   0.03   0.31   0.03   0.03   0.03   0.03   0.24   0.03   0.03   0.03   0.10   0.03   0.31   0.03   0.03   0.28   0.20   0.52   0.03   0.03   0.03   0.10   0.03   0.03   0.20   0.28   0.03   0.03   0.03   0.76   0.43   0.76   0.03   0.03   0.03   0.03   0.03   0.48   0.03   0.20   0.28   0.03   0.54   0.10   0.28   0.70   0.03   0.10   0.68   0.24   0.20   0.43   0.20   0.03   0.24   0.03   0.03   0.03   0.03   0.03   0.43   0.24   0.03   0.03   0.03   0.54   0.24   0.10   0.24   0.03   0.28   0.03   0.24   
0.03   0.03   0.10   0.03   0.20   0.03   0.31   0.03   0.03   0.03   0.03   0.24   0.03   0.03   0.03   0.10   0.03   0.31   0.03   0.03   0.28   0.20   0.52   0.03   0.03   0.03   0.10   0.03   0.03   0.20   0.28   0.03   0.03   0.03   0.76   0.43   0.76   0.03   0.03   0.03   0.03   0.03   0.48   0.03   0.20   0.28   0.03   0.54   0.10   0.28   0.70   0.03   0.10   0.68   0.24   0.20   0.43   0.20   0.03   0.24   0.03   0.03   0.03   0.03   0.03   0.43   0.24   0.03   0.03   0.03   0.54   0.24   0.10   0.24   0.03   0.28   0.03   0.24   
0.14   0.50   0.50   0.14   0.06   0.94   0.30   0.50   0.86   0.50   0.21   0.40   0.82   0.50   0.81   0.50   0.91   0.45   0.50   0.25   0.36   0.02   0.50   0.50   0.50   0.22   0.50   0.86   0.50   0.03   0.50   0.50   0.78   0.50   0.50   0.50   0.50   0.42   0.50   0.31   0.50   0.50   0.50   0.54   0.50   0.08   0.43   0.50   0.50   0.50   0.01   0.50   0.50   0.50   0.25   0.50   0.50   0.50   0.37   0.42   0.81   0.97   0.38   0.94   0.50   0.77   0.50   0.56   0.97   0.50   0.80   0.93   0.50   0.78   0.94   0.89   0.99   0.50   
0.00   0.03   0.03   0.00   0.02   0.85   0.11   0.03   0.70   0.03   0.01   0.58   0.63   0.03   0.62   0.03   0.80   0.20   0.03   0.01   0.12   0.01   0.92   0.03   0.03   0.01   0.09   0.70   0.03   0.01   0.89   0.03   0.57   0.03   0.89   0.92   0.89   0.02   0.03   0.01   0.03   0.03   0.92   0.03   0.92   0.03   0.02   0.89   0.03   0.89   0.03   0.03   0.03   0.99   0.21   0.92   0.92   0.92   0.01   0.60   0.61   0.94   0.02   0.86   0.03   0.94   0.03   0.03   0.93   0.03   0.87   0.97   0.09   0.88   0.85   0.91   0.98   0.76   

5.00   5.00   5.00   5.00   5.00   5.00   5.00   5.00   5.00   5.00   5.00   5.00   5.00   5.00   5.00   5.00   5.00   5.00   5.00   5.00   5.00   5.00   5.00   5.00   5.00   5.00   5.00   5.00   5.00   5.00   5.00   5.00   5.00   5.00   5.00   5.00   5.00   5.00   5.00   5.00   5.00   5.00   5.00   5.00   5.00   5.00   5.00   5.00   5.00   5.00   5.00   5.00   5.00   5.00   5.00   5.00   5.00   5.00   5.00   5.00   5.00   5.00   5.00   5.00   5.00   5.00   5.00   5.00   5.00   5.00   5.00   5.00   5.00   5.00   5.00   5.00   5.00   5.00   
0.03   0.03   0.06   0.03   0.16   0.03   0.21   0.03   0.03   0.03   0.03   0.23   0.03   0.03   0.03   0.06   0.03   0.21   0.03   0.03   0.21   0.16   0.43   0.03   0.03   0.03   0.06   0.23   0.03   0.16   0.43   0.03   0.03   0.03   0.61   0.63   0.84   0.03   0.03   0.03   0.03   0.03   0.35   0.03   0.16   0.20   0.03   0.62   0.06   0.21   0.82   0.03   0.06   0.82   0.23   0.39   0.63   0.16   0.03   0.23   0.23   0.03   0.03   0.23   0.03   0.63   0.23   0.03   0.03   0.03   0.39   0.46   0.06   0.46   0.23   0.20   0.23   0.23   
0.03   0.03   0.06   0.03   0.16   0.03   0.21   0.03   0.03   0.03   0.03   0.23   0.03   0.03   0.03   0.06   0.03   0.21   0.03   0.03   0.21   0.16   0.43   0.03   0.03   0.03   0.06   0.23   0.03   0.16   0.43   0.03   0.03   0.03   0.61   0.63   0.84   0.03   0.03   0.03   0.03   0.03   0.35   0.03   0.16   0.20   0.03   0.62   0.06   0.21   0.82   0.03   0.06   0.82   0.23   0.39   0.63   0.16   0.03   0.23   0.23   0.03   0.03   0.23   0.03   0.63   0.23   0.03   0.03   0.03   0.39   0.46   0.06   0.46   0.23   0.20   0.23   0.23   
0.50   0.50   0.50   0.50   0.06   0.93   0.08   0.50   0.88   0.50   0.50   0.43   0.77   0.50   0.71   0.50   0.90   0.43   0.50   0.18   0.36   0.50   0.50   0.50   0.50   0.25   0.50   0.80   0.50   0.04   0.50   0.50   0.62   0.50   0.50   0.50   0.50   0.43   0.50   0.13   0.50   0.50   0.50   0.39   0.50   0.09   0.31   0.50   0.50   0.50   0.03   0.50   0.50   0.50   0.15   0.50   0.50   0.50   0.37   0.41   0.85   0.98   0.49   0.94   0.50   0.72   0.50   0.65   0.98   0.50   0.86   0.94   0.50   0.76   0.96   0.91   0.99   0.50   
0.02   0.03   0.03   0.02   0.01   0.78   0.01   0.03   0.66   0.03   0.02   0.19   0.07   0.03   0.05   0.03   0.72   0.10   0.03   0.00   0.08   0.59   0.93   0.03   0.03   0.01   0.06   0.84   0.03   0.01   0.89   0.03   0.04   0.03   0.89   0.93   0.89   0.02   0.03   0.00   0.03   0.03   0.93   0.01   0.93   0.02   0.01   0.89   0.03   0.89   0.12   0.03   0.03   0.99   0.05   0.93   0.93   0.93   0.01   0.18   0.88   0.95   0.02   0.95   0.03   0.96   0.03   0.04   0.92   0.03   0.85   0.98   0.06   0.92   0.97   0.88   0.99   0.79   

5.00   5.00   5.00   5.00   5.00   5.00   5.00   5.00   5.00   5.00   5.00   5.00   5.00   5.00   5.00   5.00   5.00   5.00   5.00   5.00   5.00   5.00   5.00   5.00   5.00   5.00   5.00   5.00   5.00   5.00   5.00   5.00   5.00   5.00   5.00   5.00   5.00   5.00   5.00   5.00   5.00   5.00   5.00   5.00   5.00   5.00   5.00   5.00   5.00   5.00   5.00   5.00   5.00   5.00   5.00   5.00   5.00   5.00   5.00   5.00   5.00   5.00   5.00   5.00   5.00   5.00   5.00   5.00   5.00   5.00   5.00   5.00   5.00   5.00   5.00   5.00   5.00   5.00   
0.02   0.02   0.02   0.02   0.14   0.02   0.31   0.02   0.02   0.02   0.15   0.38   0.02   0.02   0.02   0.02   0.02   0.17   0.02   0.15   0.29   0.14   0.37   0.15   0.02   0.02   0.02   0.42   0.02   0.29   0.40   0.02   0.02   0.02   0.65   0.78   0.74   0.02   0.15   0.02   0.15   0.02   0.45   0.02   0.29   0.15   0.02   0.69   0.02   0.15   0.90   0.02   0.02   0.73   0.38   0.55   0.78   0.29   0.02   0.38   0.42   0.15   0.15   0.42   0.02   0.78   0.24   0.02   0.02   0.02   0.30   0.48   0.02   0.64   0.42   0.15   0.42   0.38   
0.02   0.02   0.02   0.02   0.14   0.02   0.31   0.02   0.02   0.02   0.15   0.38   0.02   0.02   0.02   0.02   0.02   0.17   0.02   0.15   0.29   0.14   0.37   0.15   0.02   0.02   0.02   0.42   0.02   0.29   0.40   0.02   0.02   0.02   0.65   0.78   0.74   0.02   0.15   0.02   0.15   0.02   0.45   0.02   0.29   0.15   0.02   0.69   0.02   0.15   0.90   0.02   0.02   0.73   0.38   0.55   0.78   0.29   0.02   0.38   0.42   0.15   0.15   0.42   0.02   0.78   0.24   0.02   0.02   0.02   0.30   0.48   0.02   0.64   0.42   0.15   0.42   0.38   
0.50   0.50   0.50   0.50   0.05   0.79   0.08   0.50   0.78   0.50   0.50   0.44   0.73   0.50   0.52   0.50   0.84   0.36   0.50   0.50   0.35   0.50   0.50   0.50   0.50   0.17   0.50   0.78   0.50   0.06   0.50   0.50   0.50   0.50   0.50   0.50   0.50   0.38   0.50   0.50   0.50   0.50   0.50   0.33   0.50   0.05   0.22   0.50   0.50   0.50   0.03   0.50   0.50   0.50   0.14   0.50   0.50   0.50   0.37   0.38   0.71   0.95   0.48   0.90   0.50   0.60   0.50   0.51   0.96   0.50   0.75   0.77   0.50   0.62   0.91   0.81   0.98   0.50   
0.02   0.03   0.03   0.02   0.01   0.07   0.03   0.03   0.07   0.03   0.02   0.34   0.05   0.03   0.02   0.03   0.10   0.05   0.03   0.02   0.16   0.60   0.94   0.03   0.03   0.00   0.05   0.86   0.03   0.02   0.91   0.03   0.02   0.03   0.91   0.94   0.91   0.01   0.03   0.02   0.03   0.03   0.94   0.01   0.94   0.01   0.01   0.91   0.03   0.91   0.16   0.03   0.03   0.99   0.08   0.94   0.94   0.94   0.01   0.25   0.81   0.91   0.15   0.94   0.03   0.94   0.03   0.02   0.84   0.03   0.64   0.86   0.05   0.89   0.95   0.67   0.99   0.81   

5.00   5.00   5.00   5.00   5.00   5.00   5.00   5.00   5.00   5.00   5.00   5.00   5.00   5.00   5.00   5.00   5.00   5.00   5.00   5.00   5.00   5.00   5.00   5.00   5.00   5.00   5.00   5.00   5.00   5.00   5.00   5.00   5.00   5.00   5.00   5.00   5.00   5.00   5.00   5.00   5.00   5.00   5.00   5.00   5.00   5.00   5.00   5.00   5.00   5.00   5.00   5.00   5.00   5.00   5.00   5.00   5.00   5.00   5.00   5.00   5.00   5.00   5.00   5.00   5.00   5.00   5.00   5.00   5.00   5.00   5.00   5.00   5.00   5.00   5.00   5.00   5.00   5.00   
0.02   0.02   0.03   0.02   0.10   0.02   0.25   0.02   0.02   0.02   0.12   0.31   0.02   0.02   0.13   0.03   0.02   0.14   0.02   0.12   0.40   0.10   0.30   0.12   0.02   0.02   0.03   0.50   0.02   0.22   0.50   0.02   0.02   0.02   0.70   0.64   0.79   0.02   0.12   0.02   0.12   0.02   0.50   0.02   0.22   0.25   0.02   0.61   0.03   0.14   0.76   0.02   0.15   0.63   0.45   0.61   0.79   0.22   0.02   0.45   0.50   0.12   0.25   0.50   0.02   0.79   0.19   0.02   0.13   0.02   0.40   0.41   0.15   0.69   0.35   0.12   0.50   0.45   
0.02   0.02   0.03   0.02   0.10   0.02   0.25   0.02   0.02   0.02   0.12   0.31   0.02   0.02   0.13   0.03   0.02   0.14   0.02   0.12   0.40   0.10   0.30   0.12   0.02   0.02   0.03   0.50   0.02   0.22   0.50   0.02   0.02   0.02   0.70   0.64   0.79   0.02   0.12   0.02   0.12   0.02   0.50   0.02   0.22   0.25   0.02   0.61   0.03   0.14   0.76   0.02   0.15   0.63   0.45   0.61   0.79   0.22   0.02   0.45   0.50   0.12   0.25   0.50   0.02   0.79   0.19   0.02   0.13   0.02   0.40   0.41   0.15   0.69   0.35   0.12   0.50   0.45   
0.50   0.50   0.50   0.50   0.04   0.83   0.05   0.50   0.74   0.50   0.50   0.39   0.67   0.50   0.41   0.50   0.77   0.36   0.50   0.50   0.22   0.50   0.50   0.50   0.50   0.50   0.50   0.79   0.50   0.02   0.50   0.50   0.47   0.50   0.50   0.50   0.50   0.26   0.50   0.50   0.50   0.50   0.50   0.24   0.50   0.03   0.50   0.50   0.50   0.50   0.01   0.50   0.50   0.50   0.09   0.50   0.50   0.50   0.27   0.29   0.64   0.97   0.47   0.89   0.50   0.61   0.50   0.39   0.97   0.50   0.74   0.86   0.50   0.55   0.94   0.82   0.99   0.50   
0.02   0.03   0.03   0.02   0.00   0.07   0.01   0.03   0.04   0.03   0.02   0.20   0.03   0.03   0.07   0.03   0.05   0.03   0.03   0.02   0.13   0.62   0.93   0.03   0.03   0.02   0.05   0.90   0.02   0.01   0.93   0.03   0.01   0.03   0.93   0.93   0.93   0.01   0.03   0.02   0.03   0.03   0.93   0.00   0.93   0.01   0.02   0.93   0.03   0.93   0.03   0.03   0.03   0.99   0.07   0.93   0.93   0.93   0.01   0.22   0.81   0.92   0.21   0.95   0.03   0.96   0.03   0.01   0.93   0.03   0.70   0.89   0.05   0.89   0.95   0.32   1.00   0.82   

5.00   5.00   5.00   5.00   5.00   5.00   5.00   5.00   5.00   5.00   5.00   5.00   5.00   5.00   5.00   5.00   5.00   5.00   5.00   5.00   5.00   5.00   5.00   5.00   5.00   5.00   5.00   5.00   5.00   5.00   5.00   5.00   5.00   5.00   5.00   5.00   5.00   5.00   5.00   5.00   5.00   5.00   5.00   5.00   5.00   5.00   5.00   5.00   5.00   5.00   5.00   5.00   5.00   5.00   5.00   5.00   5.00   5.00   5.00   5.00   5.00   5.00   5.00   5.00   5.00   5.00   5.00   5.00   5.00   5.00   5.00   5.00   5.00   5.00   5.00   5.00   5.00   5.00   
0.02   0.02   0.03   0.02   0.11   0.02   0.26   0.02   0.02   0.02   0.12   0.30   0.02   0.02   0.14   0.03   0.02   0.13   0.02   0.12   0.40   0.11   0.30   0.11   0.02   0.02   0.02   0.50   0.02   0.22   0.50   0.02   0.02   0.02   0.69   0.64   0.80   0.02   0.11   0.02   0.12   0.02   0.51   0.02   0.22   0.26   0.02   0.62   0.02   0.14   0.77   0.02   0.15   0.64   0.45   0.61   0.80   0.22   0.02   0.45   0.50   0.12   0.26   0.50   0.02   0.80   0.19   0.02   0.14   0.02   0.41   0.41   0.15   0.70   0.36   0.11   0.50   0.45   
0.02   0.02   0.03   0.02   0.11   0.02   0.26   0.02   0.02   0.02   0.12   0.30   0.02   0.02   0.14   0.03   0.02   0.13   0.02   0.12   0.40   0.11   0.30   0.11   0.02   0.02   0.02   0.50   0.02   0.22   0.50   0.02   0.02   0.02   0.69   0.64   0.80   0.02   0.11   0.02   0.12   0.02   0.51   0.02   0.22   0.26   0.02   0.62   0.02   0.14   0.77   0.02   0.15   0.64   0.45   0.61   0.80   0.22   0.02   0.45   0.50   0.12   0.26   0.50   0.02   0.80   0.19   0.02   0.14   0.02   0.41   0.41   0.15   0.70   0.36   0.11   0.50   0.45   
0.50   0.50   0.50   0.50   0.50   0.86   0.07   0.50   0.60   0.50   0.50   0.29   0.61   0.50   0.44   0.50   0.73   0.44   0.50   0.50   0.21   0.50   0.50   0.50   0.50   0.50   0.50   0.82   0.50   0.50   0.50   0.50   0.41   0.50   0.50   0.50   0.50   0.50   0.50   0.50   0.50   0.50   0.50   0.50   0.50   0.03   0.50   0.50   0.50   0.50   0.02   0.50   0.50   0.50   0.08   0.50   0.50   0.50   0.50   0.26   0.66   0.92   0.53   0.92   0.50   0.66   0.50   0.15   0.97   0.50   0.70   0.84   0.50   0.55   0.92   0.72   0.50   0.50   
0.02   0.03   0.03   0.02   0.08   0.52   0.02   0.03   0.04   0.03   0.02   0.13   0.02   0.03   0.11   0.03   0.06   0.03   0.03   0.02   0.16   0.68   0.94   0.03   0.03   0.02   0.04   0.94   0.03   0.24   0.93   0.03   0.02   0.03   0.93   0.94   0.93   0.02   0.03   0.02   0.03   0.03   0.94   0.02   0.94   0.01   0.02   0.93   0.03   0.93   0.06   0.03   0.03   0.99   0.07   0.94   0.94   0.94   0.02   0.24   0.86   0.85   0.53   0.97   0.03   0.97   0.03   0.00   0.94   0.03   0.68   0.87   0.04   0.91   0.95   0.17   0.76   0.85   

5.00   5.00   5.00   5.00   5.00   5.00   5.00   5.00   5.00   5.00   5.00   5.00   5.00   5.00   5.00   5.00   5.00   5.00   5.00   5.00   5.00   5.00   5.00   5.00   5.00   5.00   5.00   5.00   5.00   5.00   5.00   5.00   5.00   5.00   5.00   5.00   5.00   5.00   5.00   5.00   5.00   5.00   5.00   5.00   5.00   5.00   5.00   5.00   5.00   5.00   5.00   5.00   5.00   5.00   5.00   5.00   5.00   5.00   5.00   5.00   5.00   5.00   5.00   5.00   5.00   5.00   5.00   5.00   5.00   5.00   5.00   5.00   5.00   5.00   5.00   5.00   5.00   5.00   
0.02   0.02   0.03   0.02   0.10   0.02   0.24   0.02   0.02   0.02   0.13   0.29   0.02   0.02   0.13   0.03   0.02   0.13   0.03   0.11   0.39   0.10   0.29   0.10   0.02   0.02   0.03   0.48   0.02   0.21   0.49   0.02   0.02   0.03   0.68   0.62   0.78   0.02   0.10   0.02   0.11   0.02   0.49   0.03   0.21   0.28   0.02   0.60   0.04   0.16   0.74   0.02   0.17   0.62   0.43   0.62   0.77   0.21   0.02   0.43   0.48   0.11   0.27   0.48   0.02   0.77   0.18   0.02   0.13   0.02   0.40   0.39   0.15   0.67   0.34   0.14   0.48   0.43   
0.02   0.02   0.03   0.02   0.10   0.02   0.24   0.02   0.02   0.02   0.13   0.29   0.02   0.02   0.13   0.03   0.02   0.13   0.03   0.11   0.39   0.10   0.29   0.10   0.02   0.02   0.03   0.48   0.02   0.21   0.49   0.02   0.02   0.03   0.68   0.62   0.78   0.02   0.10   0.02   0.11   0.02   0.49   0.03   0.21   0.28   0.02   0.60   0.04   0.16   0.74   0.02   0.17   0.62   0.43   0.62   0.77   0.21   0.02   0.43   0.48   0.11   0.27   0.48   0.02   0.77   0.18   0.02   0.13   0.02   0.40   0.39   0.15   0.67   0.34   0.14   0.48   0.43   
0.50   0.50   0.50   0.50   0.50   0.92   0.09   0.50   0.72   0.50   0.50   0.44   0.64   0.50   0.53   0.50   0.69   0.51   0.50   0.50   0.27   0.50   0.50   0.50   0.50   0.50   0.50   0.91   0.50   0.50   0.50   0.50   0.45   0.50   0.50   0.50   0.50   0.50   0.50   0.50   0.50   0.50   0.50   0.50   0.50   0.03   0.50   0.50   0.50   0.50   0.02   0.50   0.50   0.50   0.09   0.50   0.50   0.50   0.50   0.21   0.68   0.95   0.62   0.94   0.50   0.67   0.50   0.50   0.99   0.50   0.74   0.88   0.50   0.61   0.95   0.73   0.50   0.50   
0.02   0.03   0.03   0.02   0.08   0.68   0.03   0.03   0.06   0.03   0.02   0.23   0.02   0.03   0.16   0.03   0.05   0.04   0.03   0.02   0.21   0.68   0.94   0.03   0.03   0.02   0.04   0.97   0.03   0.24   0.93   0.03   0.02   0.03   0.93   0.94   0.93   0.02   0.03   0.02   0.03   0.03   0.94   0.02   0.94   0.01   0.02   0.93   0.03   0.93   0.05   0.03   0.03   0.99   0.08   0.94   0.94   0.94   0.02   0.19   0.88   0.90   0.62   0.98   0.03   0.97   0.03   0.02   0.97   0.03   0.73   0.90   0.04   0.93   0.97   0.17   0.76   0.85   

5.00   5.00   5.00   5.00   5.00   5.00   5.00   5.00   5.00   5.00   5.00   5.00   5.00   5.00   5.00   5.00   5.00   5.00   5.00   5.00   5.00   5.00   5.00   5.00   5.00   5.00   5.00   5.00   5.00   5.00   5.00   5.00   5.00   5.00   5.00   5.00   5.00   5.00   5.00   5.00   5.00   5.00   5.00   5.00   5.00   5.00   5.00   5.00   5.00   5.00   5.00   5.00   5.00   5.00   5.00   5.00   5.00   5.00   5.00   5.00   5.00   5.00   5.00   5.00   5.00   5.00   5.00   5.00   5.00   5.00   5.00   5.00   5.00   5.00   5.00   5.00   5.00   5.00   
0.02   0.02   0.03   0.02   0.10   0.02   0.25   0.02   0.02   0.02   0.13   0.28   0.02   0.02   0.14   0.03   0.02   0.13   0.03   0.11   0.39   0.10   0.29   0.10   0.01   0.01   0.03   0.48   0.02   0.20   0.49   0.02   0.02   0.03   0.68   0.62   0.79   0.02   0.10   0.02   0.10   0.02   0.50   0.03   0.21   0.28   0.02   0.59   0.04   0.17   0.74   0.02   0.18   0.62   0.43   0.62   0.77   0.21   0.02   0.43   0.48   0.11   0.28   0.48   0.02   0.78   0.18   0.02   0.14   0.02   0.40   0.39   0.15   0.67   0.33   0.14   0.48   0.43   
0.02   0.02   0.03   0.02   0.10   0.02   0.25   0.02   0.02   0.02   0.13   0.28   0.02   0.02   0.14   0.03   0.02   0.13   0.03   0.11   0.39   0.10   0.29   0.10   0.01   0.01   0.03   0.48   0.02   0.20   0.49   0.02   0.02   0.03   0.68   0.62   0.79   0.02   0.10   0.02   0.10   0.02   0.50   0.03   0.21   0.28   0.02   0.59   0.04   0.17   0.74   0.02   0.18   0.62   0.43   0.62   0.77   0.21   0.02   0.43   0.48   0.11   0.28   0.48   0.02   0.78   0.18   0.02   0.14   0.02   0.40   0.39   0.15   0.67   0.33   0.14   0.48   0.43   
0.50   0.50   0.50   0.50   0.50   0.91   0.10   0.50   0.72   0.50   0.50   0.45   0.64   0.50   0.54   0.50   0.69   0.52   0.50   0.50   0.28   0.50   0.50   0.50   0.50   0.50   0.50   0.90   0.50   0.50   0.50   0.50   0.46   0.50   0.50   0.50   0.50   0.50   0.50   0.50   0.50   0.50   0.50   0.50   0.50   0.03   0.50   0.50   0.50   0.50   0.03   0.50   0.50   0.50   0.11   0.50   0.50   0.50   0.50   0.23   0.68   0.94   0.61   0.93   0.50   0.66   0.50   0.50   0.98   0.50   0.74   0.87   0.50   0.61   0.94   0.72   0.50   0.50   
0.02   0.03   0.03   0.02   0.08   0.63   0.03   0.03   0.05   0.03   0.02   0.22   0.02   0.03   0.17   0.03   0.06   0.04   0.03   0.02   0.21   0.69   0.94   0.03   0.03   0.02   0.04   0.97   0.03   0.24   0.93   0.03   0.02   0.03   0.93   0.94   0.93   0.02   0.03   0.02   0.03   0.03   0.94   0.02   0.94   0.01   0.02   0.93   0.03   0.93   0.06   0.03   0.03   0.99   0.09   0.94   0.94   0.94   0.02   0.22   0.88   0.89   0.63   0.98   0.03   0.98   0.03   0.02   0.96   0.03   0.72   0.90   0.04   0.93   0.96   0.18   0.76   0.85   

5.00   5.00   5.00   5.00   5.00   5.00   5.00   5.00   5.00   5.00   5.00   5.00   5.00   5.00   5.00   5.00   5.00   5.00   5.00   5.00   5.00   5.00   5.00   5.00   5.00   5.00   5.00   5.00   5.00   5.00   5.00   5.00   5.00   5.00   5.00   5.00   5.00   5.00   5.00   5.00   5.00   5.00   5.00   5.00   5.00   5.00   5.00   5.00   5.00   5.00   5.00   5.00   5.00   5.00   5.00   5.00   5.00   5.00   5.00   5.00   5.00   5.00   5.00   5.00   5.00   5.00   5.00   5.00   5.00   5.00   5.00   5.00   5.00   5.00   5.00   5.00   5.00   5.00   
0.02   0.02   0.03   0.02   0.09   0.02   0.23   0.02   0.02   0.08   0.11   0.34   0.02   0.02   0.11   0.02   0.08   0.21   0.03   0.09   0.43   0.09   0.36   0.09   0.02   0.02   0.03   0.40   0.02   0.27   0.51   0.02   0.02   0.03   0.65   0.64   0.73   0.02   0.09   0.02   0.09   0.02   0.45   0.03   0.27   0.24   0.02   0.55   0.04   0.16   0.69   0.02   0.14   0.57   0.38   0.53   0.69   0.19   0.02   0.47   0.40   0.09   0.22   0.40   0.02   0.69   0.17   0.02   0.11   0.02   0.38   0.34   0.12   0.58   0.28   0.13   0.40   0.38   
0.02   0.02   0.03   0.02   0.09   0.02   0.23   0.02   0.02   0.08   0.11   0.34   0.02   0.02   0.11   0.02   0.08   0.21   0.03   0.09   0.43   0.09   0.36   0.09   0.02   0.02   0.03   0.40   0.02   0.27   0.51   0.02   0.02   0.03   0.65   0.64   0.73   0.02   0.09   0.02   0.09   0.02   0.45   0.03   0.27   0.24   0.02   0.55   0.04   0.16   0.69   0.02   0.14   0.57   0.38   0.53   0.69   0.19   0.02   0.47   0.40   0.09   0.22   0.40   0.02   0.69   0.17   0.02   0.11   0.02   0.38   0.34   0.12   0.58   0.28   0.13   0.40   0.38   
0.50   0.50   0.50   0.50   0.50   0.92   0.07   0.50   0.70   0.50   0.50   0.40   0.61   0.50   0.50   0.50   0.67   0.47   0.50   0.50   0.23   0.50   0.50   0.50   0.50   0.50   0.50   0.90   0.50   0.50   0.50   0.50   0.41   0.50   0.50   0.50   0.50   0.50   0.50   0.50   0.50   0.50   0.50   0.50   0.50   0.02   0.50   0.50   0.50   0.50   0.02   0.50   0.50   0.50   0.08   0.50   0.50   0.50   0.50   0.18   0.66   0.94   0.58   0.94   0.50   0.64   0.50   0.50   0.99   0.50   0.72   0.87   0.50   0.58   0.95   0.71   0.50   0.50   
0.05   0.79   0.79   0.05   0.06   0.76   0.03   0.04   0.17   0.79   0.05   0.27   0.04   0.79   0.20   0.79   0.14   0.08   0.79   0.04   0.24   0.65   0.93   0.79   0.79   0.04   0.02   0.98   0.06   0.26   0.97   0.79   0.05   0.79   0.97   0.93   0.97   0.03   0.79   0.04   0.79   0.79   0.93   0.03   0.93   0.00   0.04   0.97   0.04   0.97   0.05   0.79   0.79   0.99   0.10   0.93   0.93   0.93   0.03   0.23   0.90   0.93   0.43   0.99   0.79   0.97   0.79   0.05   0.98   0.79   0.76   0.92   0.02   0.95   0.98   0.04   0.81   0.92   

5.00   5.00   5.00   5.00   5.00   5.00   5.00   5.00   5.00   5.00   5.00   5.00   5.00   5.00   5.00   5.00   5.00   5.00   5.00   5.00   5.00   5.00   5.00   5.00   5.00   5.00   5.00   5.00   5.00   5.00   5.00   5.00   5.00   5.00   5.00   5.00   5.00   5.00   5.00   5.00   5.00   5.00   5.00   5.00   5.00   5.00   5.00   5.00   5.00   5.00   5.00   5.00   5.00   5.00   5.00   5.00   5.00   5.00   5.00   5.00   5.00   5.00   5.00   5.00   5.00   5.00   5.00   5.00   5.00   5.00   5.00   5.00   5.00   5.00   5.00   5.00   5.00   5.00   
0.01   0.01   0.02   0.01   0.18   0.06   0.19   0.01   0.01   0.12   0.19   0.43   0.01   0.01   0.09   0.01   0.05   0.14   0.02   0.18   0.37   0.18   0.43   0.17   0.01   0.01   0.02   0.52   0.01   0.36   0.57   0.01   0.01   0.08   0.68   0.75   0.76   0.01   0.17   0.01   0.17   0.01   0.52   0.02   0.37   0.32   0.01   0.60   0.09   0.20   0.77   0.01   0.12   0.65   0.48   0.64   0.79   0.30   0.07   0.56   0.52   0.18   0.32   0.52   0.07   0.80   0.27   0.07   0.18   0.07   0.39   0.46   0.19   0.70   0.39   0.20   0.52   0.49   
0.01   0.01   0.02   0.01   0.18   0.06   0.19   0.01   0.01   0.12   0.19   0.43   0.01   0.01   0.09   0.01   0.05   0.14   0.02   0.18   0.37   0.18   0.43   0.17   0.01   0.01   0.02   0.52   0.01   0.36   0.57   0.01   0.01   0.08   0.68   0.75   0.76   0.01   0.17   0.01   0.17   0.01   0.52   0.02   0.37   0.32   0.01   0.60   0.09   0.20   0.77   0.01   0.12   0.65   0.48   0.64   0.79   0.30   0.07   0.56   0.52   0.18   0.32   0.52   0.07   0.80   0.27   0.07   0.18   0.07   0.39   0.46   0.19   0.70   0.39   0.20   0.52   0.49   
0.50   0.50   0.50   0.50   0.50   0.91   0.10   0.50   0.76   0.50   0.50   0.42   0.62   0.50   0.54   0.50   0.72   0.52   0.50   0.50   0.25   0.50   0.50   0.50   0.50   0.50   0.50   0.89   0.50   0.50   0.50   0.50   0.50   0.50   0.50   0.50   0.50   0.50   0.50   0.50   0.50   0.50   0.50   0.50   0.50   0.50   0.50   0.50   0.50   0.50   0.04   0.50   0.50   0.50   0.09   0.50   0.50   0.50   0.50   0.25   0.70   0.93   0.60   0.94   0.50   0.71   0.50   0.50   0.99   0.50   0.74   0.87   0.50   0.58   0.93   0.73   0.50   0.50   
0.04   0.79   0.79   0.04   0.08   0.86   0.04   0.04   0.16   0.79   0.04   0.55   0.04   0.79   0.19   0.79   0.12   0.04   0.79   0.04   0.17   0.74   0.95   0.79   0.79   0.03   0.02   0.99   0.05   0.30   0.96   0.79   0.05   0.79   0.96   0.95   0.96   0.03   0.79   0.04   0.79   0.79   0.95   0.03   0.95   0.23   0.03   0.96   0.04   0.96   0.14   0.79   0.79   0.99   0.18   0.95   0.95   0.95   0.03   0.63   0.95   0.95   0.78   0.99   0.79   0.99   0.79   0.05   0.99   0.79   0.83   0.94   0.02   0.97   0.97   0.34   0.86   0.93   

5.00   5.00   5.00   5.00   5.00   5.00   5.00   5.00   5.00   5.00   5.00   5.00   5.00   5.00   5.00   5.00   5.00   5.00   5.00   5.00   5.00   5.00   5.00   5.00   5.00   5.00   5.00   5.00   5.00   5.00   5.00   5.00   5.00   5.00   5.00   5.00   5.00   5.00   5.00   5.00   5.00   5.00   5.00   5.00   5.00   5.00   5.00   5.00   5.00   5.00   5.00   5.00   5.00   5.00   5.00   5.00   5.00   5.00   5.00   5.00   5.00   5.00   5.00   5.00   5.00   5.00   5.00   5.00   5.00   5.00   5.00   5.00   5.00   5.00   5.00   5.00   5.00   5.00   
0.01   0.01   0.02   0.01   0.16   0.05   0.15   0.01   0.01   0.11   0.15   0.47   0.06   0.01   0.08   0.01   0.12   0.13   0.01   0.14   0.42   0.16   0.49   0.13   0.01   0.01   0.02   0.44   0.01   0.42   0.61   0.01   0.01   0.07   0.70   0.77   0.69   0.01   0.13   0.06   0.13   0.01   0.56   0.02   0.43   0.39   0.01   0.62   0.16   0.18   0.69   0.01   0.18   0.69   0.41   0.67   0.80   0.35   0.05   0.49   0.44   0.14   0.26   0.44   0.06   0.72   0.22   0.13   0.14   0.13   0.44   0.49   0.16   0.71   0.42   0.28   0.54   0.52   
0.01   0.01   0.02   0.01   0.16   0.05   0.15   0.01   0.01   0.11   0.15   0.47   0.06   0.01   0.08   0.01   0.12   0.13   0.01   0.14   0.42   0.16   0.49   0.13   0.01   0.01   0.02   0.44   0.01   0.42   0.61   0.01   0.01   0.07   0.70   0.77   0.69   0.01   0.13   0.06   0.13   0.01   0.56   0.02   0.43   0.39   0.01   0.62   0.16   0.18   0.69   0.01   0.18   0.69   0.41   0.67   0.80   0.35   0.05   0.49   0.44   0.14   0.26   0.44   0.06   0.72   0.22   0.13   0.14   0.13   0.44   0.49   0.16   0.71   0.42   0.28   0.54   0.52   
0.50   0.50   0.50   0.50   0.50   0.90   0.07   0.50   0.72   0.50   0.50   0.35   0.56   0.50   0.47   0.50   0.67   0.45   0.50   0.50   0.19   0.50   0.50   0.50   0.50   0.50   0.50   0.87   0.50   0.50   0.50   0.50   0.43   0.50   0.50   0.50   0.50   0.50   0.50   0.50   0.50   0.50   0.50   0.50   0.50   0.50   0.50   0.50   0.50   0.50   0.02   0.50   0.50   0.50   0.06   0.50   0.50   0.50   0.50   0.19   0.65   0.92   0.54   0.93   0.50   0.65   0.50   0.50   0.98   0.50   0.70   0.85   0.50   0.51   0.91   0.67   0.50   0.50   
0.04   0.78   0.78   0.04   0.07   0.80   0.02   0.04   0.09   0.78   0.04   0.27   0.03   0.78   0.12   0.78   0.08   0.03   0.78   0.04   0.11   0.69   0.95   0.78   0.78   0.03   0.03   0.98   0.05   0.26   0.96   0.78   0.03   0.78   0.96   0.95   0.96   0.03   0.78   0.04   0.78   0.78   0.95   0.03   0.95   0.21   0.03   0.96   0.04   0.96   0.09   0.78   0.78   0.99   0.10   0.95   0.95   0.95   0.03   0.27   0.92   0.92   0.49   0.99   0.78   0.98   0.78   0.04   0.98   0.78   0.77   0.93   0.03   0.95   0.97   0.27   0.82   0.92   

5.00   5.00   5.00   5.00   5.00   5.00   5.00   5.00   5.00   5.00   5.00   5.00   5.00   5.00   5.00   5.00   5.00   5.00   5.00   5.00   5.00   5.00   5.00   5.00   5.00   5.00   5.00   5.00   5.00   5.00   5.00   5.00   5.00   5.00   5.00   5.00   5.00   5.00   5.00   5.00   5.00   5.00   5.00   5.00   5.00   5.00   5.00   5.00   5.00   5.00   5.00   5.00   5.00   5.00   5.00   5.00   5.00   5.00   5.00   5.00   5.00   5.00   5.00   5.00   5.00   5.00   5.00   5.00   5.00   5.00   5.00   5.00   5.00   5.00   5.00   5.00   5.00   5.00   
0.01   0.01   0.02   0.01   0.14   0.05   0.12   0.01   0.01   0.09   0.13   0.42   0.17   0.01   0.08   0.01   0.10   0.07   0.01   0.14   0.51   0.14   0.57   0.12   0.01   0.01   0.01   0.59   0.01   0.36   0.72   0.10   0.01   0.06   0.78   0.84   0.77   0.01   0.12   0.05   0.12   0.01   0.65   0.02   0.53   0.34   0.01   0.71   0.14   0.29   0.60   0.01   0.16   0.77   0.53   0.78   0.88   0.47   0.17   0.60   0.59   0.27   0.40   0.59   0.06   0.81   0.34   0.26   0.28   0.26   0.38   0.62   0.15   0.82   0.55   0.38   0.68   0.65   
0.01   0.01   0.02   0.01   0.14   0.05   0.12   0.01   0.01   0.09   0.13   0.42   0.17   0.01   0.08   0.01   0.10   0.07   0.01   0.14   0.51   0.14   0.57   0.12   0.01   0.01   0.01   0.59   0.01   0.36   0.72   0.10   0.01   0.06   0.78   0.84   0.77   0.01   0.12   0.05   0.12   0.01   0.65   0.02   0.53   0.34   0.01   0.71   0.14   0.29   0.60   0.01   0.16   0.77   0.53   0.78   0.88   0.47   0.17   0.60   0.59   0.27   0.40   0.59   0.06   0.81   0.34   0.26   0.28   0.26   0.38   0.62   0.15   0.82   0.55   0.38   0.68   0.65   
0.50   0.50   0.50   0.50   0.50   0.92   0.09   0.50   0.76   0.50   0.50   0.41   0.61   0.50   0.53   0.50   0.72   0.51   0.50   0.50   0.23   0.50   0.50   0.50   0.50   0.50   0.50   0.90   0.50   0.50   0.50   0.50   0.48   0.50   0.50   0.50   0.50   0.50   0.50   0.50   0.50   0.50   0.50   0.50   0.50   0.50   0.50   0.50   0.50   0.50   0.03   0.50   0.50   0.50   0.08   0.50   0.50   0.50   0.50   0.23   0.70   0.93   0.60   0.94   0.50   0.70   0.50   0.50   0.99   0.50   0.74   0.88   0.50   0.57   0.93   0.72   0.50   0.50   
0.03   0.03   0.03   0.03   0.10   0.81   0.02   0.03   0.08   0.03   0.03   0.26   0.18   0.03   0.15   0.03   0.09   0.02   0.03   0.03   0.19   0.80   0.95   0.03   0.03   0.03   0.02   0.99   0.03   0.57   0.94   0.03   0.03   0.03   0.94   0.95   0.94   0.02   0.03   0.03   0.03   0.03   0.95   0.02   0.95   0.31   0.03   0.94   0.03   0.94   0.06   0.03   0.03   0.99   0.15   0.95   0.95   0.95   0.02   0.59   0.95   0.96   0.82   0.99   0.03   0.99   0.03   0.04   0.99   0.03   0.75   0.95   0.02   0.97   0.98   0.72   0.85   0.89   

5.00   5.00   5.00   5.00   5.00   5.00   5.00   5.00   5.00   5.00   5.00   5.00   5.00   5.00   5.00   5.00   5.00   5.00   5.00   5.00   5.00   5.00   5.00   5.00   5.00   5.00   5.00   5.00   5.00   5.00   5.00   5.00   5.00   5.00   5.00   5.00   5.00   5.00   5.00   5.00   5.00   5.00   5.00   5.00   5.00   5.00   5.00   5.00   5.00   5.00   5.00   5.00   5.00   5.00   5.00   5.00   5.00   5.00   5.00   5.00   5.00   5.00   5.00   5.00   5.00   5.00   5.00   5.00   5.00   5.00   5.00   5.00   5.00   5.00   5.00   5.00   5.00   5.00   
0.01   0.01   0.02   0.01   0.14   0.05   0.12   0.01   0.01   0.09   0.13   0.42   0.16   0.01   0.08   0.01   0.10   0.07   0.01   0.13   0.50   0.14   0.56   0.12   0.01   0.01   0.01   0.58   0.02   0.36   0.73   0.10   0.01   0.06   0.77   0.84   0.78   0.02   0.11   0.05   0.12   0.02   0.66   0.02   0.54   0.35   0.01   0.70   0.14   0.29   0.60   0.01   0.16   0.76   0.52   0.79   0.88   0.48   0.17   0.60   0.58   0.28   0.41   0.59   0.05   0.82   0.33   0.26   0.28   0.26   0.39   0.61   0.15   0.83   0.55   0.37   0.68   0.65   
0.01   0.01   0.02   0.01   0.14   0.05   0.12   0.01   0.01   0.09   0.13   0.42   0.16   0.01   0.08   0.01   0.10   0.07   0.01   0.13   0.50   0.14   0.56   0.12   0.01   0.01   0.01   0.58   0.02   0.36   0.73   0.10   0.01   0.06   0.77   0.84   0.78   0.02   0.11   0.05   0.12   0.02   0.66   0.02   0.54   0.35   0.01   0.70   0.14   0.29   0.60   0.01   0.16   0.76   0.52   0.79   0.88   0.48   0.17   0.60   0.58   0.28   0.41   0.59   0.05   0.82   0.33   0.26   0.28   0.26   0.39   0.61   0.15   0.83   0.55   0.37   0.68   0.65   
0.50   0.50   0.50   0.50   0.50   0.92   0.07   0.50   0.74   0.50   0.50   0.37   0.58   0.50   0.49   0.50   0.69   0.47   0.50   0.50   0.19   0.50   0.50   0.50   0.50   0.50   0.50   0.90   0.50   0.50   0.50   0.50   0.44   0.50   0.50   0.50   0.50   0.50   0.50   0.50   0.50   0.50   0.50   0.50   0.50   0.50   0.50   0.50   0.50   0.50   0.02   0.50   0.50   0.50   0.06   0.50   0.50   0.50   0.50   0.19   0.68   0.93   0.56   0.94   0.50   0.68   0.50   0.50   0.99   0.50   0.72   0.87   0.50   0.54   0.93   0.70   0.50   0.50   
0.03   0.03   0.03   0.03   0.10   0.77   0.01   0.03   0.07   0.03   0.03   0.24   0.13   0.03   0.16   0.03   0.06   0.01   0.03   0.03   0.14   0.79   0.95   0.03   0.03   0.03   0.02   0.98   0.03   0.54   0.94   0.03   0.04   0.03   0.94   0.95   0.94   0.02   0.03   0.03   0.03   0.03   0.95   0.02   0.95   0.31   0.03   0.94   0.03   0.94   0.04   0.03   0.03   0.99   0.10   0.95   0.95   0.95   0.02   0.29   0.93   0.96   0.80   0.99   0.03   0.99   0.03   0.04   0.99   0.03   0.75   0.94   0.02   0.96   0.97   0.48   0.83   0.88   

5.00   5.00   5.00   5.00   5.00   5.00   5.00   5.00   5.00   5.00   5.00   5.00   5.00   5.00   5.00   5.00   5.00   5.00   5.00   5.00   5.00   5.00   5.00   5.00   5.00   5.00   5.00   5.00   5.00   5.00   5.00   5.00   5.00   5.00   5.00   5.00   5.00   5.00   5.00   5.00   5.00   5.00   5.00   5.00   5.00   5.00   5.00   5.00   5.00   5.00   5.00   5.00   5.00   5.00   5.00   5.00   5.00   5.00   5.00   5.00   5.00   5.00   5.00   5.00   5.00   5.00   5.00   5.00   5.00   5.00   5.00   5.00   5.00   5.00   5.00   5.00   5.00   5.00   
0.01   0.01   0.02   0.01   0.12   0.04   0.10   0.01   0.01   0.08   0.11   0.36   0.17   0.01   0.08   0.01   0.09   0.06   0.01   0.11   0.47   0.12   0.61   0.10   0.01   0.01   0.01   0.52   0.02   0.30   0.77   0.20   0.01   0.06   0.80   0.76   0.82   0.02   0.09   0.05   0.10   0.02   0.60   0.02   0.60   0.31   0.01   0.64   0.13   0.40   0.52   0.01   0.15   0.71   0.46   0.81   0.80   0.54   0.17   0.54   0.52   0.37   0.37   0.53   0.05   0.74   0.42   0.25   0.37   0.36   0.35   0.67   0.13   0.85   0.49   0.34   0.72   0.59   
0.01   0.01   0.02   0.01   0.12   0.04   0.10   0.01   0.01   0.08   0.11   0.36   0.17   0.01   0.08   0.01   0.09   0.06   0.01   0.11   0.47   0.12   0.61   0.10   0.01   0.01   0.01   0.52   0.02   0.30   0.77   0.20   0.01   0.06   0.80   0.76   0.82   0.02   0.09   0.05   0.10   0.02   0.60   0.02   0.60   0.31   0.01   0.64   0.13   0.40   0.52   0.01   0.15   0.71   0.46   0.81   0.80   0.54   0.17   0.54   0.52   0.37   0.37   0.53   0.05   0.74   0.42   0.25   0.37   0.36   0.35   0.67   0.13   0.85   0.49   0.34   0.72   0.59   
0.50   0.50   0.50   0.50   0.50   0.91   0.08   0.50   0.74   0.50   0.50   0.38   0.58   0.50   0.49   0.50   0.69   0.47   0.50   0.50   0.21   0.50   0.50   0.50   0.50   0.50   0.50   0.88   0.50   0.50   0.50   0.50   0.45   0.50   0.50   0.50   0.50   0.50   0.50   0.50   0.50   0.50   0.50   0.50   0.50   0.50   0.50   0.50   0.50   0.50   0.03   0.50   0.50   0.50   0.07   0.50   0.50   0.50   0.50   0.21   0.67   0.92   0.56   0.93   0.50   0.67   0.50   0.50   0.99   0.50   0.72   0.86   0.50   0.54   0.92   0.69   0.50   0.50   
0.03   0.03   0.03   0.03   0.10   0.71   0.01   0.03   0.05   0.03   0.03   0.23   0.11   0.03   0.14   0.03   0.05   0.01   0.03   0.03   0.13   0.76   0.95   0.03   0.03   0.02   0.02   0.97   0.03   0.51   0.94   0.03   0.03   0.03   0.94   0.95   0.94   0.02   0.03   0.03   0.03   0.03   0.95   0.02   0.95   0.30   0.02   0.94   0.03   0.94   0.04   0.03   0.03   0.99   0.09   0.95   0.95   0.95   0.02   0.26   0.89   0.96   0.75   0.99   0.03   0.98   0.03   0.03   0.99   0.03   0.71   0.94   0.02   0.97   0.96   0.45   0.81   0.87   

5.00   5.00   5.00   5.00   5.00   5.00   5.00   5.00   5.00   5.00   5.00   5.00   5.00   5.00   5.00   5.00   5.00   5.00   5.00   5.00   5.00   5.00   5.00   5.00   5.00   5.00   5.00   5.00   5.00   5.00   5.00   5.00   5.00   5.00   5.00   5.00   5.00   5.00   5.00   5.00   5.00   5.00   5.00   5.00   5.00   5.00   5.00   5.00   5.00   5.00   5.00   5.00   5.00   5.00   5.00   5.00   5.00   5.00   5.00   5.00   5.00   5.00   5.00   5.00   5.00   5.00   5.00   5.00   5.00   5.00   5.00   5.00   5.00   5.00   5.00   5.00   5.00   5.00   
0.00   0.02   0.03   0.02   0.11   0.05   0.12   0.00   0.00   0.10   0.12   0.39   0.19   0.01   0.06   0.02   0.11   0.07   0.02   0.13   0.44   0.11   0.65   0.08   0.01   0.01   0.01   0.50   0.01   0.28   0.75   0.23   0.01   0.05   0.83   0.79   0.84   0.03   0.08   0.04   0.09   0.01   0.62   0.02   0.63   0.33   0.01   0.67   0.15   0.43   0.54   0.00   0.16   0.73   0.50   0.82   0.82   0.58   0.20   0.58   0.54   0.40   0.40   0.56   0.04   0.76   0.45   0.28   0.40   0.40   0.37   0.70   0.11   0.87   0.51   0.37   0.69   0.63   
0.00   0.02   0.03   0.02   0.11   0.05   0.12   0.00   0.00   0.10   0.12   0.39   0.19   0.01   0.06   0.02   0.11   0.07   0.02   0.13   0.44   0.11   0.65   0.08   0.01   0.01   0.01   0.50   0.01   0.28   0.75   0.23   0.01   0.05   0.83   0.79   0.84   0.03   0.08   0.04   0.09   0.01   0.62   0.02   0.63   0.33   0.01   0.67   0.15   0.43   0.54   0.00   0.16   0.73   0.50   0.82   0.82   0.58   0.20   0.58   0.54   0.40   0.40   0.56   0.04   0.76   0.45   0.28   0.40   0.40   0.37   0.70   0.11   0.87   0.51   0.37   0.69   0.63   
0.50   0.50   0.50   0.50   0.50   0.89   0.11   0.50   0.73   0.50   0.50   0.41   0.60   0.50   0.52   0.50   0.69   0.50   0.50   0.50   0.26   0.50   0.50   0.50   0.50   0.50   0.50   0.87   0.50   0.50   0.50   0.50   0.48   0.50   0.50   0.50   0.50   0.50   0.50   0.50   0.50   0.50   0.50   0.50   0.50   0.50   0.50   0.50   0.50   0.50   0.05   0.50   0.50   0.50   0.10   0.50   0.50   0.50   0.50   0.25   0.67   0.91   0.58   0.92   0.50   0.68   0.50   0.50   0.98   0.50   0.71   0.85   0.50   0.56   0.90   0.69   0.50   0.50   
0.03   0.03   0.03   0.03   0.09   0.67   0.02   0.03   0.03   0.03   0.03   0.26   0.12   0.03   0.14   0.03   0.06   0.02   0.03   0.03   0.15   0.73   0.94   0.03   0.03   0.02   0.03   0.96   0.03   0.27   0.93   0.03   0.03   0.03   0.93   0.94   0.93   0.02   0.03   0.03   0.03   0.03   0.94   0.02   0.94   0.30   0.02   0.93   0.03   0.93   0.07   0.03   0.03   0.99   0.13   0.94   0.94   0.94   0.02   0.32   0.89   0.94   0.75   0.98   0.03   0.98   0.03   0.03   0.98   0.03   0.71   0.93   0.03   0.97   0.95   0.45   0.80   0.87   

5.00   5.00   5.00   5.00   5.00   5.00   5.00   5.00   5.00   5.00   5.00   5.00   5.00   5.00   5.00   5.00   5.00   5.00   5.00   5.00   5.00   5.00   5.00   5.00   5.00   5.00   5.00   5.00   5.00   5.00   5.00   5.00   5.00   5.00   5.00   5.00   5.00   5.00   5.00   5.00   5.00   5.00   5.00   5.00   5.00   5.00   5.00   5.00   5.00   5.00   5.00   5.00   5.00   5.00   5.00   5.00   5.00   5.00   5.00   5.00   5.00   5.00   5.00   5.00   5.00   5.00   5.00   5.00   5.00   5.00   5.00   5.00   5.00   5.00   5.00   5.00   5.00   5.00   
0.01   0.02   0.02   0.03   0.13   0.08   0.10   0.01   0.01   0.12   0.16   0.42   0.23   0.02   0.05   0.01   0.13   0.09   0.02   0.17   0.49   0.09   0.69   0.11   0.01   0.01   0.00   0.55   0.02   0.32   0.79   0.27   0.01   0.06   0.86   0.83   0.86   0.02   0.11   0.05   0.12   0.01   0.62   0.02   0.69   0.29   0.03   0.72   0.13   0.48   0.57   0.01   0.13   0.77   0.55   0.86   0.86   0.64   0.25   0.63   0.60   0.46   0.45   0.61   0.06   0.80   0.45   0.33   0.46   0.45   0.39   0.75   0.10   0.90   0.58   0.36   0.75   0.68   
0.01   0.02   0.02   0.03   0.13   0.08   0.10   0.01   0.01   0.12   0.16   0.42   0.23   0.02   0.05   0.01   0.13   0.09   0.02   0.17   0.49   0.09   0.69   0.11   0.01   0.01   0.00   0.55   0.02   0.32   0.79   0.27   0.01   0.06   0.86   0.83   0.86   0.02   0.11   0.05   0.12   0.01   0.62   0.02   0.69   0.29   0.03   0.72   0.13   0.48   0.57   0.01   0.13   0.77   0.55   0.86   0.86   0.64   0.25   0.63   0.60   0.46   0.45   0.61   0.06   0.80   0.45   0.33   0.46   0.45   0.39   0.75   0.10   0.90   0.58   0.36   0.75   0.68   
0.50   0.50   0.50   0.50   0.50   0.92   0.09   0.50   0.77   0.50   0.50   0.41   0.62   0.50   0.53   0.50   0.72   0.51   0.50   0.50   0.24   0.50   0.50   0.50   0.50   0.50   0.50   0.90   0.50   0.50   0.50   0.50   0.49   0.50   0.50   0.50   0.50   0.50   0.50   0.50   0.50   0.50   0.50   0.50   0.50   0.50   0.50   0.50   0.50   0.50   0.03   0.50   0.50   0.50   0.08   0.50   0.50   0.50   0.50   0.23   0.71   0.93   0.60   0.94   0.50   0.71   0.50   0.50   0.99   0.50   0.75   0.88   0.50   0.58   0.93   0.73   0.50   0.50   
0.03   0.03   0.03   0.03   0.10   0.80   0.02   0.03   0.08   0.03   0.03   0.28   0.18   0.03   0.14   0.03   0.10   0.02   0.03   0.03   0.16   0.79   0.95   0.03   0.03   0.03   0.02   0.98   0.03   0.55   0.94   0.03   0.05   0.03   0.94   0.95   0.94   0.02   0.03   0.03   0.03   0.03   0.95   0.02   0.95   0.30   0.03   0.94   0.03   0.94   0.05   0.03   0.03   0.99   0.13   0.95   0.95   0.95   0.02   0.35   0.93   0.97   0.82   0.99   0.03   0.99   0.03   0.04   0.99   0.03   0.78   0.96   0.02   0.98   0.97   0.49   0.84   0.89   

5.00   5.00   5.00   5.00   5.00   5.00   5.00   5.00   5.00   5.00   5.00   5.00   5.00   5.00   5.00   5.00   5.00   5.00   5.00   5.00   5.00   5.00   5.00   5.00   5.00   5.00   5.00   5.00   5.00   5.00   5.00   5.00   5.00   5.00   5.00   5.00   5.00   5.00   5.00   5.00   5.00   5.00   5.00   5.00   5.00   5.00   5.00   5.00   5.00   5.00   5.00   5.00   5.00   5.00   5.00   5.00   5.00   5.00   5.00   5.00   5.00   5.00   5.00   5.00   5.00   5.00   5.00   5.00   5.00   5.00   5.00   5.00   5.00   5.00   5.00   5.00   5.00   5.00   
0.01   0.01   0.02   0.02   0.11   0.06   0.09   0.01   0.01   0.11   0.13   0.39   0.20   0.02   0.04   0.01   0.12   0.09   0.01   0.14   0.45   0.08   0.65   0.10   0.01   0.01   0.01   0.50   0.02   0.29   0.75   0.24   0.01   0.06   0.86   0.79   0.83   0.02   0.09   0.05   0.10   0.01   0.57   0.02   0.63   0.27   0.02   0.68   0.12   0.50   0.54   0.01   0.12   0.73   0.51   0.81   0.81   0.58   0.21   0.64   0.60   0.41   0.40   0.55   0.05   0.76   0.42   0.29   0.41   0.41   0.37   0.70   0.09   0.86   0.52   0.38   0.70   0.62   
0.01   0.01   0.02   0.02   0.11   0.06   0.09   0.01   0.01   0.11   0.13   0.39   0.20   0.02   0.04   0.01   0.12   0.09   0.01   0.14   0.45   0.08   0.65   0.10   0.01   0.01   0.01   0.50   0.02   0.29   0.75   0.24   0.01   0.06   0.86   0.79   0.83   0.02   0.09   0.05   0.10   0.01   0.57   0.02   0.63   0.27   0.02   0.68   0.12   0.50   0.54   0.01   0.12   0.73   0.51   0.81   0.81   0.58   0.21   0.64   0.60   0.41   0.40   0.55   0.05   0.76   0.42   0.29   0.41   0.41   0.37   0.70   0.09   0.86   0.52   0.38   0.70   0.62   
0.50   0.50   0.50   0.50   0.50   0.94   0.07   0.50   0.79   0.50   0.50   0.40   0.63   0.50   0.53   0.50   0.74   0.51   0.50   0.50   0.21   0.50   0.50   0.50   0.50   0.50   0.50   0.92   0.50   0.50   0.50   0.50   0.49   0.50   0.50   0.50   0.50   0.50   0.50   0.50   0.50   0.50   0.50   0.50   0.50   0.50   0.50   0.50   0.50   0.50   0.02   0.50   0.50   0.50   0.06   0.50   0.50   0.50   0.50   0.21   0.73   0.95   0.61   0.96   0.50   0.73   0.50   0.50   0.99   0.50   0.77   0.90   0.50   0.59   0.95   0.75   0.50   0.50   
0.03   0.03   0.03   0.03   0.09   0.86   0.01   0.03   0.10   0.03   0.03   0.28   0.22   0.03   0.15   0.03   0.13   0.02   0.03   0.03   0.15   0.83   0.96   0.03   0.03   0.02   0.02   0.99   0.03   0.58   0.95   0.03   0.05   0.03   0.95   0.96   0.95   0.02   0.03   0.03   0.03   0.03   0.96   0.02   0.96   0.32   0.02   0.95   0.03   0.95   0.04   0.03   0.03   0.99   0.11   0.96   0.96   0.96   0.02   0.35   0.95   0.98   0.85   1.00   0.03   0.99   0.03   0.04   1.00   0.03   0.81   0.97   0.02   0.99   0.98   0.71   0.87   0.90   

5.00   5.00   5.00   5.00   5.00   5.00   5.00   5.00   5.00   5.00   5.00   5.00   5.00   5.00   5.00   5.00   5.00   5.00   5.00   5.00   5.00   5.00   5.00   5.00   5.00   5.00   5.00   5.00   5.00   5.00   5.00   5.00   5.00   5.00   5.00   5.00   5.00   5.00   5.00   5.00   5.00   5.00   5.00   5.00   5.00   5.00   5.00   5.00   5.00   5.00   5.00   5.00   5.00   5.00   5.00   5.00   5.00   5.00   5.00   5.00   5.00   5.00   5.00   5.00   5.00   5.00   5.00   5.00   5.00   5.00   5.00   5.00   5.00   5.00   5.00   5.00   5.00   5.00   
0.01   0.01   0.02   0.02   0.11   0.06   0.09   0.01   0.01   0.11   0.13   0.39   0.20   0.02   0.04   0.01   0.12   0.09   0.01   0.14   0.45   0.08   0.65   0.10   0.01   0.01   0.01   0.50   0.02   0.29   0.75   0.24   0.01   0.06   0.86   0.79   0.83   0.02   0.09   0.05   0.10   0.01   0.57   0.02   0.63   0.27   0.02   0.68   0.12   0.50   0.54   0.01   0.12   0.73   0.51   0.81   0.81   0.58   0.21   0.64   0.60   0.41   0.40   0.55   0.05   0.76   0.42   0.29   0.41   0.41   0.37   0.70   0.09   0.86   0.52   0.38   0.70   0.62   
0.01   0.01   0.02   0.02   0.11   0.06   0.09   0.01   0.01   0.11   0.13   0.39   0.20   0.02   0.04   0.01   0.12   0.09   0.01   0.14   0.45   0.08   0.65   0.10   0.01   0.01   0.01   0.50   0.02   0.29   0.75   0.24   0.01   0.06   0.86   0.79   0.83   0.02   0.09   0.05   0.10   0.01   0.57   0.02   0.63   0.27   0.02   0.68   0.12   0.50   0.54   0.01   0.12   0.73   0.51   0.81   0.81   0.58   0.21   0.64   0.60   0.41   0.40   0.55   0.05   0.76   0.42   0.29   0.41   0.41   0.37   0.70   0.09   0.86   0.52   0.38   0.70   0.62   
0.50   0.50   0.50   0.50   0.50   0.89   0.07   0.50   0.55   0.50   0.50   0.30   0.54   0.50   0.42   0.50   0.70   0.47   0.50   0.50   0.19   0.50   0.50   0.50   0.50   0.50   0.50   0.86   0.50   0.50   0.50   0.50   0.42   0.50   0.50   0.50   0.50   0.50   0.50   0.50   0.50   0.50   0.50   0.50   0.50   0.50   0.50   0.50   0.50   0.50   0.02   0.50   0.50   0.50   0.11   0.50   0.50   0.50   0.50   0.13   0.62   0.88   0.49   0.50   0.50   0.78   0.50   0.50   0.50   0.50   0.62   0.77   0.50   0.54   0.92   0.59   0.50   0.50   
0.02   0.03   0.03   0.02   0.09   0.70   0.01   0.03   0.02   0.03   0.02   0.17   0.12   0.03   0.08   0.03   0.07   0.01   0.03   0.02   0.11   0.83   0.96   0.03   0.03   0.02   0.03   0.97   0.03   0.55   0.94   0.03   0.02   0.03   0.94   0.96   0.94   0.02   0.03   0.02   0.03   0.03   0.96   0.02   0.96   0.31   0.02   0.94   0.03   0.94   0.03   0.03   0.03   0.99   0.15   0.96   0.96   0.96   0.02   0.20   0.91   0.94   0.74   0.89   0.03   0.99   0.03   0.03   0.61   0.03   0.64   0.92   0.03   0.98   0.97   0.36   0.85   0.89   

0.00   0.00   0.00   0.00   0.00   0.00   0.00   0.00   0.00   0.00   0.00   0.00   0.00   0.00   0.00   0.00   0.00   0.00   0.00   0.00   0.00   0.00   0.00   0.00   0.00   0.00   0.00   1.00   0.00   0.00   1.00   1.00   0.00   0.00   1.00   1.00   1.00   0.00   0.00   0.00   0.00   0.00   1.00   0.00   1.00   1.00   0.00   1.00   0.00   1.00   0.00   0.00   1.00   1.00   1.00   1.00   1.00   1.00   1.00   1.00   1.00   1.00   1.00   1.00   0.00   1.00   1.00   1.00   1.00   1.00   1.00   1.00   1.00   1.00   1.00   1.00   1.00   1.00   