5.00   5.00   5.00   5.00   5.00   5.00   5.00   5.00   5.00   5.00   5.00   5.00   5.00   5.00   5.00   5.00   5.00   5.00   5.00   5.00   5.00   5.00   5.00   5.00   5.00   5.00   5.00   5.00   5.00   5.00   5.00   5.00   5.00   5.00   5.00   5.00   5.00   5.00   5.00   5.00   5.00   5.00   5.00   5.00   5.00   5.00   5.00   5.00   5.00   5.00   5.00   5.00   5.00   5.00   5.00   5.00   5.00   5.00   5.00   5.00   5.00   5.00   5.00   5.00   5.00   5.00   5.00   5.00   5.00   5.00   5.00   5.00   5.00   5.00   5.00   5.00   5.00   5.00   
0.25   0.25   0.25   0.25   0.71   0.97   0.25   0.03   0.25   0.03   0.03   0.97   0.03   0.97   0.97   0.97   0.03   0.25   0.25   0.25   0.25   0.25   0.97   0.03   0.25   0.97   0.03   0.03   0.03   0.03   0.03   0.71   0.71   0.03   0.71   0.71   0.25   0.03   0.71   0.97   0.71   0.97   0.97   0.25   0.71   0.03   0.71   0.03   0.71   0.97   0.25   0.97   0.97   0.03   0.97   0.97   0.97   0.97   0.97   0.97   0.97   0.97   0.97   0.97   0.97   0.97   0.71   0.97   0.97   0.97   0.97   0.71   0.97   0.97   0.71   0.97   0.71   0.97   
0.25   0.25   0.25   0.25   0.71   0.97   0.25   0.03   0.25   0.03   0.03   0.97   0.03   0.97   0.97   0.97   0.03   0.25   0.25   0.25   0.25   0.25   0.97   0.03   0.25   0.97   0.03   0.03   0.03   0.03   0.03   0.71   0.71   0.03   0.71   0.71   0.25   0.03   0.71   0.97   0.71   0.97   0.97   0.25   0.71   0.03   0.71   0.03   0.71   0.97   0.25   0.97   0.97   0.03   0.97   0.97   0.97   0.97   0.97   0.97   0.97   0.97   0.97   0.97   0.97   0.97   0.71   0.97   0.97   0.97   0.97   0.71   0.97   0.97   0.71   0.97   0.71   0.97   
0.12   0.30   0.10   0.02   0.04   0.81   0.41   0.58   0.31   0.88   0.00   0.84   0.02   0.45   0.04   0.95   0.28   0.02   0.21   0.25   0.03   0.01   0.62   0.03   0.12   0.39   0.01   0.05   0.02   0.20   0.11   0.83   0.04   0.17   0.26   0.74   0.65   0.55   0.01   0.92   0.93   0.92   0.94   0.22   0.28   0.12   0.17   0.03   0.98   0.44   0.62   0.99   0.58   0.00   0.81   0.57   0.35   0.72   0.08   0.76   0.71   0.97   0.82   0.48   0.84   0.80   0.15   0.95   0.62   0.37   0.51   0.92   0.75   0.90   0.38   0.90   0.71   0.22   
0.02   0.05   0.01   0.00   0.03   0.99   0.07   0.03   0.05   0.78   0.00   0.99   0.00   0.97   0.06   1.00   0.01   0.00   0.03   0.04   0.00   0.00   0.98   0.00   0.02   0.96   0.00   0.00   0.00   0.01   0.00   0.97   0.03   0.00   0.71   0.95   0.61   0.03   0.00   1.00   0.99   1.00   1.00   0.03   0.73   0.00   0.58   0.00   1.00   0.96   0.59   1.00   0.98   0.00   0.99   0.98   0.95   0.99   0.12   0.99   0.99   1.00   0.99   0.97   0.99   0.99   0.55   1.00   0.98   0.95   0.97   0.99   0.99   1.00   0.81   1.00   0.94   0.91   

5.00   5.00   5.00   5.00   5.00   5.00   5.00   5.00   5.00   5.00   5.00   5.00   5.00   5.00   5.00   5.00   5.00   5.00   5.00   5.00   5.00   5.00   5.00   5.00   5.00   5.00   5.00   5.00   5.00   5.00   5.00   5.00   5.00   5.00   5.00   5.00   5.00   5.00   5.00   5.00   5.00   5.00   5.00   5.00   5.00   5.00   5.00   5.00   5.00   5.00   5.00   5.00   5.00   5.00   5.00   5.00   5.00   5.00   5.00   5.00   5.00   5.00   5.00   5.00   5.00   5.00   5.00   5.00   5.00   5.00   5.00   5.00   5.00   5.00   5.00   5.00   5.00   5.00   
0.34   0.34   0.34   0.34   0.77   0.06   0.34   0.97   0.34   0.97   0.97   0.02   0.89   0.02   0.02   0.06   0.97   0.34   0.34   0.34   0.22   0.22   0.06   0.97   0.34   0.06   0.97   0.97   0.97   0.97   0.97   0.77   0.77   0.97   0.77   0.77   0.34   0.97   0.66   0.06   0.77   0.06   0.06   0.34   0.77   0.97   0.77   0.89   0.66   0.02   0.34   0.06   0.02   0.97   0.02   0.02   0.06   0.06   0.06   0.06   0.02   0.06   0.06   0.06   0.06   0.02   0.77   0.06   0.06   0.06   0.06   0.77   0.06   0.06   0.77   0.06   0.77   0.06   
0.34   0.34   0.34   0.34   0.77   0.06   0.34   0.97   0.34   0.97   0.97   0.02   0.89   0.02   0.02   0.06   0.97   0.34   0.34   0.34   0.22   0.22   0.06   0.97   0.34   0.06   0.97   0.97   0.97   0.97   0.97   0.77   0.77   0.97   0.77   0.77   0.34   0.97   0.66   0.06   0.77   0.06   0.06   0.34   0.77   0.97   0.77   0.89   0.66   0.02   0.34   0.06   0.02   0.97   0.02   0.02   0.06   0.06   0.06   0.06   0.02   0.06   0.06   0.06   0.06   0.02   0.77   0.06   0.06   0.06   0.06   0.77   0.06   0.06   0.77   0.06   0.77   0.06   
0.02   0.23   0.10   0.50   0.03   0.50   0.31   0.54   0.49   0.96   0.50   0.50   0.50   0.27   0.02   0.50   0.26   0.50   0.41   0.34   0.50   0.50   0.66   0.50   0.12   0.75   0.50   0.50   0.50   0.50   0.50   0.95   0.05   0.50   0.54   0.90   0.88   0.75   0.50   0.50   0.98   0.50   0.50   0.07   0.43   0.50   0.18   0.50   0.50   0.38   0.59   0.50   0.75   0.50   0.94   0.86   0.42   0.83   0.06   0.87   0.87   0.50   0.50   0.55   0.50   0.89   0.29   0.50   0.67   0.71   0.79   0.99   0.94   0.50   0.71   0.50   0.84   0.38   
0.01   0.19   0.08   0.05   0.10   0.73   0.27   0.98   0.80   1.00   0.98   0.73   0.98   0.01   0.00   0.73   0.95   0.05   0.75   0.68   0.05   0.05   0.88   0.98   0.10   0.92   0.98   0.98   0.98   0.98   0.98   1.00   0.71   0.98   0.98   1.00   0.97   0.99   0.98   0.73   1.00   0.73   0.73   0.06   0.97   0.98   0.90   0.98   0.98   0.02   0.85   0.73   0.58   0.98   0.87   0.74   0.73   0.95   0.05   0.96   0.76   0.73   0.73   0.83   0.73   0.80   0.95   0.73   0.89   0.90   0.94   1.00   0.98   0.73   0.99   0.73   1.00   0.70   

5.00   5.00   5.00   5.00   5.00   5.00   5.00   5.00   5.00   5.00   5.00   5.00   5.00   5.00   5.00   5.00   5.00   5.00   5.00   5.00   5.00   5.00   5.00   5.00   5.00   5.00   5.00   5.00   5.00   5.00   5.00   5.00   5.00   5.00   5.00   5.00   5.00   5.00   5.00   5.00   5.00   5.00   5.00   5.00   5.00   5.00   5.00   5.00   5.00   5.00   5.00   5.00   5.00   5.00   5.00   5.00   5.00   5.00   5.00   5.00   5.00   5.00   5.00   5.00   5.00   5.00   5.00   5.00   5.00   5.00   5.00   5.00   5.00   5.00   5.00   5.00   5.00   5.00   
0.10   0.10   0.10   0.10   0.53   0.66   0.10   0.02   0.10   0.02   0.02   0.71   0.04   0.71   0.71   0.66   0.02   0.10   0.10   0.10   0.14   0.14   0.66   0.38   0.10   0.66   0.02   0.02   0.02   0.02   0.02   0.91   0.53   0.02   0.53   0.91   0.10   0.02   0.57   0.97   0.91   0.66   0.97   0.10   0.53   0.02   0.53   0.04   0.57   0.98   0.10   0.66   0.71   0.02   0.71   0.98   0.97   0.66   0.97   0.66   0.98   0.66   0.97   0.97   0.66   0.98   0.53   0.97   0.66   0.97   0.97   0.53   0.66   0.97   0.91   0.66   0.91   0.97   
0.10   0.10   0.10   0.10   0.53   0.66   0.10   0.02   0.10   0.02   0.02   0.71   0.04   0.71   0.71   0.66   0.02   0.10   0.10   0.10   0.14   0.14   0.66   0.38   0.10   0.66   0.02   0.02   0.02   0.02   0.02   0.91   0.53   0.02   0.53   0.91   0.10   0.02   0.57   0.97   0.91   0.66   0.97   0.10   0.53   0.02   0.53   0.04   0.57   0.98   0.10   0.66   0.71   0.02   0.71   0.98   0.97   0.66   0.97   0.66   0.98   0.66   0.97   0.97   0.66   0.98   0.53   0.97   0.66   0.97   0.97   0.53   0.66   0.97   0.91   0.66   0.91   0.97   
0.01   0.27   0.22   0.50   0.04   0.50   0.41   0.47   0.70   0.50   0.50   0.50   0.50   0.39   0.50   0.50   0.28   0.50   0.57   0.27   0.50   0.50   0.65   0.50   0.14   0.90   0.50   0.50   0.50   0.50   0.50   0.50   0.04   0.50   0.70   0.50   0.98   0.50   0.50   0.50   0.50   0.50   0.50   0.04   0.40   0.50   0.14   0.50   0.50   0.48   0.56   0.50   0.86   0.50   0.98   0.93   0.31   0.91   0.04   0.94   0.93   0.50   0.50   0.46   0.50   0.87   0.31   0.50   0.66   0.91   0.79   0.50   0.95   0.50   0.87   0.50   0.50   0.46   
0.00   0.03   0.02   0.10   0.02   0.97   0.05   0.02   0.57   0.02   0.02   0.97   0.02   0.90   0.99   0.97   0.01   0.10   0.10   0.03   0.10   0.10   0.91   0.02   0.01   0.98   0.02   0.02   0.02   0.02   0.02   0.81   0.02   0.02   0.86   0.81   0.96   0.02   0.86   0.97   0.81   0.97   0.97   0.00   0.63   0.02   0.09   0.02   0.86   0.99   0.10   0.97   0.99   0.02   1.00   1.00   0.94   0.98   0.09   0.99   1.00   0.97   0.97   0.97   0.97   1.00   0.53   0.97   0.91   1.00   0.99   0.81   0.99   0.97   0.99   0.97   0.81   0.97   

5.00   5.00   5.00   5.00   5.00   5.00   5.00   5.00   5.00   5.00   5.00   5.00   5.00   5.00   5.00   5.00   5.00   5.00   5.00   5.00   5.00   5.00   5.00   5.00   5.00   5.00   5.00   5.00   5.00   5.00   5.00   5.00   5.00   5.00   5.00   5.00   5.00   5.00   5.00   5.00   5.00   5.00   5.00   5.00   5.00   5.00   5.00   5.00   5.00   5.00   5.00   5.00   5.00   5.00   5.00   5.00   5.00   5.00   5.00   5.00   5.00   5.00   5.00   5.00   5.00   5.00   5.00   5.00   5.00   5.00   5.00   5.00   5.00   5.00   5.00   5.00   5.00   5.00   
0.14   0.14   0.80   0.14   0.97   0.74   0.14   0.99   0.80   0.99   0.40   0.64   0.94   0.64   0.02   0.74   0.99   0.14   0.14   0.14   0.04   0.04   0.74   0.97   0.14   0.74   0.40   0.40   0.99   0.99   0.40   0.95   0.97   0.99   0.35   0.31   0.80   0.99   0.26   0.69   0.31   0.74   0.69   0.14   0.35   0.99   0.97   0.94   0.89   0.01   0.14   0.74   0.02   0.99   0.02   0.01   0.69   0.07   0.69   0.07   0.01   0.07   0.69   0.04   0.07   0.59   0.97   0.04   0.07   0.04   0.04   0.97   0.07   0.69   0.31   0.74   0.31   0.69   
0.14   0.14   0.80   0.14   0.97   0.74   0.14   0.99   0.80   0.99   0.40   0.64   0.94   0.64   0.02   0.74   0.99   0.14   0.14   0.14   0.04   0.04   0.74   0.97   0.14   0.74   0.40   0.40   0.99   0.99   0.40   0.95   0.97   0.99   0.35   0.31   0.80   0.99   0.26   0.69   0.31   0.74   0.69   0.14   0.35   0.99   0.97   0.94   0.89   0.01   0.14   0.74   0.02   0.99   0.02   0.01   0.69   0.07   0.69   0.07   0.01   0.07   0.69   0.04   0.07   0.59   0.97   0.04   0.07   0.04   0.04   0.97   0.07   0.69   0.31   0.74   0.31   0.69   
0.50   0.27   0.18   0.50   0.02   0.50   0.24   0.56   0.56   0.50   0.50   0.50   0.50   0.22   0.50   0.50   0.17   0.50   0.26   0.22   0.50   0.50   0.54   0.50   0.06   0.95   0.50   0.50   0.50   0.50   0.50   0.50   0.02   0.50   0.70   0.50   0.99   0.50   0.50   0.50   0.50   0.50   0.50   0.50   0.31   0.50   0.08   0.50   0.50   0.35   0.47   0.50   0.73   0.50   0.50   0.50   0.30   0.84   0.02   0.91   0.50   0.50   0.50   0.63   0.50   0.50   0.30   0.50   0.34   0.50   0.83   0.50   0.93   0.50   0.86   0.50   0.50   0.47   
0.04   0.01   0.03   0.03   0.06   0.87   0.01   0.93   0.74   0.93   0.92   0.87   0.92   0.08   0.78   0.87   0.17   0.03   0.01   0.01   0.03   0.03   0.89   0.92   0.00   0.99   0.92   0.92   0.92   0.92   0.92   0.99   0.05   0.92   0.96   0.99   1.00   0.93   0.99   0.87   0.99   0.87   0.87   0.04   0.83   0.92   0.78   0.92   0.99   0.13   0.03   0.87   0.77   0.92   0.10   0.87   0.89   0.92   0.03   0.96   0.87   0.87   0.87   0.91   0.87   0.87   0.95   0.87   0.07   0.93   0.96   0.99   0.97   0.87   0.99   0.87   0.99   0.94   

5.00   5.00   5.00   5.00   5.00   5.00   5.00   5.00   5.00   5.00   5.00   5.00   5.00   5.00   5.00   5.00   5.00   5.00   5.00   5.00   5.00   5.00   5.00   5.00   5.00   5.00   5.00   5.00   5.00   5.00   5.00   5.00   5.00   5.00   5.00   5.00   5.00   5.00   5.00   5.00   5.00   5.00   5.00   5.00   5.00   5.00   5.00   5.00   5.00   5.00   5.00   5.00   5.00   5.00   5.00   5.00   5.00   5.00   5.00   5.00   5.00   5.00   5.00   5.00   5.00   5.00   5.00   5.00   5.00   5.00   5.00   5.00   5.00   5.00   5.00   5.00   5.00   5.00   
0.08   0.23   0.08   0.08   0.45   0.58   0.08   0.02   0.23   0.02   0.02   0.62   0.03   0.62   0.80   0.58   0.02   0.08   0.08   0.08   0.11   0.11   0.76   0.47   0.08   0.76   0.02   0.02   0.02   0.02   0.02   0.83   0.45   0.02   0.45   0.94   0.08   0.02   0.67   0.98   0.84   0.76   0.93   0.08   0.45   0.02   0.63   0.03   0.67   0.95   0.23   0.76   0.80   0.02   0.80   0.95   0.98   0.59   0.98   0.59   0.95   0.59   0.93   0.98   0.59   0.94   0.63   0.93   0.59   0.93   0.93   0.45   0.76   0.98   0.84   0.58   0.84   0.98   
0.08   0.23   0.08   0.08   0.45   0.58   0.08   0.02   0.23   0.02   0.02   0.62   0.03   0.62   0.80   0.58   0.02   0.08   0.08   0.08   0.11   0.11   0.76   0.47   0.08   0.76   0.02   0.02   0.02   0.02   0.02   0.83   0.45   0.02   0.45   0.94   0.08   0.02   0.67   0.98   0.84   0.76   0.93   0.08   0.45   0.02   0.63   0.03   0.67   0.95   0.23   0.76   0.80   0.02   0.80   0.95   0.98   0.59   0.98   0.59   0.95   0.59   0.93   0.98   0.59   0.94   0.63   0.93   0.59   0.93   0.93   0.45   0.76   0.98   0.84   0.58   0.84   0.98   
0.50   0.33   0.26   0.50   0.01   0.50   0.33   0.62   0.68   0.50   0.50   0.50   0.50   0.35   0.50   0.50   0.27   0.50   0.34   0.34   0.50   0.50   0.67   0.50   0.50   0.95   0.50   0.50   0.50   0.50   0.50   0.50   0.02   0.50   0.78   0.50   0.50   0.50   0.50   0.50   0.50   0.50   0.50   0.50   0.36   0.50   0.17   0.50   0.50   0.43   0.55   0.50   0.84   0.50   0.50   0.50   0.46   0.86   0.03   0.94   0.50   0.50   0.50   0.68   0.50   0.50   0.39   0.50   0.43   0.50   0.83   0.50   0.96   0.50   0.50   0.50   0.50   0.60   
0.06   0.12   0.02   0.08   0.00   0.97   0.03   0.03   0.68   0.02   0.02   0.97   0.02   0.29   0.99   0.97   0.01   0.08   0.03   0.03   0.08   0.08   0.93   0.02   0.06   0.99   0.02   0.02   0.02   0.02   0.02   0.82   0.01   0.02   0.81   0.82   0.06   0.02   0.86   0.97   0.82   0.97   0.97   0.06   0.14   0.02   0.14   0.02   0.86   0.89   0.55   0.97   0.99   0.02   0.90   0.99   0.97   0.92   0.10   0.97   0.99   0.97   0.97   0.99   0.97   0.99   0.69   0.97   0.27   0.97   0.97   0.82   0.99   0.97   0.91   0.97   0.82   0.98   

5.00   5.00   5.00   5.00   5.00   5.00   5.00   5.00   5.00   5.00   5.00   5.00   5.00   5.00   5.00   5.00   5.00   5.00   5.00   5.00   5.00   5.00   5.00   5.00   5.00   5.00   5.00   5.00   5.00   5.00   5.00   5.00   5.00   5.00   5.00   5.00   5.00   5.00   5.00   5.00   5.00   5.00   5.00   5.00   5.00   5.00   5.00   5.00   5.00   5.00   5.00   5.00   5.00   5.00   5.00   5.00   5.00   5.00   5.00   5.00   5.00   5.00   5.00   5.00   5.00   5.00   5.00   5.00   5.00   5.00   5.00   5.00   5.00   5.00   5.00   5.00   5.00   5.00   
0.06   0.19   0.06   0.06   0.27   0.37   0.06   0.02   0.19   0.02   0.02   0.41   0.03   0.41   0.61   0.37   0.02   0.06   0.06   0.06   0.07   0.07   0.58   0.44   0.06   0.80   0.02   0.02   0.02   0.02   0.02   0.66   0.27   0.02   0.27   0.95   0.26   0.02   0.50   0.98   0.86   0.80   0.76   0.06   0.27   0.02   0.46   0.03   0.74   0.79   0.19   0.58   0.61   0.02   0.61   0.79   0.98   0.64   0.89   0.64   0.94   0.64   0.76   0.89   0.37   0.79   0.46   0.92   0.64   0.76   0.76   0.27   0.79   0.89   0.66   0.37   0.66   0.98   
0.06   0.19   0.06   0.06   0.27   0.37   0.06   0.02   0.19   0.02   0.02   0.41   0.03   0.41   0.61   0.37   0.02   0.06   0.06   0.06   0.07   0.07   0.58   0.44   0.06   0.80   0.02   0.02   0.02   0.02   0.02   0.66   0.27   0.02   0.27   0.95   0.26   0.02   0.50   0.98   0.86   0.80   0.76   0.06   0.27   0.02   0.46   0.03   0.74   0.79   0.19   0.58   0.61   0.02   0.61   0.79   0.98   0.64   0.89   0.64   0.94   0.64   0.76   0.89   0.37   0.79   0.46   0.92   0.64   0.76   0.76   0.27   0.79   0.89   0.66   0.37   0.66   0.98   
0.50   0.23   0.25   0.50   0.50   0.50   0.16   0.56   0.61   0.50   0.50   0.50   0.50   0.16   0.50   0.50   0.50   0.50   0.26   0.25   0.50   0.50   0.56   0.50   0.50   0.97   0.50   0.50   0.50   0.50   0.50   0.50   0.50   0.50   0.77   0.50   0.50   0.50   0.50   0.50   0.50   0.50   0.50   0.50   0.29   0.50   0.14   0.50   0.50   0.41   0.49   0.50   0.81   0.50   0.50   0.50   0.60   0.88   0.02   0.83   0.50   0.50   0.50   0.52   0.50   0.50   0.18   0.50   0.40   0.50   0.74   0.50   0.50   0.50   0.50   0.50   0.50   0.64   
0.05   0.04   0.06   0.03   0.92   0.88   0.01   0.80   0.82   0.91   0.90   0.88   0.90   0.05   0.76   0.88   0.82   0.03   0.01   0.01   0.03   0.03   0.90   0.90   0.04   1.00   0.90   0.90   0.90   0.90   0.90   0.99   0.92   0.90   0.88   0.99   0.72   0.91   0.99   0.88   0.99   0.88   0.88   0.05   0.15   0.90   0.78   0.90   0.99   0.11   0.11   0.88   0.84   0.90   0.10   0.86   0.98   0.93   0.04   0.89   0.86   0.88   0.88   0.83   0.88   0.86   0.83   0.88   0.16   0.94   0.84   0.99   0.74   0.88   0.93   0.88   0.99   0.99   

5.00   5.00   5.00   5.00   5.00   5.00   5.00   5.00   5.00   5.00   5.00   5.00   5.00   5.00   5.00   5.00   5.00   5.00   5.00   5.00   5.00   5.00   5.00   5.00   5.00   5.00   5.00   5.00   5.00   5.00   5.00   5.00   5.00   5.00   5.00   5.00   5.00   5.00   5.00   5.00   5.00   5.00   5.00   5.00   5.00   5.00   5.00   5.00   5.00   5.00   5.00   5.00   5.00   5.00   5.00   5.00   5.00   5.00   5.00   5.00   5.00   5.00   5.00   5.00   5.00   5.00   5.00   5.00   5.00   5.00   5.00   5.00   5.00   5.00   5.00   5.00   5.00   5.00   
0.39   0.14   0.05   0.05   0.15   0.63   0.05   0.01   0.13   0.01   0.32   0.23   0.01   0.23   0.35   0.23   0.01   0.05   0.05   0.39   0.05   0.05   0.34   0.58   0.05   0.92   0.02   0.02   0.01   0.01   0.02   0.73   0.15   0.01   0.16   0.97   0.60   0.01   0.26   0.99   0.92   0.92   0.82   0.05   0.16   0.32   0.26   0.01   0.86   0.43   0.14   0.75   0.75   0.01   0.75   0.82   0.99   0.85   0.90   0.85   0.96   0.85   0.82   0.91   0.63   0.82   0.26   0.96   0.85   0.82   0.42   0.15   0.92   0.90   0.34   0.63   0.73   0.99   
0.39   0.14   0.05   0.05   0.15   0.63   0.05   0.01   0.13   0.01   0.32   0.23   0.01   0.23   0.35   0.23   0.01   0.05   0.05   0.39   0.05   0.05   0.34   0.58   0.05   0.92   0.02   0.02   0.01   0.01   0.02   0.73   0.15   0.01   0.16   0.97   0.60   0.01   0.26   0.99   0.92   0.92   0.82   0.05   0.16   0.32   0.26   0.01   0.86   0.43   0.14   0.75   0.75   0.01   0.75   0.82   0.99   0.85   0.90   0.85   0.96   0.85   0.82   0.91   0.63   0.82   0.26   0.96   0.85   0.82   0.42   0.15   0.92   0.90   0.34   0.63   0.73   0.99   
0.50   0.19   0.13   0.50   0.50   0.50   0.50   0.44   0.37   0.50   0.50   0.50   0.50   0.07   0.50   0.50   0.50   0.50   0.21   0.19   0.50   0.50   0.38   0.50   0.50   0.50   0.50   0.50   0.50   0.50   0.50   0.50   0.50   0.50   0.68   0.50   0.50   0.50   0.50   0.50   0.50   0.50   0.50   0.50   0.34   0.50   0.05   0.50   0.50   0.27   0.28   0.50   0.76   0.50   0.50   0.50   0.53   0.83   0.01   0.76   0.50   0.50   0.50   0.41   0.50   0.50   0.17   0.50   0.38   0.50   0.67   0.50   0.50   0.50   0.50   0.50   0.50   0.70   
0.05   0.02   0.00   0.06   0.59   0.97   0.04   0.01   0.04   0.02   0.02   0.97   0.02   0.02   0.99   0.97   0.01   0.06   0.01   0.06   0.06   0.06   0.18   0.02   0.05   0.90   0.02   0.02   0.02   0.02   0.02   0.84   0.59   0.02   0.55   0.84   0.04   0.02   0.88   0.97   0.84   0.97   0.97   0.05   0.09   0.02   0.01   0.02   0.88   0.21   0.03   0.97   0.93   0.02   0.46   0.99   0.98   0.97   0.02   0.95   0.99   0.97   0.97   0.85   0.97   0.99   0.05   0.97   0.80   0.97   0.75   0.84   0.85   0.97   0.92   0.97   0.84   0.99   

5.00   5.00   5.00   5.00   5.00   5.00   5.00   5.00   5.00   5.00   5.00   5.00   5.00   5.00   5.00   5.00   5.00   5.00   5.00   5.00   5.00   5.00   5.00   5.00   5.00   5.00   5.00   5.00   5.00   5.00   5.00   5.00   5.00   5.00   5.00   5.00   5.00   5.00   5.00   5.00   5.00   5.00   5.00   5.00   5.00   5.00   5.00   5.00   5.00   5.00   5.00   5.00   5.00   5.00   5.00   5.00   5.00   5.00   5.00   5.00   5.00   5.00   5.00   5.00   5.00   5.00   5.00   5.00   5.00   5.00   5.00   5.00   5.00   5.00   5.00   5.00   5.00   5.00   
0.39   0.13   0.04   0.05   0.15   0.64   0.05   0.01   0.14   0.01   0.33   0.22   0.01   0.23   0.35   0.22   0.01   0.05   0.05   0.40   0.05   0.05   0.35   0.59   0.05   0.93   0.02   0.01   0.01   0.01   0.02   0.73   0.16   0.01   0.15   0.97   0.60   0.01   0.27   0.99   0.92   0.93   0.81   0.05   0.16   0.32   0.25   0.01   0.86   0.42   0.14   0.76   0.75   0.01   0.76   0.83   0.99   0.85   0.91   0.85   0.96   0.84   0.82   0.91   0.63   0.81   0.26   0.96   0.85   0.83   0.42   0.16   0.93   0.91   0.35   0.64   0.74   0.99   
0.39   0.13   0.04   0.05   0.15   0.64   0.05   0.01   0.14   0.01   0.33   0.22   0.01   0.23   0.35   0.22   0.01   0.05   0.05   0.40   0.05   0.05   0.35   0.59   0.05   0.93   0.02   0.01   0.01   0.01   0.02   0.73   0.16   0.01   0.15   0.97   0.60   0.01   0.27   0.99   0.92   0.93   0.81   0.05   0.16   0.32   0.25   0.01   0.86   0.42   0.14   0.76   0.75   0.01   0.76   0.83   0.99   0.85   0.91   0.85   0.96   0.84   0.82   0.91   0.63   0.81   0.26   0.96   0.85   0.83   0.42   0.16   0.93   0.91   0.35   0.64   0.74   0.99   
0.50   0.18   0.50   0.50   0.50   0.50   0.50   0.41   0.36   0.50   0.50   0.50   0.50   0.06   0.50   0.50   0.50   0.50   0.25   0.22   0.50   0.50   0.48   0.50   0.50   0.50   0.50   0.50   0.50   0.50   0.50   0.50   0.50   0.50   0.77   0.50   0.50   0.50   0.50   0.50   0.50   0.50   0.50   0.50   0.43   0.50   0.05   0.50   0.50   0.29   0.37   0.50   0.79   0.50   0.50   0.50   0.61   0.84   0.01   0.80   0.50   0.50   0.50   0.55   0.50   0.50   0.23   0.50   0.34   0.50   0.79   0.50   0.50   0.50   0.50   0.50   0.50   0.73   
0.05   0.02   0.03   0.06   0.56   0.97   0.04   0.01   0.04   0.02   0.02   0.97   0.02   0.02   0.99   0.97   0.01   0.06   0.01   0.06   0.06   0.06   0.24   0.02   0.05   0.88   0.02   0.02   0.02   0.02   0.02   0.83   0.56   0.02   0.65   0.83   0.05   0.02   0.87   0.97   0.83   0.97   0.97   0.05   0.11   0.02   0.01   0.02   0.87   0.25   0.04   0.97   0.94   0.02   0.46   0.99   0.98   0.96   0.03   0.95   0.99   0.97   0.97   0.89   0.97   0.99   0.07   0.97   0.46   0.97   0.86   0.83   0.82   0.97   0.92   0.97   0.83   0.99   

5.00   5.00   5.00   5.00   5.00   5.00   5.00   5.00   5.00   5.00   5.00   5.00   5.00   5.00   5.00   5.00   5.00   5.00   5.00   5.00   5.00   5.00   5.00   5.00   5.00   5.00   5.00   5.00   5.00   5.00   5.00   5.00   5.00   5.00   5.00   5.00   5.00   5.00   5.00   5.00   5.00   5.00   5.00   5.00   5.00   5.00   5.00   5.00   5.00   5.00   5.00   5.00   5.00   5.00   5.00   5.00   5.00   5.00   5.00   5.00   5.00   5.00   5.00   5.00   5.00   5.00   5.00   5.00   5.00   5.00   5.00   5.00   5.00   5.00   5.00   5.00   5.00   5.00   
0.42   0.11   0.09   0.04   0.22   0.69   0.04   0.01   0.11   0.01   0.28   0.29   0.05   0.21   0.31   0.29   0.01   0.04   0.04   0.35   0.04   0.04   0.41   0.62   0.10   0.94   0.01   0.01   0.01   0.01   0.01   0.69   0.14   0.01   0.14   0.94   0.55   0.04   0.32   0.99   0.93   0.94   0.86   0.04   0.22   0.28   0.23   0.01   0.81   0.48   0.11   0.70   0.70   0.05   0.70   0.78   0.97   0.88   0.93   0.80   0.97   0.79   0.86   0.93   0.68   0.86   0.32   0.97   0.88   0.78   0.39   0.14   0.94   0.93   0.32   0.59   0.69   0.97   
0.42   0.11   0.09   0.04   0.22   0.69   0.04   0.01   0.11   0.01   0.28   0.29   0.05   0.21   0.31   0.29   0.01   0.04   0.04   0.35   0.04   0.04   0.41   0.62   0.10   0.94   0.01   0.01   0.01   0.01   0.01   0.69   0.14   0.01   0.14   0.94   0.55   0.04   0.32   0.99   0.93   0.94   0.86   0.04   0.22   0.28   0.23   0.01   0.81   0.48   0.11   0.70   0.70   0.05   0.70   0.78   0.97   0.88   0.93   0.80   0.97   0.79   0.86   0.93   0.68   0.86   0.32   0.97   0.88   0.78   0.39   0.14   0.94   0.93   0.32   0.59   0.69   0.97   
0.50   0.11   0.50   0.50   0.50   0.50   0.50   0.50   0.35   0.50   0.50   0.50   0.50   0.12   0.50   0.50   0.50   0.50   0.34   0.26   0.50   0.50   0.29   0.50   0.50   0.50   0.50   0.50   0.50   0.50   0.50   0.50   0.50   0.50   0.71   0.50   0.50   0.50   0.50   0.50   0.50   0.50   0.50   0.50   0.35   0.50   0.07   0.50   0.50   0.17   0.19   0.50   0.73   0.50   0.50   0.50   0.46   0.82   0.02   0.85   0.50   0.50   0.50   0.63   0.50   0.50   0.14   0.50   0.33   0.50   0.71   0.50   0.50   0.50   0.50   0.50   0.50   0.50   
0.05   0.01   0.03   0.06   0.58   0.97   0.04   0.01   0.03   0.02   0.02   0.97   0.02   0.04   0.99   0.97   0.01   0.06   0.02   0.07   0.06   0.06   0.16   0.02   0.05   0.89   0.02   0.02   0.02   0.02   0.02   0.83   0.58   0.02   0.55   0.83   0.04   0.02   0.88   0.97   0.83   0.97   0.97   0.05   0.13   0.02   0.02   0.02   0.88   0.17   0.01   0.97   0.89   0.02   0.47   0.99   0.93   0.97   0.04   0.96   0.99   0.97   0.97   0.94   0.97   0.99   0.06   0.97   0.79   0.97   0.76   0.83   0.84   0.97   0.92   0.97   0.83   0.98   

5.00   5.00   5.00   5.00   5.00   5.00   5.00   5.00   5.00   5.00   5.00   5.00   5.00   5.00   5.00   5.00   5.00   5.00   5.00   5.00   5.00   5.00   5.00   5.00   5.00   5.00   5.00   5.00   5.00   5.00   5.00   5.00   5.00   5.00   5.00   5.00   5.00   5.00   5.00   5.00   5.00   5.00   5.00   5.00   5.00   5.00   5.00   5.00   5.00   5.00   5.00   5.00   5.00   5.00   5.00   5.00   5.00   5.00   5.00   5.00   5.00   5.00   5.00   5.00   5.00   5.00   5.00   5.00   5.00   5.00   5.00   5.00   5.00   5.00   5.00   5.00   5.00   5.00   
0.30   0.07   0.07   0.03   0.16   0.48   0.03   0.01   0.08   0.01   0.19   0.52   0.04   0.17   0.23   0.22   0.01   0.03   0.03   0.24   0.03   0.04   0.29   0.44   0.07   0.95   0.01   0.01   0.01   0.01   0.01   0.48   0.11   0.01   0.10   0.68   0.66   0.03   0.23   0.99   0.94   0.69   0.89   0.03   0.16   0.19   0.16   0.01   0.85   0.36   0.08   0.78   0.78   0.03   0.49   0.84   0.98   0.90   0.94   0.85   0.98   0.84   0.89   0.94   0.47   0.89   0.23   0.98   0.90   0.84   0.29   0.40   0.94   0.94   0.23   0.71   0.77   0.98   
0.30   0.07   0.07   0.03   0.16   0.48   0.03   0.01   0.08   0.01   0.19   0.52   0.04   0.17   0.23   0.22   0.01   0.03   0.03   0.24   0.03   0.04   0.29   0.44   0.07   0.95   0.01   0.01   0.01   0.01   0.01   0.48   0.11   0.01   0.10   0.68   0.66   0.03   0.23   0.99   0.94   0.69   0.89   0.03   0.16   0.19   0.16   0.01   0.85   0.36   0.08   0.78   0.78   0.03   0.49   0.84   0.98   0.90   0.94   0.85   0.98   0.84   0.89   0.94   0.47   0.89   0.23   0.98   0.90   0.84   0.29   0.40   0.94   0.94   0.23   0.71   0.77   0.98   
0.50   0.10   0.50   0.50   0.50   0.50   0.50   0.50   0.33   0.50   0.50   0.50   0.50   0.11   0.50   0.50   0.50   0.50   0.33   0.25   0.50   0.50   0.27   0.50   0.50   0.50   0.50   0.50   0.50   0.50   0.50   0.50   0.50   0.50   0.72   0.50   0.50   0.50   0.50   0.50   0.50   0.50   0.50   0.50   0.34   0.50   0.06   0.50   0.50   0.15   0.18   0.50   0.73   0.50   0.50   0.50   0.45   0.82   0.01   0.85   0.50   0.50   0.50   0.63   0.50   0.50   0.13   0.50   0.32   0.50   0.72   0.50   0.50   0.50   0.50   0.50   0.50   0.50   
0.02   0.00   0.01   0.03   0.82   0.97   0.02   0.02   0.01   0.60   0.63   0.97   0.63   0.01   0.98   0.97   0.02   0.03   0.01   0.06   0.03   0.03   0.08   0.63   0.02   0.93   0.63   0.63   0.63   0.63   0.63   0.96   0.82   0.63   0.20   0.96   0.02   0.60   0.97   0.97   0.96   0.97   0.97   0.02   0.08   0.63   0.01   0.63   0.97   0.07   0.01   0.97   0.92   0.63   0.31   0.99   0.96   0.98   0.04   0.98   0.99   0.97   0.97   0.95   0.97   0.99   0.03   0.97   0.86   0.98   0.62   0.96   0.89   0.97   0.98   0.97   0.96   0.99   

5.00   5.00   5.00   5.00   5.00   5.00   5.00   5.00   5.00   5.00   5.00   5.00   5.00   5.00   5.00   5.00   5.00   5.00   5.00   5.00   5.00   5.00   5.00   5.00   5.00   5.00   5.00   5.00   5.00   5.00   5.00   5.00   5.00   5.00   5.00   5.00   5.00   5.00   5.00   5.00   5.00   5.00   5.00   5.00   5.00   5.00   5.00   5.00   5.00   5.00   5.00   5.00   5.00   5.00   5.00   5.00   5.00   5.00   5.00   5.00   5.00   5.00   5.00   5.00   5.00   5.00   5.00   5.00   5.00   5.00   5.00   5.00   5.00   5.00   5.00   5.00   5.00   5.00   
0.23   0.06   0.05   0.03   0.12   0.38   0.03   0.01   0.06   0.01   0.15   0.43   0.03   0.13   0.18   0.16   0.01   0.03   0.02   0.19   0.03   0.03   0.23   0.36   0.06   0.83   0.01   0.01   0.01   0.01   0.01   0.58   0.08   0.01   0.08   0.75   0.57   0.03   0.19   0.92   0.96   0.75   0.90   0.02   0.13   0.15   0.12   0.01   0.89   0.30   0.06   0.81   0.66   0.03   0.40   0.87   0.98   0.92   0.82   0.88   0.98   0.73   0.77   0.94   0.38   0.77   0.18   0.98   0.79   0.72   0.24   0.32   0.95   0.94   0.20   0.76   0.82   0.88   
0.23   0.06   0.05   0.03   0.12   0.38   0.03   0.01   0.06   0.01   0.15   0.43   0.03   0.13   0.18   0.16   0.01   0.03   0.02   0.19   0.03   0.03   0.23   0.36   0.06   0.83   0.01   0.01   0.01   0.01   0.01   0.58   0.08   0.01   0.08   0.75   0.57   0.03   0.19   0.92   0.96   0.75   0.90   0.02   0.13   0.15   0.12   0.01   0.89   0.30   0.06   0.81   0.66   0.03   0.40   0.87   0.98   0.92   0.82   0.88   0.98   0.73   0.77   0.94   0.38   0.77   0.18   0.98   0.79   0.72   0.24   0.32   0.95   0.94   0.20   0.76   0.82   0.88   
0.50   0.50   0.50   0.50   0.50   0.50   0.50   0.50   0.17   0.50   0.50   0.50   0.50   0.11   0.50   0.50   0.50   0.50   0.50   0.23   0.50   0.50   0.21   0.50   0.50   0.50   0.50   0.50   0.50   0.50   0.50   0.50   0.50   0.50   0.71   0.50   0.50   0.50   0.50   0.50   0.50   0.50   0.50   0.50   0.25   0.50   0.11   0.50   0.50   0.10   0.50   0.50   0.45   0.50   0.50   0.50   0.66   0.81   0.03   0.93   0.50   0.50   0.50   0.51   0.50   0.50   0.10   0.50   0.50   0.50   0.69   0.50   0.50   0.50   0.50   0.50   0.50   0.50   
0.03   0.02   0.03   0.70   0.91   0.92   0.01   0.07   0.01   0.92   0.92   0.92   0.92   0.01   0.89   0.92   0.77   0.70   0.01   0.04   0.70   0.70   0.03   0.92   0.02   0.91   0.92   0.92   0.92   0.92   0.92   0.99   0.91   0.92   0.12   0.99   0.60   0.92   0.99   0.92   0.99   0.92   0.92   0.03   0.04   0.92   0.01   0.92   0.99   0.02   0.02   0.92   0.33   0.92   0.07   0.95   0.98   0.98   0.05   0.99   0.95   0.92   0.92   0.88   0.92   0.95   0.02   0.92   0.79   0.96   0.18   0.99   0.77   0.92   0.98   0.92   0.99   0.98   

5.00   5.00   5.00   5.00   5.00   5.00   5.00   5.00   5.00   5.00   5.00   5.00   5.00   5.00   5.00   5.00   5.00   5.00   5.00   5.00   5.00   5.00   5.00   5.00   5.00   5.00   5.00   5.00   5.00   5.00   5.00   5.00   5.00   5.00   5.00   5.00   5.00   5.00   5.00   5.00   5.00   5.00   5.00   5.00   5.00   5.00   5.00   5.00   5.00   5.00   5.00   5.00   5.00   5.00   5.00   5.00   5.00   5.00   5.00   5.00   5.00   5.00   5.00   5.00   5.00   5.00   5.00   5.00   5.00   5.00   5.00   5.00   5.00   5.00   5.00   5.00   5.00   5.00   
0.20   0.05   0.05   0.02   0.10   0.33   0.02   0.01   0.05   0.01   0.13   0.37   0.03   0.11   0.16   0.14   0.01   0.02   0.02   0.16   0.02   0.03   0.20   0.42   0.05   0.77   0.01   0.01   0.01   0.01   0.01   0.54   0.07   0.01   0.07   0.79   0.52   0.02   0.16   0.91   0.96   0.71   0.90   0.02   0.11   0.13   0.11   0.01   0.84   0.27   0.05   0.82   0.58   0.03   0.44   0.82   0.95   0.92   0.75   0.89   0.95   0.66   0.69   0.89   0.32   0.70   0.15   0.95   0.72   0.64   0.30   0.27   0.91   0.89   0.18   0.70   0.76   0.82   
0.20   0.05   0.05   0.02   0.10   0.33   0.02   0.01   0.05   0.01   0.13   0.37   0.03   0.11   0.16   0.14   0.01   0.02   0.02   0.16   0.02   0.03   0.20   0.42   0.05   0.77   0.01   0.01   0.01   0.01   0.01   0.54   0.07   0.01   0.07   0.79   0.52   0.02   0.16   0.91   0.96   0.71   0.90   0.02   0.11   0.13   0.11   0.01   0.84   0.27   0.05   0.82   0.58   0.03   0.44   0.82   0.95   0.92   0.75   0.89   0.95   0.66   0.69   0.89   0.32   0.70   0.15   0.95   0.72   0.64   0.30   0.27   0.91   0.89   0.18   0.70   0.76   0.82   
0.50   0.50   0.50   0.50   0.50   0.50   0.50   0.50   0.50   0.50   0.50   0.50   0.50   0.50   0.50   0.50   0.50   0.50   0.50   0.33   0.50   0.50   0.16   0.50   0.50   0.50   0.50   0.50   0.50   0.50   0.50   0.50   0.50   0.50   0.75   0.50   0.50   0.50   0.50   0.50   0.50   0.50   0.50   0.50   0.24   0.50   0.04   0.50   0.50   0.12   0.50   0.50   0.51   0.50   0.50   0.50   0.67   0.74   0.04   0.96   0.50   0.50   0.50   0.67   0.50   0.50   0.11   0.50   0.55   0.50   0.85   0.50   0.50   0.50   0.50   0.50   0.50   0.50   
0.03   0.02   0.03   0.70   0.91   0.92   0.02   0.07   0.03   0.93   0.92   0.92   0.92   0.04   0.87   0.92   0.78   0.70   0.01   0.06   0.70   0.70   0.02   0.92   0.02   0.90   0.92   0.92   0.92   0.92   0.92   0.99   0.91   0.92   0.15   0.99   0.61   0.93   0.99   0.92   0.99   0.92   0.92   0.03   0.03   0.92   0.00   0.92   0.99   0.02   0.02   0.92   0.33   0.92   0.07   0.94   0.96   0.98   0.04   1.00   0.94   0.92   0.92   0.90   0.92   0.94   0.02   0.92   0.76   0.96   0.72   0.99   0.75   0.92   0.98   0.92   0.99   0.98   

5.00   5.00   5.00   5.00   5.00   5.00   5.00   5.00   5.00   5.00   5.00   5.00   5.00   5.00   5.00   5.00   5.00   5.00   5.00   5.00   5.00   5.00   5.00   5.00   5.00   5.00   5.00   5.00   5.00   5.00   5.00   5.00   5.00   5.00   5.00   5.00   5.00   5.00   5.00   5.00   5.00   5.00   5.00   5.00   5.00   5.00   5.00   5.00   5.00   5.00   5.00   5.00   5.00   5.00   5.00   5.00   5.00   5.00   5.00   5.00   5.00   5.00   5.00   5.00   5.00   5.00   5.00   5.00   5.00   5.00   5.00   5.00   5.00   5.00   5.00   5.00   5.00   5.00   
0.19   0.05   0.04   0.02   0.10   0.32   0.02   0.01   0.05   0.01   0.12   0.36   0.03   0.10   0.15   0.13   0.01   0.02   0.02   0.15   0.02   0.02   0.19   0.41   0.05   0.76   0.01   0.01   0.01   0.01   0.01   0.54   0.08   0.01   0.06   0.78   0.51   0.02   0.16   0.92   0.96   0.71   0.90   0.02   0.10   0.12   0.10   0.01   0.84   0.26   0.05   0.82   0.57   0.03   0.43   0.81   0.95   0.92   0.74   0.89   0.95   0.65   0.70   0.90   0.31   0.69   0.15   0.94   0.71   0.63   0.30   0.27   0.90   0.90   0.17   0.69   0.76   0.82   
0.19   0.05   0.04   0.02   0.10   0.32   0.02   0.01   0.05   0.01   0.12   0.36   0.03   0.10   0.15   0.13   0.01   0.02   0.02   0.15   0.02   0.02   0.19   0.41   0.05   0.76   0.01   0.01   0.01   0.01   0.01   0.54   0.08   0.01   0.06   0.78   0.51   0.02   0.16   0.92   0.96   0.71   0.90   0.02   0.10   0.12   0.10   0.01   0.84   0.26   0.05   0.82   0.57   0.03   0.43   0.81   0.95   0.92   0.74   0.89   0.95   0.65   0.70   0.90   0.31   0.69   0.15   0.94   0.71   0.63   0.30   0.27   0.90   0.90   0.17   0.69   0.76   0.82   
0.50   0.50   0.50   0.50   0.50   0.50   0.50   0.50   0.50   0.50   0.50   0.50   0.50   0.50   0.50   0.50   0.50   0.50   0.50   0.28   0.50   0.50   0.13   0.50   0.50   0.50   0.50   0.50   0.50   0.50   0.50   0.50   0.50   0.50   0.58   0.50   0.50   0.50   0.50   0.50   0.50   0.50   0.50   0.50   0.23   0.50   0.50   0.50   0.50   0.09   0.50   0.50   0.45   0.50   0.50   0.50   0.70   0.75   0.05   0.50   0.50   0.50   0.50   0.67   0.50   0.50   0.13   0.50   0.59   0.50   0.86   0.50   0.50   0.50   0.50   0.50   0.50   0.50   
0.03   0.02   0.03   0.71   0.91   0.93   0.01   0.06   0.03   0.92   0.92   0.93   0.92   0.04   0.89   0.93   0.77   0.71   0.01   0.04   0.71   0.71   0.01   0.92   0.02   0.91   0.92   0.92   0.92   0.92   0.92   0.99   0.91   0.92   0.06   0.99   0.61   0.92   0.98   0.93   0.99   0.93   0.93   0.03   0.03   0.92   0.07   0.92   0.98   0.01   0.02   0.93   0.27   0.92   0.07   0.95   0.96   0.98   0.05   0.90   0.95   0.93   0.93   0.91   0.93   0.95   0.02   0.93   0.79   0.96   0.73   0.99   0.77   0.93   0.98   0.93   0.99   0.98   

5.00   5.00   5.00   5.00   5.00   5.00   5.00   5.00   5.00   5.00   5.00   5.00   5.00   5.00   5.00   5.00   5.00   5.00   5.00   5.00   5.00   5.00   5.00   5.00   5.00   5.00   5.00   5.00   5.00   5.00   5.00   5.00   5.00   5.00   5.00   5.00   5.00   5.00   5.00   5.00   5.00   5.00   5.00   5.00   5.00   5.00   5.00   5.00   5.00   5.00   5.00   5.00   5.00   5.00   5.00   5.00   5.00   5.00   5.00   5.00   5.00   5.00   5.00   5.00   5.00   5.00   5.00   5.00   5.00   5.00   5.00   5.00   5.00   5.00   5.00   5.00   5.00   5.00   
0.17   0.04   0.04   0.02   0.09   0.27   0.02   0.01   0.04   0.01   0.11   0.51   0.02   0.09   0.13   0.12   0.01   0.02   0.02   0.14   0.02   0.02   0.16   0.55   0.04   0.83   0.01   0.01   0.01   0.01   0.01   0.65   0.07   0.01   0.05   0.83   0.63   0.02   0.13   0.95   0.97   0.78   0.93   0.02   0.09   0.11   0.09   0.01   0.88   0.22   0.04   0.87   0.45   0.03   0.34   0.86   0.97   0.95   0.82   0.92   0.97   0.75   0.79   0.93   0.50   0.78   0.13   0.96   0.79   0.74   0.24   0.23   0.94   0.93   0.15   0.77   0.82   0.87   
0.17   0.04   0.04   0.02   0.09   0.27   0.02   0.01   0.04   0.01   0.11   0.51   0.02   0.09   0.13   0.12   0.01   0.02   0.02   0.14   0.02   0.02   0.16   0.55   0.04   0.83   0.01   0.01   0.01   0.01   0.01   0.65   0.07   0.01   0.05   0.83   0.63   0.02   0.13   0.95   0.97   0.78   0.93   0.02   0.09   0.11   0.09   0.01   0.88   0.22   0.04   0.87   0.45   0.03   0.34   0.86   0.97   0.95   0.82   0.92   0.97   0.75   0.79   0.93   0.50   0.78   0.13   0.96   0.79   0.74   0.24   0.23   0.94   0.93   0.15   0.77   0.82   0.87   
0.50   0.50   0.50   0.50   0.50   0.50   0.50   0.50   0.50   0.50   0.50   0.50   0.50   0.50   0.50   0.50   0.50   0.50   0.50   0.26   0.50   0.50   0.10   0.50   0.50   0.50   0.50   0.50   0.50   0.50   0.50   0.50   0.50   0.50   0.58   0.50   0.50   0.50   0.50   0.50   0.50   0.50   0.50   0.50   0.20   0.50   0.50   0.50   0.50   0.07   0.50   0.50   0.45   0.50   0.50   0.50   0.71   0.77   0.03   0.50   0.50   0.50   0.50   0.68   0.50   0.50   0.10   0.50   0.60   0.50   0.88   0.50   0.50   0.50   0.50   0.50   0.50   0.50   
0.03   0.02   0.03   0.72   0.91   0.93   0.01   0.06   0.03   0.93   0.92   0.93   0.92   0.04   0.89   0.93   0.79   0.72   0.01   0.03   0.72   0.72   0.01   0.92   0.02   0.91   0.92   0.92   0.92   0.92   0.92   0.99   0.91   0.92   0.05   0.99   0.63   0.93   0.98   0.93   0.99   0.93   0.93   0.03   0.02   0.92   0.07   0.92   0.98   0.01   0.02   0.93   0.22   0.92   0.06   0.95   0.97   0.98   0.05   0.91   0.95   0.93   0.93   0.93   0.93   0.95   0.01   0.93   0.83   0.96   0.70   0.99   0.77   0.93   0.98   0.93   0.99   0.98   

5.00   5.00   5.00   5.00   5.00   5.00   5.00   5.00   5.00   5.00   5.00   5.00   5.00   5.00   5.00   5.00   5.00   5.00   5.00   5.00   5.00   5.00   5.00   5.00   5.00   5.00   5.00   5.00   5.00   5.00   5.00   5.00   5.00   5.00   5.00   5.00   5.00   5.00   5.00   5.00   5.00   5.00   5.00   5.00   5.00   5.00   5.00   5.00   5.00   5.00   5.00   5.00   5.00   5.00   5.00   5.00   5.00   5.00   5.00   5.00   5.00   5.00   5.00   5.00   5.00   5.00   5.00   5.00   5.00   5.00   5.00   5.00   5.00   5.00   5.00   5.00   5.00   5.00   
0.19   0.05   0.03   0.03   0.10   0.25   0.03   0.01   0.03   0.01   0.13   0.49   0.03   0.08   0.15   0.10   0.01   0.03   0.01   0.13   0.02   0.02   0.18   0.54   0.06   0.81   0.01   0.01   0.01   0.01   0.01   0.67   0.08   0.01   0.05   0.85   0.65   0.02   0.15   0.95   0.98   0.79   0.94   0.03   0.08   0.10   0.07   0.01   0.89   0.24   0.03   0.84   0.47   0.02   0.37   0.88   0.95   0.93   0.80   0.93   0.97   0.77   0.81   0.94   0.52   0.80   0.14   0.97   0.81   0.76   0.23   0.21   0.94   0.94   0.17   0.75   0.84   0.88   
0.19   0.05   0.03   0.03   0.10   0.25   0.03   0.01   0.03   0.01   0.13   0.49   0.03   0.08   0.15   0.10   0.01   0.03   0.01   0.13   0.02   0.02   0.18   0.54   0.06   0.81   0.01   0.01   0.01   0.01   0.01   0.67   0.08   0.01   0.05   0.85   0.65   0.02   0.15   0.95   0.98   0.79   0.94   0.03   0.08   0.10   0.07   0.01   0.89   0.24   0.03   0.84   0.47   0.02   0.37   0.88   0.95   0.93   0.80   0.93   0.97   0.77   0.81   0.94   0.52   0.80   0.14   0.97   0.81   0.76   0.23   0.21   0.94   0.94   0.17   0.75   0.84   0.88   
0.50   0.50   0.50   0.50   0.50   0.50   0.50   0.50   0.50   0.50   0.50   0.50   0.50   0.50   0.50   0.50   0.50   0.50   0.50   0.28   0.50   0.50   0.11   0.50   0.50   0.50   0.50   0.50   0.50   0.50   0.50   0.50   0.50   0.50   0.61   0.50   0.50   0.50   0.50   0.50   0.50   0.50   0.50   0.50   0.22   0.50   0.50   0.50   0.50   0.08   0.50   0.50   0.47   0.50   0.50   0.50   0.73   0.79   0.04   0.50   0.50   0.50   0.50   0.70   0.50   0.50   0.11   0.50   0.62   0.50   0.89   0.50   0.50   0.50   0.50   0.50   0.50   0.50   
0.03   0.02   0.03   0.71   0.92   0.92   0.02   0.07   0.03   0.93   0.92   0.92   0.92   0.04   0.88   0.92   0.80   0.71   0.01   0.04   0.71   0.71   0.01   0.92   0.02   0.91   0.92   0.92   0.92   0.92   0.92   0.99   0.92   0.92   0.08   0.99   0.63   0.93   0.99   0.92   0.99   0.92   0.92   0.03   0.03   0.92   0.07   0.92   0.99   0.01   0.02   0.92   0.22   0.92   0.06   0.95   0.98   0.99   0.06   0.91   0.95   0.92   0.92   0.93   0.92   0.95   0.01   0.92   0.84   0.96   0.75   0.99   0.77   0.92   0.98   0.92   0.99   0.98   

5.00   5.00   5.00   5.00   5.00   5.00   5.00   5.00   5.00   5.00   5.00   5.00   5.00   5.00   5.00   5.00   5.00   5.00   5.00   5.00   5.00   5.00   5.00   5.00   5.00   5.00   5.00   5.00   5.00   5.00   5.00   5.00   5.00   5.00   5.00   5.00   5.00   5.00   5.00   5.00   5.00   5.00   5.00   5.00   5.00   5.00   5.00   5.00   5.00   5.00   5.00   5.00   5.00   5.00   5.00   5.00   5.00   5.00   5.00   5.00   5.00   5.00   5.00   5.00   5.00   5.00   5.00   5.00   5.00   5.00   5.00   5.00   5.00   5.00   5.00   5.00   5.00   5.00   
0.18   0.08   0.03   0.03   0.10   0.24   0.03   0.01   0.03   0.01   0.12   0.48   0.03   0.07   0.14   0.13   0.01   0.03   0.01   0.12   0.01   0.02   0.21   0.52   0.05   0.79   0.01   0.01   0.01   0.01   0.01   0.68   0.08   0.01   0.07   0.83   0.62   0.01   0.14   0.96   0.97   0.80   0.95   0.03   0.07   0.09   0.07   0.01   0.87   0.23   0.03   0.82   0.45   0.02   0.35   0.86   0.94   0.91   0.81   0.91   0.98   0.74   0.78   0.92   0.50   0.77   0.14   0.96   0.78   0.73   0.22   0.20   0.93   0.92   0.16   0.72   0.82   0.86   
0.18   0.08   0.03   0.03   0.10   0.24   0.03   0.01   0.03   0.01   0.12   0.48   0.03   0.07   0.14   0.13   0.01   0.03   0.01   0.12   0.01   0.02   0.21   0.52   0.05   0.79   0.01   0.01   0.01   0.01   0.01   0.68   0.08   0.01   0.07   0.83   0.62   0.01   0.14   0.96   0.97   0.80   0.95   0.03   0.07   0.09   0.07   0.01   0.87   0.23   0.03   0.82   0.45   0.02   0.35   0.86   0.94   0.91   0.81   0.91   0.98   0.74   0.78   0.92   0.50   0.77   0.14   0.96   0.78   0.73   0.22   0.20   0.93   0.92   0.16   0.72   0.82   0.86   
0.50   0.50   0.50   0.50   0.50   0.50   0.50   0.50   0.50   0.50   0.50   0.50   0.50   0.50   0.50   0.50   0.50   0.50   0.50   0.32   0.50   0.50   0.14   0.50   0.50   0.50   0.50   0.50   0.50   0.50   0.50   0.50   0.50   0.50   0.63   0.50   0.50   0.50   0.50   0.50   0.50   0.50   0.50   0.50   0.26   0.50   0.50   0.50   0.50   0.10   0.50   0.50   0.50   0.50   0.50   0.50   0.74   0.79   0.05   0.50   0.50   0.50   0.50   0.71   0.50   0.50   0.15   0.50   0.64   0.50   0.88   0.50   0.50   0.50   0.50   0.50   0.50   0.50   
0.03   0.02   0.03   0.72   0.92   0.92   0.02   0.07   0.03   0.93   0.93   0.92   0.93   0.04   0.88   0.92   0.80   0.72   0.01   0.05   0.72   0.72   0.01   0.93   0.02   0.91   0.93   0.93   0.93   0.93   0.93   0.99   0.92   0.93   0.08   0.99   0.63   0.93   0.99   0.92   0.99   0.92   0.92   0.03   0.03   0.93   0.07   0.93   0.99   0.01   0.02   0.92   0.24   0.93   0.06   0.95   0.98   0.99   0.08   0.91   0.95   0.92   0.92   0.93   0.92   0.95   0.02   0.92   0.85   0.96   0.73   0.99   0.76   0.92   0.98   0.92   0.99   0.98   

5.00   5.00   5.00   5.00   5.00   5.00   5.00   5.00   5.00   5.00   5.00   5.00   5.00   5.00   5.00   5.00   5.00   5.00   5.00   5.00   5.00   5.00   5.00   5.00   5.00   5.00   5.00   5.00   5.00   5.00   5.00   5.00   5.00   5.00   5.00   5.00   5.00   5.00   5.00   5.00   5.00   5.00   5.00   5.00   5.00   5.00   5.00   5.00   5.00   5.00   5.00   5.00   5.00   5.00   5.00   5.00   5.00   5.00   5.00   5.00   5.00   5.00   5.00   5.00   5.00   5.00   5.00   5.00   5.00   5.00   5.00   5.00   5.00   5.00   5.00   5.00   5.00   5.00   
0.19   0.07   0.04   0.03   0.11   0.26   0.03   0.01   0.04   0.01   0.13   0.49   0.04   0.08   0.15   0.14   0.01   0.03   0.01   0.13   0.02   0.02   0.22   0.53   0.06   0.77   0.00   0.00   0.01   0.01   0.01   0.70   0.08   0.02   0.08   0.84   0.64   0.02   0.16   0.96   0.97   0.82   0.95   0.03   0.08   0.10   0.08   0.02   0.88   0.22   0.04   0.83   0.44   0.02   0.37   0.87   0.94   0.92   0.82   0.92   0.98   0.75   0.80   0.93   0.52   0.79   0.15   0.96   0.80   0.74   0.23   0.21   0.93   0.93   0.15   0.74   0.83   0.88   
0.19   0.07   0.04   0.03   0.11   0.26   0.03   0.01   0.04   0.01   0.13   0.49   0.04   0.08   0.15   0.14   0.01   0.03   0.01   0.13   0.02   0.02   0.22   0.53   0.06   0.77   0.00   0.00   0.01   0.01   0.01   0.70   0.08   0.02   0.08   0.84   0.64   0.02   0.16   0.96   0.97   0.82   0.95   0.03   0.08   0.10   0.08   0.02   0.88   0.22   0.04   0.83   0.44   0.02   0.37   0.87   0.94   0.92   0.82   0.92   0.98   0.75   0.80   0.93   0.52   0.79   0.15   0.96   0.80   0.74   0.23   0.21   0.93   0.93   0.15   0.74   0.83   0.88   
0.50   0.50   0.50   0.50   0.50   0.50   0.50   0.50   0.50   0.50   0.50   0.50   0.50   0.50   0.50   0.50   0.50   0.50   0.50   0.27   0.50   0.50   0.11   0.50   0.50   0.50   0.50   0.50   0.50   0.50   0.50   0.50   0.50   0.50   0.59   0.50   0.50   0.50   0.50   0.50   0.50   0.50   0.50   0.50   0.21   0.50   0.50   0.50   0.50   0.08   0.50   0.50   0.46   0.50   0.50   0.50   0.72   0.78   0.04   0.50   0.50   0.50   0.50   0.69   0.50   0.50   0.11   0.50   0.61   0.50   0.88   0.50   0.50   0.50   0.50   0.50   0.50   0.50   
0.03   0.02   0.03   0.71   0.93   0.92   0.02   0.07   0.03   0.93   0.93   0.92   0.93   0.04   0.87   0.92   0.82   0.71   0.01   0.05   0.71   0.71   0.01   0.93   0.02   0.91   0.93   0.93   0.93   0.93   0.93   0.99   0.93   0.93   0.09   0.99   0.64   0.93   0.99   0.92   0.99   0.92   0.92   0.03   0.03   0.93   0.07   0.93   0.99   0.01   0.02   0.92   0.20   0.93   0.06   0.94   0.98   0.99   0.06   0.91   0.94   0.92   0.92   0.93   0.92   0.94   0.01   0.92   0.84   0.96   0.74   0.99   0.77   0.92   0.98   0.92   0.99   0.98   

5.00   5.00   5.00   5.00   5.00   5.00   5.00   5.00   5.00   5.00   5.00   5.00   5.00   5.00   5.00   5.00   5.00   5.00   5.00   5.00   5.00   5.00   5.00   5.00   5.00   5.00   5.00   5.00   5.00   5.00   5.00   5.00   5.00   5.00   5.00   5.00   5.00   5.00   5.00   5.00   5.00   5.00   5.00   5.00   5.00   5.00   5.00   5.00   5.00   5.00   5.00   5.00   5.00   5.00   5.00   5.00   5.00   5.00   5.00   5.00   5.00   5.00   5.00   5.00   5.00   5.00   5.00   5.00   5.00   5.00   5.00   5.00   5.00   5.00   5.00   5.00   5.00   5.00   
0.17   0.06   0.03   0.03   0.10   0.23   0.08   0.01   0.03   0.01   0.11   0.54   0.03   0.14   0.14   0.21   0.01   0.03   0.01   0.11   0.02   0.02   0.29   0.57   0.05   0.72   0.00   0.00   0.01   0.01   0.01   0.73   0.08   0.01   0.14   0.79   0.58   0.02   0.14   0.97   0.97   0.83   0.91   0.03   0.14   0.09   0.14   0.02   0.89   0.20   0.03   0.85   0.40   0.02   0.33   0.81   0.95   0.86   0.85   0.86   0.98   0.77   0.82   0.94   0.56   0.82   0.14   0.97   0.74   0.69   0.21   0.20   0.88   0.94   0.14   0.76   0.85   0.89   
0.17   0.06   0.03   0.03   0.10   0.23   0.08   0.01   0.03   0.01   0.11   0.54   0.03   0.14   0.14   0.21   0.01   0.03   0.01   0.11   0.02   0.02   0.29   0.57   0.05   0.72   0.00   0.00   0.01   0.01   0.01   0.73   0.08   0.01   0.14   0.79   0.58   0.02   0.14   0.97   0.97   0.83   0.91   0.03   0.14   0.09   0.14   0.02   0.89   0.20   0.03   0.85   0.40   0.02   0.33   0.81   0.95   0.86   0.85   0.86   0.98   0.77   0.82   0.94   0.56   0.82   0.14   0.97   0.74   0.69   0.21   0.20   0.88   0.94   0.14   0.76   0.85   0.89   
0.50   0.50   0.50   0.50   0.50   0.50   0.50   0.50   0.50   0.50   0.50   0.50   0.50   0.50   0.50   0.50   0.50   0.50   0.50   0.29   0.50   0.50   0.10   0.50   0.50   0.50   0.50   0.50   0.50   0.50   0.50   0.50   0.50   0.50   0.76   0.50   0.50   0.50   0.50   0.50   0.50   0.50   0.50   0.50   0.29   0.50   0.50   0.50   0.50   0.50   0.50   0.50   0.64   0.50   0.50   0.50   0.72   0.83   0.04   0.50   0.50   0.50   0.50   0.79   0.50   0.50   0.11   0.50   0.71   0.50   0.82   0.50   0.50   0.50   0.50   0.50   0.50   0.50   
0.03   0.02   0.03   0.71   0.93   0.92   0.02   0.08   0.03   0.94   0.93   0.92   0.93   0.04   0.86   0.92   0.82   0.71   0.01   0.05   0.71   0.71   0.01   0.93   0.02   0.91   0.93   0.93   0.93   0.93   0.93   0.99   0.93   0.93   0.25   0.99   0.64   0.94   0.99   0.92   0.99   0.92   0.92   0.03   0.05   0.93   0.07   0.93   0.99   0.07   0.02   0.92   0.32   0.93   0.06   0.94   0.98   0.99   0.07   0.91   0.94   0.92   0.92   0.96   0.92   0.94   0.01   0.92   0.88   0.96   0.63   0.99   0.76   0.92   0.98   0.92   0.99   0.98   

5.00   5.00   5.00   5.00   5.00   5.00   5.00   5.00   5.00   5.00   5.00   5.00   5.00   5.00   5.00   5.00   5.00   5.00   5.00   5.00   5.00   5.00   5.00   5.00   5.00   5.00   5.00   5.00   5.00   5.00   5.00   5.00   5.00   5.00   5.00   5.00   5.00   5.00   5.00   5.00   5.00   5.00   5.00   5.00   5.00   5.00   5.00   5.00   5.00   5.00   5.00   5.00   5.00   5.00   5.00   5.00   5.00   5.00   5.00   5.00   5.00   5.00   5.00   5.00   5.00   5.00   5.00   5.00   5.00   5.00   5.00   5.00   5.00   5.00   5.00   5.00   5.00   5.00   
0.16   0.06   0.03   0.03   0.09   0.22   0.10   0.01   0.03   0.01   0.10   0.52   0.03   0.14   0.13   0.20   0.01   0.03   0.01   0.13   0.01   0.02   0.27   0.55   0.05   0.70   0.00   0.00   0.01   0.01   0.01   0.71   0.07   0.01   0.14   0.78   0.57   0.02   0.13   0.97   0.97   0.82   0.92   0.02   0.14   0.08   0.14   0.01   0.87   0.20   0.03   0.86   0.38   0.02   0.32   0.79   0.94   0.85   0.83   0.84   0.98   0.75   0.80   0.93   0.53   0.79   0.13   0.96   0.72   0.67   0.24   0.19   0.86   0.93   0.13   0.74   0.83   0.88   
0.16   0.06   0.03   0.03   0.09   0.22   0.10   0.01   0.03   0.01   0.10   0.52   0.03   0.14   0.13   0.20   0.01   0.03   0.01   0.13   0.01   0.02   0.27   0.55   0.05   0.70   0.00   0.00   0.01   0.01   0.01   0.71   0.07   0.01   0.14   0.78   0.57   0.02   0.13   0.97   0.97   0.82   0.92   0.02   0.14   0.08   0.14   0.01   0.87   0.20   0.03   0.86   0.38   0.02   0.32   0.79   0.94   0.85   0.83   0.84   0.98   0.75   0.80   0.93   0.53   0.79   0.13   0.96   0.72   0.67   0.24   0.19   0.86   0.93   0.13   0.74   0.83   0.88   
0.50   0.50   0.50   0.50   0.50   0.50   0.50   0.50   0.50   0.50   0.50   0.50   0.50   0.50   0.50   0.50   0.50   0.50   0.50   0.26   0.50   0.50   0.08   0.50   0.50   0.50   0.50   0.50   0.50   0.50   0.50   0.50   0.50   0.50   0.75   0.50   0.50   0.50   0.50   0.50   0.50   0.50   0.50   0.50   0.25   0.50   0.50   0.50   0.50   0.50   0.50   0.50   0.62   0.50   0.50   0.50   0.71   0.83   0.03   0.50   0.50   0.50   0.50   0.79   0.50   0.50   0.08   0.50   0.70   0.50   0.82   0.50   0.50   0.50   0.50   0.50   0.50   0.50   
0.02   0.01   0.02   0.02   0.93   0.92   0.01   0.07   0.02   0.92   0.92   0.92   0.92   0.04   0.89   0.92   0.80   0.02   0.01   0.04   0.02   0.02   0.01   0.92   0.02   0.91   0.92   0.92   0.92   0.92   0.92   0.99   0.93   0.92   0.22   0.99   0.61   0.92   0.99   0.92   0.99   0.92   0.92   0.02   0.04   0.92   0.07   0.92   0.99   0.07   0.02   0.92   0.31   0.92   0.07   0.95   0.98   0.99   0.05   0.91   0.95   0.92   0.92   0.96   0.92   0.95   0.01   0.92   0.88   0.96   0.63   0.99   0.77   0.92   0.98   0.92   0.99   0.98   

5.00   5.00   5.00   5.00   5.00   5.00   5.00   5.00   5.00   5.00   5.00   5.00   5.00   5.00   5.00   5.00   5.00   5.00   5.00   5.00   5.00   5.00   5.00   5.00   5.00   5.00   5.00   5.00   5.00   5.00   5.00   5.00   5.00   5.00   5.00   5.00   5.00   5.00   5.00   5.00   5.00   5.00   5.00   5.00   5.00   5.00   5.00   5.00   5.00   5.00   5.00   5.00   5.00   5.00   5.00   5.00   5.00   5.00   5.00   5.00   5.00   5.00   5.00   5.00   5.00   5.00   5.00   5.00   5.00   5.00   5.00   5.00   5.00   5.00   5.00   5.00   5.00   5.00   
0.16   0.06   0.03   0.03   0.09   0.22   0.10   0.01   0.03   0.01   0.10   0.52   0.03   0.14   0.13   0.20   0.01   0.03   0.01   0.13   0.01   0.02   0.27   0.55   0.05   0.70   0.00   0.00   0.01   0.01   0.01   0.71   0.07   0.01   0.14   0.78   0.57   0.02   0.13   0.97   0.97   0.82   0.92   0.02   0.14   0.08   0.14   0.01   0.87   0.20   0.03   0.86   0.38   0.02   0.32   0.79   0.94   0.85   0.83   0.84   0.98   0.75   0.80   0.93   0.53   0.79   0.13   0.96   0.72   0.67   0.24   0.19   0.86   0.93   0.13   0.74   0.83   0.88   
0.16   0.06   0.03   0.03   0.09   0.22   0.10   0.01   0.03   0.01   0.10   0.52   0.03   0.14   0.13   0.20   0.01   0.03   0.01   0.13   0.01   0.02   0.27   0.55   0.05   0.70   0.00   0.00   0.01   0.01   0.01   0.71   0.07   0.01   0.14   0.78   0.57   0.02   0.13   0.97   0.97   0.82   0.92   0.02   0.14   0.08   0.14   0.01   0.87   0.20   0.03   0.86   0.38   0.02   0.32   0.79   0.94   0.85   0.83   0.84   0.98   0.75   0.80   0.93   0.53   0.79   0.13   0.96   0.72   0.67   0.24   0.19   0.86   0.93   0.13   0.74   0.83   0.88   
0.50   0.50   0.50   0.50   0.50   0.50   0.50   0.50   0.50   0.50   0.50   0.50   0.50   0.50   0.50   0.50   0.50   0.50   0.50   0.25   0.50   0.50   0.08   0.50   0.50   0.50   0.50   0.50   0.50   0.50   0.50   0.50   0.50   0.50   0.71   0.50   0.50   0.50   0.50   0.50   0.50   0.50   0.50   0.50   0.24   0.50   0.50   0.50   0.50   0.50   0.50   0.50   0.58   0.50   0.50   0.50   0.67   0.80   0.03   0.50   0.50   0.50   0.50   0.75   0.50   0.50   0.09   0.50   0.66   0.50   0.78   0.50   0.50   0.50   0.50   0.50   0.50   0.50   
0.02   0.01   0.02   0.02   0.93   0.92   0.01   0.07   0.02   0.92   0.92   0.92   0.92   0.04   0.89   0.92   0.80   0.02   0.01   0.04   0.02   0.02   0.01   0.92   0.02   0.91   0.92   0.92   0.92   0.92   0.92   0.99   0.93   0.92   0.17   0.99   0.61   0.92   0.99   0.92   0.99   0.92   0.92   0.02   0.04   0.92   0.07   0.92   0.99   0.07   0.02   0.92   0.27   0.92   0.07   0.95   0.98   0.99   0.05   0.91   0.95   0.92   0.92   0.95   0.92   0.95   0.01   0.92   0.85   0.96   0.57   0.99   0.77   0.92   0.98   0.92   0.99   0.98   

0.00   0.00   0.00   0.00   0.00   0.00   0.00   0.00   0.00   0.00   0.00   0.00   0.00   0.00   0.00   0.00   0.00   0.00   0.00   0.00   0.00   0.00   0.00   0.00   0.00   0.00   0.00   0.00   0.00   0.00   0.00   1.00   0.00   0.00   0.00   1.00   1.00   0.00   0.00   1.00   1.00   1.00   1.00   0.00   0.00   0.00   0.00   0.00   1.00   1.00   0.00   1.00   0.00   0.00   1.00   1.00   1.00   1.00   1.00   1.00   1.00   1.00   1.00   1.00   1.00   1.00   0.00   1.00   1.00   1.00   1.00   1.00   1.00   1.00   1.00   1.00   1.00   1.00   