5.00   5.00   5.00   5.00   5.00   5.00   5.00   5.00   5.00   5.00   5.00   5.00   5.00   5.00   5.00   5.00   5.00   5.00   5.00   5.00   5.00   5.00   5.00   5.00   5.00   5.00   5.00   5.00   5.00   5.00   5.00   5.00   5.00   5.00   5.00   5.00   5.00   5.00   5.00   5.00   5.00   5.00   5.00   5.00   5.00   5.00   5.00   5.00   5.00   5.00   5.00   5.00   5.00   5.00   5.00   5.00   5.00   5.00   5.00   5.00   5.00   5.00   5.00   5.00   5.00   5.00   5.00   5.00   5.00   5.00   5.00   5.00   5.00   5.00   5.00   5.00   5.00   5.00   
0.17   0.02   0.17   0.17   0.17   0.17   0.17   0.70   0.96   0.17   0.17   0.17   0.17   0.17   0.17   0.02   0.02   0.02   0.96   0.96   0.17   0.96   0.02   0.96   0.17   0.17   0.02   0.02   0.96   0.17   0.17   0.96   0.96   0.96   0.17   0.17   0.96   0.96   0.96   0.96   0.17   0.17   0.70   0.17   0.96   0.96   0.96   0.02   0.17   0.96   0.70   0.17   0.17   0.96   0.70   0.96   0.96   0.96   0.96   0.96   0.96   0.96   0.96   0.96   0.17   0.96   0.96   0.96   0.96   0.96   0.17   0.17   0.96   0.02   0.96   0.96   0.96   0.96   
0.17   0.02   0.17   0.17   0.17   0.17   0.17   0.70   0.96   0.17   0.17   0.17   0.17   0.17   0.17   0.02   0.02   0.02   0.96   0.96   0.17   0.96   0.02   0.96   0.17   0.17   0.02   0.02   0.96   0.17   0.17   0.96   0.96   0.96   0.17   0.17   0.96   0.96   0.96   0.96   0.17   0.17   0.70   0.17   0.96   0.96   0.96   0.02   0.17   0.96   0.70   0.17   0.17   0.96   0.70   0.96   0.96   0.96   0.96   0.96   0.96   0.96   0.96   0.96   0.17   0.96   0.96   0.96   0.96   0.96   0.17   0.17   0.96   0.02   0.96   0.96   0.96   0.96   
0.07   0.50   0.12   0.10   0.44   0.03   0.60   0.05   0.17   0.24   0.16   0.72   0.25   0.29   0.10   0.20   0.04   0.11   0.55   0.28   0.04   0.25   0.08   0.48   0.10   0.04   0.09   0.07   0.32   0.05   0.27   0.46   0.68   0.36   0.29   0.25   0.53   0.76   0.78   0.94   0.17   0.17   0.89   0.54   0.80   0.85   0.74   0.18   0.18   0.72   0.33   0.18   0.05   0.44   0.17   0.44   0.21   0.61   0.76   0.81   0.32   0.31   0.83   0.68   0.71   0.52   0.22   0.58   0.42   0.82   0.34   0.50   0.38   0.42   0.43   0.44   0.70   0.79   
0.01   0.02   0.01   0.01   0.07   0.00   0.57   0.04   0.85   0.03   0.02   0.69   0.03   0.04   0.01   0.00   0.00   0.00   0.97   0.92   0.00   0.91   0.00   0.96   0.01   0.00   0.00   0.00   0.93   0.00   0.03   0.96   0.98   0.94   0.04   0.03   0.97   0.99   0.99   1.00   0.02   0.02   0.98   0.51   0.99   0.99   0.99   0.00   0.02   0.99   0.72   0.02   0.00   0.96   0.13   0.96   0.89   0.98   0.99   0.99   0.93   0.93   0.99   0.98   0.68   0.97   0.89   0.98   0.95   0.99   0.04   0.08   0.95   0.01   0.96   0.96   0.99   0.99   

5.00   5.00   5.00   5.00   5.00   5.00   5.00   5.00   5.00   5.00   5.00   5.00   5.00   5.00   5.00   5.00   5.00   5.00   5.00   5.00   5.00   5.00   5.00   5.00   5.00   5.00   5.00   5.00   5.00   5.00   5.00   5.00   5.00   5.00   5.00   5.00   5.00   5.00   5.00   5.00   5.00   5.00   5.00   5.00   5.00   5.00   5.00   5.00   5.00   5.00   5.00   5.00   5.00   5.00   5.00   5.00   5.00   5.00   5.00   5.00   5.00   5.00   5.00   5.00   5.00   5.00   5.00   5.00   5.00   5.00   5.00   5.00   5.00   5.00   5.00   5.00   5.00   5.00   
0.12   0.26   0.12   0.12   0.12   0.12   0.12   0.59   0.98   0.12   0.40   0.12   0.12   0.12   0.12   0.02   0.02   0.02   0.77   0.77   0.12   0.98   0.02   0.98   0.12   0.12   0.02   0.02   0.77   0.12   0.12   0.98   0.77   0.98   0.12   0.12   0.98   0.77   0.98   0.77   0.12   0.40   0.59   0.12   0.98   0.77   0.98   0.02   0.40   0.98   0.84   0.40   0.12   0.77   0.59   0.98   0.98   0.77   0.77   0.77   0.77   0.77   0.77   0.77   0.40   0.77   0.77   0.77   0.77   0.77   0.12   0.12   0.98   0.02   0.98   0.77   0.77   0.98   
0.12   0.26   0.12   0.12   0.12   0.12   0.12   0.59   0.98   0.12   0.40   0.12   0.12   0.12   0.12   0.02   0.02   0.02   0.77   0.77   0.12   0.98   0.02   0.98   0.12   0.12   0.02   0.02   0.77   0.12   0.12   0.98   0.77   0.98   0.12   0.12   0.98   0.77   0.98   0.77   0.12   0.40   0.59   0.12   0.98   0.77   0.98   0.02   0.40   0.98   0.84   0.40   0.12   0.77   0.59   0.98   0.98   0.77   0.77   0.77   0.77   0.77   0.77   0.77   0.40   0.77   0.77   0.77   0.77   0.77   0.12   0.12   0.98   0.02   0.98   0.77   0.77   0.98   
0.04   0.40   0.06   0.05   0.37   0.50   0.55   0.02   0.12   0.20   0.11   0.78   0.16   0.18   0.06   0.50   0.50   0.50   0.52   0.24   0.50   0.23   0.50   0.57   0.07   0.50   0.50   0.50   0.24   0.50   0.28   0.40   0.67   0.32   0.29   0.15   0.44   0.84   0.88   0.50   0.13   0.14   0.95   0.54   0.81   0.50   0.70   0.50   0.09   0.72   0.23   0.16   0.50   0.36   0.10   0.43   0.17   0.66   0.78   0.85   0.28   0.21   0.89   0.67   0.77   0.46   0.15   0.59   0.37   0.81   0.33   0.53   0.28   0.39   0.30   0.44   0.73   0.87   
0.00   0.03   0.01   0.01   0.06   0.55   0.57   0.02   0.88   0.03   0.03   0.79   0.02   0.02   0.01   0.02   0.02   0.02   0.95   0.84   0.55   0.94   0.02   0.99   0.01   0.55   0.02   0.02   0.84   0.55   0.04   0.97   0.97   0.96   0.04   0.02   0.98   0.99   1.00   0.97   0.02   0.04   0.99   0.55   1.00   0.97   0.99   0.02   0.02   0.99   0.66   0.04   0.55   0.91   0.08   0.98   0.92   0.97   0.98   0.99   0.87   0.82   0.99   0.97   0.84   0.94   0.74   0.96   0.91   0.99   0.05   0.54   0.96   0.01   0.96   0.93   0.98   1.00   

5.00   5.00   5.00   5.00   5.00   5.00   5.00   5.00   5.00   5.00   5.00   5.00   5.00   5.00   5.00   5.00   5.00   5.00   5.00   5.00   5.00   5.00   5.00   5.00   5.00   5.00   5.00   5.00   5.00   5.00   5.00   5.00   5.00   5.00   5.00   5.00   5.00   5.00   5.00   5.00   5.00   5.00   5.00   5.00   5.00   5.00   5.00   5.00   5.00   5.00   5.00   5.00   5.00   5.00   5.00   5.00   5.00   5.00   5.00   5.00   5.00   5.00   5.00   5.00   5.00   5.00   5.00   5.00   5.00   5.00   5.00   5.00   5.00   5.00   5.00   5.00   5.00   5.00   
0.07   0.13   0.07   0.07   0.07   0.07   0.07   0.79   0.63   0.07   0.22   0.46   0.07   0.07   0.07   0.02   0.02   0.02   0.89   0.89   0.07   0.98   0.38   0.98   0.07   0.07   0.02   0.02   0.89   0.07   0.07   0.98   0.89   0.98   0.07   0.07   0.98   0.50   0.98   0.89   0.07   0.22   0.79   0.07   0.98   0.89   0.98   0.02   0.22   0.63   0.54   0.57   0.07   0.50   0.79   0.98   0.98   0.50   0.89   0.89   0.89   0.89   0.50   0.50   0.22   0.50   0.50   0.89   0.50   0.89   0.46   0.46   0.98   0.02   0.63   0.89   0.89   0.98   
0.07   0.13   0.07   0.07   0.07   0.07   0.07   0.79   0.63   0.07   0.22   0.46   0.07   0.07   0.07   0.02   0.02   0.02   0.89   0.89   0.07   0.98   0.38   0.98   0.07   0.07   0.02   0.02   0.89   0.07   0.07   0.98   0.89   0.98   0.07   0.07   0.98   0.50   0.98   0.89   0.07   0.22   0.79   0.07   0.98   0.89   0.98   0.02   0.22   0.63   0.54   0.57   0.07   0.50   0.79   0.98   0.98   0.50   0.89   0.89   0.89   0.89   0.50   0.50   0.22   0.50   0.50   0.89   0.50   0.89   0.46   0.46   0.98   0.02   0.63   0.89   0.89   0.98   
0.50   0.28   0.50   0.50   0.35   0.50   0.59   0.01   0.08   0.18   0.08   0.81   0.10   0.15   0.03   0.50   0.50   0.50   0.48   0.25   0.50   0.21   0.50   0.68   0.05   0.50   0.50   0.50   0.24   0.50   0.21   0.31   0.73   0.35   0.19   0.12   0.43   0.91   0.50   0.50   0.11   0.09   0.98   0.44   0.50   0.50   0.69   0.50   0.04   0.79   0.15   0.16   0.50   0.27   0.06   0.47   0.13   0.73   0.80   0.87   0.23   0.15   0.89   0.73   0.81   0.47   0.10   0.54   0.41   0.83   0.33   0.59   0.29   0.38   0.25   0.44   0.77   0.50   
0.07   0.02   0.07   0.07   0.03   0.09   0.08   0.01   0.09   0.01   0.01   0.83   0.01   0.01   0.00   0.02   0.02   0.02   0.96   0.89   0.09   0.94   0.02   0.99   0.00   0.09   0.02   0.02   0.88   0.09   0.02   0.97   0.98   0.97   0.01   0.01   0.98   0.97   0.98   0.97   0.01   0.01   1.00   0.05   0.98   0.97   0.99   0.02   0.01   0.94   0.11   0.09   0.09   0.51   0.08   0.98   0.90   0.88   0.99   0.99   0.88   0.81   0.96   0.88   0.72   0.72   0.08   0.96   0.67   0.99   0.17   0.62   0.96   0.01   0.59   0.95   0.99   0.98   

5.00   5.00   5.00   5.00   5.00   5.00   5.00   5.00   5.00   5.00   5.00   5.00   5.00   5.00   5.00   5.00   5.00   5.00   5.00   5.00   5.00   5.00   5.00   5.00   5.00   5.00   5.00   5.00   5.00   5.00   5.00   5.00   5.00   5.00   5.00   5.00   5.00   5.00   5.00   5.00   5.00   5.00   5.00   5.00   5.00   5.00   5.00   5.00   5.00   5.00   5.00   5.00   5.00   5.00   5.00   5.00   5.00   5.00   5.00   5.00   5.00   5.00   5.00   5.00   5.00   5.00   5.00   5.00   5.00   5.00   5.00   5.00   5.00   5.00   5.00   5.00   5.00   5.00   
0.14   0.12   0.14   0.06   0.14   0.06   0.14   0.71   0.64   0.14   0.21   0.50   0.14   0.06   0.06   0.04   0.01   0.01   0.82   0.82   0.06   0.99   0.36   0.99   0.06   0.06   0.01   0.01   0.90   0.14   0.14   0.95   0.90   0.99   0.14   0.14   0.99   0.46   0.99   0.90   0.06   0.28   0.71   0.14   0.99   0.82   0.95   0.01   0.21   0.64   0.49   0.60   0.14   0.46   0.71   0.99   0.99   0.46   0.82   0.82   0.82   0.90   0.46   0.52   0.28   0.46   0.46   0.82   0.46   0.82   0.44   0.50   0.99   0.01   0.64   0.90   0.82   0.99   
0.14   0.12   0.14   0.06   0.14   0.06   0.14   0.71   0.64   0.14   0.21   0.50   0.14   0.06   0.06   0.04   0.01   0.01   0.82   0.82   0.06   0.99   0.36   0.99   0.06   0.06   0.01   0.01   0.90   0.14   0.14   0.95   0.90   0.99   0.14   0.14   0.99   0.46   0.99   0.90   0.06   0.28   0.71   0.14   0.99   0.82   0.95   0.01   0.21   0.64   0.49   0.60   0.14   0.46   0.71   0.99   0.99   0.46   0.82   0.82   0.82   0.90   0.46   0.52   0.28   0.46   0.46   0.82   0.46   0.82   0.44   0.50   0.99   0.01   0.64   0.90   0.82   0.99   
0.50   0.27   0.50   0.50   0.33   0.50   0.56   0.01   0.08   0.18   0.08   0.83   0.09   0.15   0.50   0.50   0.50   0.50   0.47   0.26   0.50   0.18   0.50   0.76   0.50   0.50   0.50   0.50   0.24   0.50   0.17   0.47   0.79   0.40   0.17   0.11   0.43   0.94   0.50   0.50   0.12   0.09   0.50   0.44   0.50   0.50   0.70   0.50   0.50   0.87   0.13   0.14   0.50   0.29   0.07   0.56   0.13   0.78   0.87   0.50   0.24   0.14   0.95   0.77   0.81   0.55   0.11   0.55   0.55   0.88   0.38   0.72   0.31   0.40   0.28   0.51   0.87   0.50   
0.07   0.02   0.07   0.07   0.03   0.09   0.08   0.01   0.08   0.02   0.01   0.86   0.01   0.01   0.06   0.02   0.02   0.02   0.94   0.87   0.09   0.93   0.02   1.00   0.06   0.09   0.02   0.02   0.88   0.09   0.01   0.98   0.99   0.98   0.01   0.01   0.98   0.98   0.98   0.97   0.01   0.01   0.86   0.05   0.98   0.97   0.99   0.02   0.12   0.96   0.09   0.09   0.09   0.24   0.10   0.99   0.91   0.90   0.99   0.95   0.86   0.78   0.98   0.90   0.74   0.76   0.09   0.96   0.76   0.99   0.21   0.77   0.97   0.01   0.62   0.96   0.99   0.98   

5.00   5.00   5.00   5.00   5.00   5.00   5.00   5.00   5.00   5.00   5.00   5.00   5.00   5.00   5.00   5.00   5.00   5.00   5.00   5.00   5.00   5.00   5.00   5.00   5.00   5.00   5.00   5.00   5.00   5.00   5.00   5.00   5.00   5.00   5.00   5.00   5.00   5.00   5.00   5.00   5.00   5.00   5.00   5.00   5.00   5.00   5.00   5.00   5.00   5.00   5.00   5.00   5.00   5.00   5.00   5.00   5.00   5.00   5.00   5.00   5.00   5.00   5.00   5.00   5.00   5.00   5.00   5.00   5.00   5.00   5.00   5.00   5.00   5.00   5.00   5.00   5.00   5.00   
0.08   0.09   0.08   0.03   0.08   0.03   0.08   0.66   0.56   0.08   0.15   0.41   0.08   0.03   0.03   0.20   0.01   0.01   0.73   0.73   0.03   0.99   0.31   0.90   0.03   0.03   0.01   0.01   0.95   0.08   0.08   0.97   0.79   0.99   0.08   0.08   0.99   0.55   0.90   0.95   0.03   0.20   0.83   0.08   0.90   0.73   0.85   0.15   0.15   0.56   0.45   0.50   0.08   0.55   0.83   0.99   0.99   0.40   0.90   0.73   0.73   0.95   0.40   0.60   0.20   0.55   0.40   0.73   0.55   0.73   0.49   0.41   0.99   0.15   0.70   0.79   0.90   0.99   
0.08   0.09   0.08   0.03   0.08   0.03   0.08   0.66   0.56   0.08   0.15   0.41   0.08   0.03   0.03   0.20   0.01   0.01   0.73   0.73   0.03   0.99   0.31   0.90   0.03   0.03   0.01   0.01   0.95   0.08   0.08   0.97   0.79   0.99   0.08   0.08   0.99   0.55   0.90   0.95   0.03   0.20   0.83   0.08   0.90   0.73   0.85   0.15   0.15   0.56   0.45   0.50   0.08   0.55   0.83   0.99   0.99   0.40   0.90   0.73   0.73   0.95   0.40   0.60   0.20   0.55   0.40   0.73   0.55   0.73   0.49   0.41   0.99   0.15   0.70   0.79   0.90   0.99   
0.50   0.21   0.50   0.50   0.26   0.50   0.53   0.01   0.05   0.12   0.07   0.84   0.07   0.13   0.50   0.50   0.50   0.50   0.51   0.25   0.50   0.21   0.50   0.50   0.50   0.50   0.50   0.50   0.24   0.50   0.15   0.48   0.85   0.41   0.16   0.09   0.46   0.95   0.50   0.50   0.10   0.14   0.50   0.47   0.50   0.50   0.75   0.50   0.50   0.85   0.11   0.14   0.50   0.25   0.05   0.53   0.09   0.85   0.90   0.50   0.25   0.10   0.98   0.75   0.84   0.48   0.10   0.56   0.76   0.90   0.43   0.85   0.30   0.53   0.20   0.66   0.93   0.50   
0.06   0.01   0.06   0.06   0.02   0.07   0.05   0.01   0.04   0.01   0.01   0.82   0.00   0.01   0.05   0.02   0.02   0.02   0.83   0.32   0.07   0.96   0.02   0.99   0.05   0.07   0.02   0.02   0.90   0.07   0.01   0.98   0.97   0.98   0.01   0.01   0.99   0.99   0.98   0.96   0.00   0.02   0.85   0.04   0.98   0.96   0.96   0.02   0.12   0.93   0.06   0.08   0.07   0.28   0.10   0.99   0.90   0.90   0.99   0.94   0.32   0.77   0.98   0.92   0.73   0.76   0.06   0.86   0.92   0.98   0.55   0.83   0.97   0.15   0.60   0.91   1.00   0.98   

5.00   5.00   5.00   5.00   5.00   5.00   5.00   5.00   5.00   5.00   5.00   5.00   5.00   5.00   5.00   5.00   5.00   5.00   5.00   5.00   5.00   5.00   5.00   5.00   5.00   5.00   5.00   5.00   5.00   5.00   5.00   5.00   5.00   5.00   5.00   5.00   5.00   5.00   5.00   5.00   5.00   5.00   5.00   5.00   5.00   5.00   5.00   5.00   5.00   5.00   5.00   5.00   5.00   5.00   5.00   5.00   5.00   5.00   5.00   5.00   5.00   5.00   5.00   5.00   5.00   5.00   5.00   5.00   5.00   5.00   5.00   5.00   5.00   5.00   5.00   5.00   5.00   5.00   
0.05   0.07   0.05   0.03   0.05   0.03   0.05   0.55   0.49   0.05   0.11   0.28   0.05   0.03   0.03   0.14   0.01   0.01   0.61   0.61   0.03   0.89   0.21   0.94   0.03   0.03   0.01   0.01   0.81   0.05   0.05   0.98   0.87   0.99   0.05   0.05   0.99   0.72   0.76   0.96   0.03   0.14   0.71   0.05   0.76   0.84   0.92   0.12   0.11   0.49   0.40   0.37   0.05   0.51   0.71   0.99   0.89   0.58   0.95   0.84   0.61   0.81   0.58   0.54   0.14   0.51   0.36   0.61   0.72   0.84   0.39   0.28   0.99   0.12   0.83   0.65   0.95   0.89   
0.05   0.07   0.05   0.03   0.05   0.03   0.05   0.55   0.49   0.05   0.11   0.28   0.05   0.03   0.03   0.14   0.01   0.01   0.61   0.61   0.03   0.89   0.21   0.94   0.03   0.03   0.01   0.01   0.81   0.05   0.05   0.98   0.87   0.99   0.05   0.05   0.99   0.72   0.76   0.96   0.03   0.14   0.71   0.05   0.76   0.84   0.92   0.12   0.11   0.49   0.40   0.37   0.05   0.51   0.71   0.99   0.89   0.58   0.95   0.84   0.61   0.81   0.58   0.54   0.14   0.51   0.36   0.61   0.72   0.84   0.39   0.28   0.99   0.12   0.83   0.65   0.95   0.89   
0.50   0.22   0.50   0.50   0.31   0.50   0.58   0.50   0.06   0.16   0.09   0.89   0.50   0.50   0.50   0.50   0.50   0.50   0.45   0.24   0.50   0.20   0.50   0.50   0.50   0.50   0.50   0.50   0.20   0.50   0.19   0.52   0.85   0.45   0.23   0.50   0.51   0.98   0.50   0.50   0.50   0.20   0.50   0.49   0.50   0.50   0.84   0.50   0.50   0.90   0.08   0.29   0.50   0.31   0.06   0.64   0.12   0.86   0.50   0.50   0.38   0.08   0.99   0.80   0.80   0.65   0.14   0.62   0.79   0.91   0.60   0.92   0.28   0.54   0.17   0.76   0.50   0.50   
0.04   0.01   0.04   0.04   0.01   0.06   0.04   0.44   0.03   0.01   0.01   0.83   0.03   0.03   0.04   0.02   0.02   0.02   0.68   0.21   0.06   0.74   0.02   0.98   0.04   0.06   0.02   0.02   0.62   0.06   0.01   0.99   0.98   0.99   0.01   0.03   0.99   1.00   0.98   0.96   0.03   0.02   0.86   0.03   0.98   0.96   0.99   0.02   0.10   0.93   0.03   0.11   0.06   0.27   0.08   0.99   0.60   0.94   0.96   0.94   0.34   0.13   1.00   0.90   0.61   0.81   0.06   0.80   0.96   0.99   0.65   0.87   0.97   0.14   0.67   0.89   0.96   0.98   

5.00   5.00   5.00   5.00   5.00   5.00   5.00   5.00   5.00   5.00   5.00   5.00   5.00   5.00   5.00   5.00   5.00   5.00   5.00   5.00   5.00   5.00   5.00   5.00   5.00   5.00   5.00   5.00   5.00   5.00   5.00   5.00   5.00   5.00   5.00   5.00   5.00   5.00   5.00   5.00   5.00   5.00   5.00   5.00   5.00   5.00   5.00   5.00   5.00   5.00   5.00   5.00   5.00   5.00   5.00   5.00   5.00   5.00   5.00   5.00   5.00   5.00   5.00   5.00   5.00   5.00   5.00   5.00   5.00   5.00   5.00   5.00   5.00   5.00   5.00   5.00   5.00   5.00   
0.05   0.05   0.05   0.03   0.05   0.03   0.05   0.42   0.34   0.05   0.08   0.52   0.05   0.03   0.03   0.11   0.01   0.01   0.74   0.74   0.03   0.65   0.45   0.95   0.03   0.03   0.01   0.01   0.88   0.05   0.05   0.99   0.90   0.99   0.05   0.05   0.99   0.75   0.84   0.97   0.03   0.11   0.80   0.05   0.84   0.87   0.65   0.09   0.08   0.61   0.27   0.32   0.05   0.62   0.52   0.99   0.93   0.39   0.96   0.59   0.74   0.88   0.39   0.38   0.11   0.62   0.25   0.74   0.49   0.87   0.33   0.52   0.99   0.09   0.82   0.77   0.96   0.93   
0.05   0.05   0.05   0.03   0.05   0.03   0.05   0.42   0.34   0.05   0.08   0.52   0.05   0.03   0.03   0.11   0.01   0.01   0.74   0.74   0.03   0.65   0.45   0.95   0.03   0.03   0.01   0.01   0.88   0.05   0.05   0.99   0.90   0.99   0.05   0.05   0.99   0.75   0.84   0.97   0.03   0.11   0.80   0.05   0.84   0.87   0.65   0.09   0.08   0.61   0.27   0.32   0.05   0.62   0.52   0.99   0.93   0.39   0.96   0.59   0.74   0.88   0.39   0.38   0.11   0.62   0.25   0.74   0.49   0.87   0.33   0.52   0.99   0.09   0.82   0.77   0.96   0.93   
0.50   0.09   0.50   0.50   0.37   0.50   0.59   0.50   0.03   0.50   0.04   0.88   0.50   0.50   0.50   0.50   0.50   0.50   0.32   0.27   0.50   0.17   0.50   0.50   0.50   0.50   0.50   0.50   0.18   0.50   0.22   0.45   0.92   0.49   0.16   0.50   0.59   0.50   0.50   0.50   0.50   0.10   0.50   0.45   0.50   0.50   0.86   0.50   0.50   0.85   0.06   0.32   0.50   0.30   0.02   0.50   0.10   0.86   0.50   0.50   0.27   0.06   0.50   0.79   0.83   0.64   0.11   0.50   0.90   0.93   0.46   0.90   0.32   0.56   0.14   0.84   0.50   0.50   
0.04   0.00   0.04   0.04   0.02   0.06   0.04   0.42   0.01   0.03   0.00   0.89   0.03   0.03   0.04   0.02   0.02   0.02   0.40   0.34   0.06   0.19   0.02   0.98   0.04   0.06   0.02   0.02   0.63   0.06   0.01   0.99   0.99   0.99   0.01   0.03   0.99   0.85   0.98   0.96   0.03   0.01   0.86   0.03   0.98   0.96   0.95   0.02   0.09   0.93   0.02   0.10   0.06   0.35   0.02   0.99   0.58   0.87   0.96   0.94   0.35   0.14   0.71   0.79   0.57   0.84   0.03   0.78   0.94   0.99   0.22   0.92   0.98   0.10   0.61   0.95   0.96   0.98   

5.00   5.00   5.00   5.00   5.00   5.00   5.00   5.00   5.00   5.00   5.00   5.00   5.00   5.00   5.00   5.00   5.00   5.00   5.00   5.00   5.00   5.00   5.00   5.00   5.00   5.00   5.00   5.00   5.00   5.00   5.00   5.00   5.00   5.00   5.00   5.00   5.00   5.00   5.00   5.00   5.00   5.00   5.00   5.00   5.00   5.00   5.00   5.00   5.00   5.00   5.00   5.00   5.00   5.00   5.00   5.00   5.00   5.00   5.00   5.00   5.00   5.00   5.00   5.00   5.00   5.00   5.00   5.00   5.00   5.00   5.00   5.00   5.00   5.00   5.00   5.00   5.00   5.00   
0.04   0.05   0.05   0.03   0.04   0.03   0.05   0.41   0.33   0.05   0.08   0.52   0.05   0.03   0.02   0.12   0.01   0.01   0.75   0.74   0.03   0.64   0.44   0.95   0.03   0.03   0.01   0.01   0.88   0.04   0.05   0.99   0.90   0.99   0.05   0.04   0.99   0.75   0.84   0.98   0.02   0.11   0.81   0.05   0.84   0.88   0.66   0.09   0.07   0.62   0.28   0.32   0.04   0.63   0.53   0.99   0.92   0.39   0.95   0.58   0.75   0.88   0.39   0.39   0.10   0.63   0.26   0.75   0.49   0.88   0.34   0.52   0.99   0.08   0.83   0.78   0.95   0.93   
0.04   0.05   0.05   0.03   0.04   0.03   0.05   0.41   0.33   0.05   0.08   0.52   0.05   0.03   0.02   0.12   0.01   0.01   0.75   0.74   0.03   0.64   0.44   0.95   0.03   0.03   0.01   0.01   0.88   0.04   0.05   0.99   0.90   0.99   0.05   0.04   0.99   0.75   0.84   0.98   0.02   0.11   0.81   0.05   0.84   0.88   0.66   0.09   0.07   0.62   0.28   0.32   0.04   0.63   0.53   0.99   0.92   0.39   0.95   0.58   0.75   0.88   0.39   0.39   0.10   0.63   0.26   0.75   0.49   0.88   0.34   0.52   0.99   0.08   0.83   0.78   0.95   0.93   
0.50   0.50   0.50   0.50   0.22   0.50   0.65   0.50   0.02   0.50   0.50   0.87   0.50   0.50   0.50   0.50   0.50   0.50   0.38   0.22   0.50   0.20   0.50   0.50   0.50   0.50   0.50   0.50   0.35   0.50   0.09   0.49   0.96   0.54   0.50   0.50   0.50   0.50   0.50   0.50   0.50   0.03   0.50   0.34   0.50   0.50   0.93   0.50   0.50   0.85   0.03   0.39   0.50   0.23   0.02   0.50   0.10   0.90   0.50   0.50   0.24   0.03   0.50   0.69   0.78   0.56   0.14   0.61   0.94   0.93   0.57   0.95   0.66   0.55   0.11   0.86   0.50   0.50   
0.05   0.03   0.05   0.05   0.01   0.07   0.08   0.44   0.01   0.04   0.07   0.90   0.04   0.04   0.04   0.01   0.01   0.01   0.74   0.28   0.07   0.21   0.01   0.98   0.04   0.07   0.01   0.01   0.85   0.07   0.00   0.99   1.00   0.99   0.03   0.04   0.99   0.85   0.98   0.96   0.04   0.00   0.85   0.02   0.98   0.96   0.98   0.01   0.09   0.94   0.01   0.15   0.07   0.30   0.01   0.99   0.54   0.92   0.96   0.95   0.36   0.09   0.73   0.73   0.21   0.82   0.05   0.88   0.97   0.99   0.34   0.96   1.00   0.07   0.57   0.97   0.96   0.98   

5.00   5.00   5.00   5.00   5.00   5.00   5.00   5.00   5.00   5.00   5.00   5.00   5.00   5.00   5.00   5.00   5.00   5.00   5.00   5.00   5.00   5.00   5.00   5.00   5.00   5.00   5.00   5.00   5.00   5.00   5.00   5.00   5.00   5.00   5.00   5.00   5.00   5.00   5.00   5.00   5.00   5.00   5.00   5.00   5.00   5.00   5.00   5.00   5.00   5.00   5.00   5.00   5.00   5.00   5.00   5.00   5.00   5.00   5.00   5.00   5.00   5.00   5.00   5.00   5.00   5.00   5.00   5.00   5.00   5.00   5.00   5.00   5.00   5.00   5.00   5.00   5.00   5.00   
0.03   0.05   0.04   0.03   0.03   0.03   0.04   0.32   0.28   0.04   0.07   0.41   0.04   0.03   0.02   0.09   0.01   0.01   0.63   0.61   0.03   0.55   0.34   0.96   0.03   0.03   0.01   0.01   0.75   0.03   0.04   0.99   0.93   0.99   0.04   0.03   0.99   0.82   0.87   0.87   0.02   0.09   0.68   0.04   0.87   0.91   0.74   0.07   0.06   0.53   0.24   0.25   0.03   0.53   0.43   0.99   0.80   0.52   0.96   0.67   0.63   0.75   0.36   0.31   0.08   0.70   0.21   0.79   0.45   0.78   0.25   0.41   0.92   0.06   0.88   0.65   0.84   0.93   
0.03   0.05   0.04   0.03   0.03   0.03   0.04   0.32   0.28   0.04   0.07   0.41   0.04   0.03   0.02   0.09   0.01   0.01   0.63   0.61   0.03   0.55   0.34   0.96   0.03   0.03   0.01   0.01   0.75   0.03   0.04   0.99   0.93   0.99   0.04   0.03   0.99   0.82   0.87   0.87   0.02   0.09   0.68   0.04   0.87   0.91   0.74   0.07   0.06   0.53   0.24   0.25   0.03   0.53   0.43   0.99   0.80   0.52   0.96   0.67   0.63   0.75   0.36   0.31   0.08   0.70   0.21   0.79   0.45   0.78   0.25   0.41   0.92   0.06   0.88   0.65   0.84   0.93   
0.50   0.50   0.50   0.50   0.19   0.50   0.86   0.50   0.50   0.50   0.50   0.81   0.50   0.50   0.50   0.50   0.50   0.50   0.31   0.13   0.50   0.13   0.50   0.50   0.50   0.50   0.50   0.50   0.66   0.50   0.50   0.69   0.50   0.58   0.50   0.50   0.50   0.50   0.50   0.50   0.50   0.50   0.50   0.43   0.50   0.50   0.97   0.50   0.50   0.90   0.02   0.17   0.50   0.22   0.03   0.50   0.06   0.88   0.50   0.50   0.16   0.04   0.50   0.84   0.87   0.59   0.23   0.67   0.96   0.50   0.64   0.97   0.50   0.50   0.32   0.84   0.50   0.50   
0.05   0.03   0.05   0.05   0.00   0.06   0.53   0.39   0.22   0.03   0.06   0.77   0.03   0.03   0.04   0.01   0.01   0.01   0.30   0.11   0.06   0.09   0.01   0.98   0.04   0.06   0.01   0.01   0.85   0.06   0.04   1.00   0.91   0.99   0.03   0.03   0.99   0.86   0.98   0.96   0.03   0.07   0.85   0.03   0.98   0.96   0.99   0.01   0.08   0.93   0.01   0.04   0.06   0.19   0.02   0.99   0.09   0.94   0.96   0.95   0.16   0.06   0.74   0.82   0.55   0.84   0.07   0.90   0.97   0.91   0.32   0.96   0.99   0.05   0.87   0.91   0.96   0.98   

5.00   5.00   5.00   5.00   5.00   5.00   5.00   5.00   5.00   5.00   5.00   5.00   5.00   5.00   5.00   5.00   5.00   5.00   5.00   5.00   5.00   5.00   5.00   5.00   5.00   5.00   5.00   5.00   5.00   5.00   5.00   5.00   5.00   5.00   5.00   5.00   5.00   5.00   5.00   5.00   5.00   5.00   5.00   5.00   5.00   5.00   5.00   5.00   5.00   5.00   5.00   5.00   5.00   5.00   5.00   5.00   5.00   5.00   5.00   5.00   5.00   5.00   5.00   5.00   5.00   5.00   5.00   5.00   5.00   5.00   5.00   5.00   5.00   5.00   5.00   5.00   5.00   5.00   
0.03   0.05   0.04   0.02   0.03   0.02   0.04   0.30   0.26   0.06   0.07   0.39   0.04   0.02   0.02   0.08   0.01   0.01   0.59   0.58   0.02   0.57   0.32   0.97   0.02   0.02   0.01   0.01   0.71   0.03   0.06   0.98   0.91   0.99   0.04   0.03   0.99   0.80   0.88   0.85   0.04   0.09   0.64   0.04   0.85   0.90   0.76   0.06   0.06   0.50   0.22   0.28   0.03   0.50   0.40   0.99   0.80   0.51   0.95   0.66   0.59   0.71   0.34   0.29   0.08   0.67   0.19   0.77   0.42   0.75   0.24   0.39   0.90   0.05   0.87   0.62   0.82   0.91   
0.03   0.05   0.04   0.02   0.03   0.02   0.04   0.30   0.26   0.06   0.07   0.39   0.04   0.02   0.02   0.08   0.01   0.01   0.59   0.58   0.02   0.57   0.32   0.97   0.02   0.02   0.01   0.01   0.71   0.03   0.06   0.98   0.91   0.99   0.04   0.03   0.99   0.80   0.88   0.85   0.04   0.09   0.64   0.04   0.85   0.90   0.76   0.06   0.06   0.50   0.22   0.28   0.03   0.50   0.40   0.99   0.80   0.51   0.95   0.66   0.59   0.71   0.34   0.29   0.08   0.67   0.19   0.77   0.42   0.75   0.24   0.39   0.90   0.05   0.87   0.62   0.82   0.91   
0.50   0.50   0.50   0.50   0.50   0.50   0.86   0.50   0.50   0.50   0.50   0.59   0.50   0.50   0.50   0.50   0.50   0.50   0.41   0.18   0.50   0.03   0.50   0.50   0.50   0.50   0.50   0.50   0.58   0.50   0.50   0.50   0.50   0.50   0.50   0.50   0.50   0.50   0.50   0.50   0.50   0.50   0.50   0.36   0.50   0.50   0.50   0.50   0.50   0.92   0.50   0.04   0.50   0.41   0.02   0.50   0.05   0.88   0.50   0.50   0.16   0.07   0.50   0.92   0.64   0.63   0.37   0.62   0.96   0.50   0.78   0.95   0.50   0.44   0.42   0.84   0.50   0.50   
0.04   0.03   0.04   0.04   0.02   0.05   0.21   0.38   0.19   0.03   0.05   0.36   0.03   0.03   0.03   0.02   0.02   0.02   0.36   0.13   0.05   0.02   0.02   0.98   0.03   0.05   0.02   0.02   0.77   0.05   0.03   0.99   0.91   0.99   0.02   0.03   0.99   0.85   0.98   0.96   0.03   0.06   0.86   0.02   0.98   0.96   0.83   0.02   0.07   0.93   0.18   0.01   0.05   0.34   0.01   0.99   0.07   0.94   0.96   0.95   0.13   0.09   0.73   0.89   0.06   0.84   0.11   0.85   0.97   0.91   0.66   0.93   0.99   0.04   0.89   0.89   0.96   0.98   

5.00   5.00   5.00   5.00   5.00   5.00   5.00   5.00   5.00   5.00   5.00   5.00   5.00   5.00   5.00   5.00   5.00   5.00   5.00   5.00   5.00   5.00   5.00   5.00   5.00   5.00   5.00   5.00   5.00   5.00   5.00   5.00   5.00   5.00   5.00   5.00   5.00   5.00   5.00   5.00   5.00   5.00   5.00   5.00   5.00   5.00   5.00   5.00   5.00   5.00   5.00   5.00   5.00   5.00   5.00   5.00   5.00   5.00   5.00   5.00   5.00   5.00   5.00   5.00   5.00   5.00   5.00   5.00   5.00   5.00   5.00   5.00   5.00   5.00   5.00   5.00   5.00   5.00   
0.03   0.05   0.04   0.02   0.03   0.02   0.04   0.30   0.26   0.06   0.07   0.39   0.04   0.02   0.02   0.08   0.01   0.01   0.59   0.58   0.02   0.57   0.32   0.97   0.02   0.02   0.01   0.01   0.71   0.03   0.06   0.98   0.91   0.99   0.04   0.03   0.99   0.80   0.88   0.85   0.04   0.09   0.64   0.04   0.85   0.90   0.76   0.06   0.06   0.50   0.22   0.28   0.03   0.50   0.40   0.99   0.80   0.51   0.95   0.66   0.59   0.71   0.34   0.29   0.08   0.67   0.19   0.77   0.42   0.75   0.24   0.39   0.90   0.05   0.87   0.62   0.82   0.91   
0.03   0.05   0.04   0.02   0.03   0.02   0.04   0.30   0.26   0.06   0.07   0.39   0.04   0.02   0.02   0.08   0.01   0.01   0.59   0.58   0.02   0.57   0.32   0.97   0.02   0.02   0.01   0.01   0.71   0.03   0.06   0.98   0.91   0.99   0.04   0.03   0.99   0.80   0.88   0.85   0.04   0.09   0.64   0.04   0.85   0.90   0.76   0.06   0.06   0.50   0.22   0.28   0.03   0.50   0.40   0.99   0.80   0.51   0.95   0.66   0.59   0.71   0.34   0.29   0.08   0.67   0.19   0.77   0.42   0.75   0.24   0.39   0.90   0.05   0.87   0.62   0.82   0.91   
0.50   0.50   0.50   0.50   0.50   0.50   0.90   0.50   0.50   0.50   0.50   0.65   0.50   0.50   0.50   0.50   0.50   0.50   0.45   0.19   0.50   0.03   0.50   0.50   0.50   0.50   0.50   0.50   0.64   0.50   0.50   0.50   0.50   0.50   0.50   0.50   0.50   0.50   0.50   0.50   0.50   0.50   0.50   0.39   0.50   0.50   0.50   0.50   0.50   0.94   0.50   0.03   0.50   0.45   0.02   0.50   0.04   0.92   0.50   0.50   0.16   0.07   0.50   0.94   0.70   0.68   0.41   0.67   0.97   0.50   0.83   0.97   0.50   0.48   0.46   0.88   0.50   0.50   
0.05   0.03   0.05   0.05   0.02   0.06   0.68   0.42   0.23   0.03   0.06   0.65   0.03   0.03   0.04   0.01   0.01   0.01   0.69   0.19   0.06   0.02   0.01   0.98   0.04   0.06   0.01   0.01   0.89   0.06   0.05   0.99   0.92   0.99   0.03   0.03   0.99   0.87   0.98   0.96   0.03   0.08   0.85   0.02   0.98   0.96   0.83   0.01   0.08   0.97   0.21   0.01   0.06   0.39   0.01   0.99   0.09   0.96   0.97   0.95   0.20   0.13   0.75   0.95   0.14   0.91   0.18   0.92   0.99   0.92   0.78   0.97   0.99   0.07   0.93   0.95   0.97   0.98   

5.00   5.00   5.00   5.00   5.00   5.00   5.00   5.00   5.00   5.00   5.00   5.00   5.00   5.00   5.00   5.00   5.00   5.00   5.00   5.00   5.00   5.00   5.00   5.00   5.00   5.00   5.00   5.00   5.00   5.00   5.00   5.00   5.00   5.00   5.00   5.00   5.00   5.00   5.00   5.00   5.00   5.00   5.00   5.00   5.00   5.00   5.00   5.00   5.00   5.00   5.00   5.00   5.00   5.00   5.00   5.00   5.00   5.00   5.00   5.00   5.00   5.00   5.00   5.00   5.00   5.00   5.00   5.00   5.00   5.00   5.00   5.00   5.00   5.00   5.00   5.00   5.00   5.00   
0.02   0.04   0.03   0.02   0.02   0.02   0.03   0.24   0.21   0.05   0.07   0.27   0.03   0.02   0.01   0.07   0.01   0.01   0.45   0.44   0.02   0.47   0.23   0.96   0.02   0.02   0.01   0.01   0.55   0.02   0.05   0.98   0.78   0.89   0.03   0.02   0.99   0.85   0.88   0.69   0.03   0.07   0.67   0.03   0.86   0.90   0.82   0.19   0.18   0.39   0.34   0.21   0.02   0.56   0.50   0.99   0.65   0.62   0.95   0.73   0.61   0.71   0.29   0.39   0.06   0.73   0.16   0.79   0.37   0.75   0.18   0.27   0.87   0.05   0.90   0.46   0.67   0.91   
0.02   0.04   0.03   0.02   0.02   0.02   0.03   0.24   0.21   0.05   0.07   0.27   0.03   0.02   0.01   0.07   0.01   0.01   0.45   0.44   0.02   0.47   0.23   0.96   0.02   0.02   0.01   0.01   0.55   0.02   0.05   0.98   0.78   0.89   0.03   0.02   0.99   0.85   0.88   0.69   0.03   0.07   0.67   0.03   0.86   0.90   0.82   0.19   0.18   0.39   0.34   0.21   0.02   0.56   0.50   0.99   0.65   0.62   0.95   0.73   0.61   0.71   0.29   0.39   0.06   0.73   0.16   0.79   0.37   0.75   0.18   0.27   0.87   0.05   0.90   0.46   0.67   0.91   
0.50   0.50   0.50   0.50   0.50   0.50   0.93   0.50   0.50   0.50   0.50   0.72   0.50   0.50   0.50   0.50   0.50   0.50   0.52   0.22   0.50   0.03   0.50   0.50   0.50   0.50   0.50   0.50   0.71   0.50   0.50   0.50   0.50   0.50   0.50   0.50   0.50   0.50   0.50   0.50   0.50   0.50   0.50   0.46   0.50   0.50   0.50   0.50   0.50   0.96   0.50   0.04   0.50   0.52   0.02   0.50   0.05   0.95   0.50   0.50   0.20   0.08   0.50   0.97   0.77   0.76   0.48   0.75   0.98   0.50   0.88   0.98   0.50   0.56   0.53   0.92   0.50   0.50   
0.05   0.03   0.05   0.05   0.02   0.06   0.71   0.40   0.21   0.03   0.06   0.62   0.03   0.03   0.04   0.02   0.02   0.02   0.61   0.15   0.06   0.02   0.02   0.98   0.04   0.06   0.02   0.02   0.83   0.06   0.04   0.99   0.92   0.99   0.03   0.03   0.99   0.88   0.98   0.96   0.03   0.07   0.86   0.02   0.98   0.96   0.85   0.02   0.08   0.97   0.21   0.01   0.06   0.72   0.02   0.99   0.05   0.98   0.97   0.95   0.27   0.16   0.76   0.98   0.13   0.95   0.18   0.95   0.99   0.92   0.80   0.97   0.99   0.08   0.95   0.94   0.97   0.98   

5.00   5.00   5.00   5.00   5.00   5.00   5.00   5.00   5.00   5.00   5.00   5.00   5.00   5.00   5.00   5.00   5.00   5.00   5.00   5.00   5.00   5.00   5.00   5.00   5.00   5.00   5.00   5.00   5.00   5.00   5.00   5.00   5.00   5.00   5.00   5.00   5.00   5.00   5.00   5.00   5.00   5.00   5.00   5.00   5.00   5.00   5.00   5.00   5.00   5.00   5.00   5.00   5.00   5.00   5.00   5.00   5.00   5.00   5.00   5.00   5.00   5.00   5.00   5.00   5.00   5.00   5.00   5.00   5.00   5.00   5.00   5.00   5.00   5.00   5.00   5.00   5.00   5.00   
0.02   0.04   0.02   0.02   0.02   0.02   0.02   0.21   0.18   0.05   0.06   0.38   0.02   0.12   0.01   0.06   0.01   0.01   0.54   0.38   0.02   0.53   0.22   0.97   0.02   0.02   0.01   0.01   0.48   0.02   0.04   0.98   0.68   0.90   0.02   0.02   0.99   0.75   0.90   0.60   0.03   0.06   0.73   0.03   0.89   0.91   0.73   0.29   0.16   0.47   0.43   0.18   0.02   0.64   0.58   0.99   0.56   0.65   0.96   0.76   0.54   0.63   0.24   0.34   0.05   0.65   0.14   0.83   0.31   0.79   0.29   0.38   0.89   0.05   0.90   0.55   0.71   0.93   
0.02   0.04   0.02   0.02   0.02   0.02   0.02   0.21   0.18   0.05   0.06   0.38   0.02   0.12   0.01   0.06   0.01   0.01   0.54   0.38   0.02   0.53   0.22   0.97   0.02   0.02   0.01   0.01   0.48   0.02   0.04   0.98   0.68   0.90   0.02   0.02   0.99   0.75   0.90   0.60   0.03   0.06   0.73   0.03   0.89   0.91   0.73   0.29   0.16   0.47   0.43   0.18   0.02   0.64   0.58   0.99   0.56   0.65   0.96   0.76   0.54   0.63   0.24   0.34   0.05   0.65   0.14   0.83   0.31   0.79   0.29   0.38   0.89   0.05   0.90   0.55   0.71   0.93   
0.50   0.50   0.50   0.50   0.50   0.50   0.80   0.50   0.50   0.50   0.50   0.55   0.50   0.50   0.50   0.50   0.50   0.50   0.41   0.21   0.50   0.06   0.50   0.50   0.50   0.50   0.50   0.50   0.55   0.50   0.50   0.50   0.50   0.50   0.50   0.50   0.50   0.50   0.50   0.50   0.50   0.50   0.50   0.37   0.50   0.50   0.50   0.50   0.50   0.86   0.50   0.06   0.50   0.41   0.04   0.50   0.08   0.83   0.50   0.50   0.20   0.11   0.50   0.87   0.60   0.59   0.38   0.58   0.92   0.50   0.72   0.91   0.50   0.43   0.41   0.78   0.50   0.50   
0.04   0.03   0.04   0.04   0.01   0.05   0.10   0.37   0.18   0.02   0.05   0.31   0.02   0.03   0.03   0.02   0.02   0.02   0.34   0.10   0.05   0.04   0.02   0.98   0.03   0.05   0.02   0.02   0.58   0.05   0.03   0.99   0.91   0.99   0.02   0.02   0.99   0.88   0.98   0.97   0.03   0.05   0.87   0.01   0.98   0.97   0.86   0.02   0.07   0.87   0.18   0.01   0.05   0.62   0.04   0.99   0.06   0.95   0.97   0.95   0.19   0.13   0.76   0.86   0.04   0.81   0.09   0.88   0.91   0.92   0.61   0.87   0.99   0.03   0.92   0.82   0.97   0.98   

5.00   5.00   5.00   5.00   5.00   5.00   5.00   5.00   5.00   5.00   5.00   5.00   5.00   5.00   5.00   5.00   5.00   5.00   5.00   5.00   5.00   5.00   5.00   5.00   5.00   5.00   5.00   5.00   5.00   5.00   5.00   5.00   5.00   5.00   5.00   5.00   5.00   5.00   5.00   5.00   5.00   5.00   5.00   5.00   5.00   5.00   5.00   5.00   5.00   5.00   5.00   5.00   5.00   5.00   5.00   5.00   5.00   5.00   5.00   5.00   5.00   5.00   5.00   5.00   5.00   5.00   5.00   5.00   5.00   5.00   5.00   5.00   5.00   5.00   5.00   5.00   5.00   5.00   
0.02   0.04   0.03   0.02   0.02   0.02   0.03   0.22   0.19   0.05   0.06   0.37   0.03   0.11   0.02   0.06   0.01   0.01   0.55   0.38   0.03   0.54   0.22   0.97   0.01   0.01   0.01   0.01   0.50   0.02   0.04   0.98   0.69   0.90   0.03   0.02   0.99   0.74   0.89   0.62   0.02   0.06   0.74   0.03   0.89   0.92   0.73   0.30   0.17   0.49   0.42   0.19   0.02   0.65   0.59   0.99   0.58   0.66   0.96   0.76   0.56   0.64   0.25   0.35   0.05   0.65   0.14   0.83   0.32   0.80   0.29   0.39   0.90   0.05   0.90   0.56   0.72   0.93   
0.02   0.04   0.03   0.02   0.02   0.02   0.03   0.22   0.19   0.05   0.06   0.37   0.03   0.11   0.02   0.06   0.01   0.01   0.55   0.38   0.03   0.54   0.22   0.97   0.01   0.01   0.01   0.01   0.50   0.02   0.04   0.98   0.69   0.90   0.03   0.02   0.99   0.74   0.89   0.62   0.02   0.06   0.74   0.03   0.89   0.92   0.73   0.30   0.17   0.49   0.42   0.19   0.02   0.65   0.59   0.99   0.58   0.66   0.96   0.76   0.56   0.64   0.25   0.35   0.05   0.65   0.14   0.83   0.32   0.80   0.29   0.39   0.90   0.05   0.90   0.56   0.72   0.93   
0.50   0.50   0.50   0.50   0.50   0.50   0.90   0.50   0.50   0.50   0.50   0.68   0.50   0.50   0.50   0.50   0.50   0.50   0.51   0.24   0.50   0.04   0.50   0.50   0.50   0.50   0.50   0.50   0.68   0.50   0.50   0.50   0.50   0.50   0.50   0.50   0.50   0.50   0.50   0.50   0.50   0.50   0.50   0.45   0.50   0.50   0.50   0.50   0.50   0.94   0.50   0.05   0.50   0.51   0.03   0.50   0.07   0.92   0.50   0.50   0.22   0.10   0.50   0.95   0.73   0.72   0.47   0.71   0.97   0.50   0.85   0.97   0.50   0.54   0.52   0.89   0.50   0.50   
0.05   0.03   0.05   0.05   0.02   0.06   0.63   0.41   0.20   0.03   0.05   0.63   0.03   0.03   0.04   0.02   0.02   0.02   0.68   0.12   0.06   0.04   0.02   0.98   0.04   0.06   0.02   0.02   0.78   0.06   0.04   0.99   0.93   0.99   0.03   0.03   0.99   0.89   0.98   0.96   0.03   0.07   0.87   0.04   0.98   0.96   0.86   0.02   0.07   0.96   0.21   0.01   0.06   0.77   0.03   0.99   0.06   0.98   0.97   0.95   0.26   0.16   0.77   0.95   0.06   0.91   0.17   0.95   0.98   0.93   0.82   0.97   0.99   0.08   0.96   0.94   0.97   0.98   

5.00   5.00   5.00   5.00   5.00   5.00   5.00   5.00   5.00   5.00   5.00   5.00   5.00   5.00   5.00   5.00   5.00   5.00   5.00   5.00   5.00   5.00   5.00   5.00   5.00   5.00   5.00   5.00   5.00   5.00   5.00   5.00   5.00   5.00   5.00   5.00   5.00   5.00   5.00   5.00   5.00   5.00   5.00   5.00   5.00   5.00   5.00   5.00   5.00   5.00   5.00   5.00   5.00   5.00   5.00   5.00   5.00   5.00   5.00   5.00   5.00   5.00   5.00   5.00   5.00   5.00   5.00   5.00   5.00   5.00   5.00   5.00   5.00   5.00   5.00   5.00   5.00   5.00   
0.02   0.04   0.02   0.02   0.02   0.02   0.02   0.19   0.16   0.05   0.06   0.32   0.02   0.10   0.01   0.06   0.01   0.01   0.48   0.33   0.02   0.57   0.19   0.94   0.01   0.01   0.01   0.01   0.44   0.02   0.04   0.99   0.66   0.91   0.02   0.02   0.99   0.76   0.85   0.63   0.02   0.06   0.67   0.03   0.84   0.88   0.76   0.27   0.15   0.50   0.38   0.17   0.02   0.58   0.54   0.97   0.52   0.69   0.93   0.73   0.49   0.58   0.23   0.31   0.04   0.61   0.12   0.78   0.30   0.74   0.33   0.34   0.85   0.05   0.88   0.49   0.67   0.89   
0.02   0.04   0.02   0.02   0.02   0.02   0.02   0.19   0.16   0.05   0.06   0.32   0.02   0.10   0.01   0.06   0.01   0.01   0.48   0.33   0.02   0.57   0.19   0.94   0.01   0.01   0.01   0.01   0.44   0.02   0.04   0.99   0.66   0.91   0.02   0.02   0.99   0.76   0.85   0.63   0.02   0.06   0.67   0.03   0.84   0.88   0.76   0.27   0.15   0.50   0.38   0.17   0.02   0.58   0.54   0.97   0.52   0.69   0.93   0.73   0.49   0.58   0.23   0.31   0.04   0.61   0.12   0.78   0.30   0.74   0.33   0.34   0.85   0.05   0.88   0.49   0.67   0.89   
0.50   0.50   0.50   0.50   0.50   0.50   0.91   0.50   0.50   0.50   0.50   0.67   0.50   0.50   0.50   0.50   0.50   0.50   0.47   0.20   0.50   0.03   0.50   0.50   0.50   0.50   0.50   0.50   0.66   0.50   0.50   0.50   0.50   0.50   0.50   0.50   0.50   0.50   0.50   0.50   0.50   0.50   0.50   0.41   0.50   0.50   0.50   0.50   0.50   0.95   0.50   0.03   0.50   0.47   0.02   0.50   0.05   0.93   0.50   0.50   0.17   0.07   0.50   0.95   0.72   0.71   0.43   0.69   0.98   0.50   0.85   0.97   0.50   0.51   0.48   0.90   0.50   0.50   
0.04   0.03   0.04   0.04   0.01   0.05   0.59   0.39   0.18   0.02   0.05   0.57   0.02   0.03   0.03   0.02   0.02   0.02   0.58   0.08   0.05   0.03   0.02   0.98   0.03   0.05   0.02   0.02   0.70   0.05   0.03   0.99   0.92   0.99   0.02   0.02   0.99   0.88   0.98   0.96   0.03   0.06   0.88   0.02   0.98   0.96   0.86   0.02   0.06   0.97   0.19   0.01   0.05   0.69   0.02   0.99   0.03   0.98   0.97   0.95   0.17   0.09   0.76   0.95   0.05   0.87   0.12   0.93   0.98   0.93   0.83   0.97   0.99   0.05   0.93   0.93   0.97   0.98   

5.00   5.00   5.00   5.00   5.00   5.00   5.00   5.00   5.00   5.00   5.00   5.00   5.00   5.00   5.00   5.00   5.00   5.00   5.00   5.00   5.00   5.00   5.00   5.00   5.00   5.00   5.00   5.00   5.00   5.00   5.00   5.00   5.00   5.00   5.00   5.00   5.00   5.00   5.00   5.00   5.00   5.00   5.00   5.00   5.00   5.00   5.00   5.00   5.00   5.00   5.00   5.00   5.00   5.00   5.00   5.00   5.00   5.00   5.00   5.00   5.00   5.00   5.00   5.00   5.00   5.00   5.00   5.00   5.00   5.00   5.00   5.00   5.00   5.00   5.00   5.00   5.00   5.00   
0.01   0.06   0.04   0.04   0.01   0.04   0.02   0.18   0.19   0.07   0.08   0.36   0.02   0.13   0.01   0.05   0.03   0.03   0.53   0.36   0.05   0.53   0.22   0.95   0.01   0.01   0.01   0.01   0.42   0.01   0.03   0.97   0.68   0.91   0.02   0.01   0.99   0.74   0.86   0.65   0.01   0.05   0.72   0.02   0.82   0.90   0.78   0.32   0.18   0.53   0.44   0.20   0.01   0.63   0.58   0.97   0.54   0.72   0.94   0.76   0.54   0.61   0.27   0.35   0.03   0.64   0.15   0.81   0.33   0.77   0.36   0.32   0.87   0.04   0.89   0.53   0.65   0.90   
0.01   0.06   0.04   0.04   0.01   0.04   0.02   0.18   0.19   0.07   0.08   0.36   0.02   0.13   0.01   0.05   0.03   0.03   0.53   0.36   0.05   0.53   0.22   0.95   0.01   0.01   0.01   0.01   0.42   0.01   0.03   0.97   0.68   0.91   0.02   0.01   0.99   0.74   0.86   0.65   0.01   0.05   0.72   0.02   0.82   0.90   0.78   0.32   0.18   0.53   0.44   0.20   0.01   0.63   0.58   0.97   0.54   0.72   0.94   0.76   0.54   0.61   0.27   0.35   0.03   0.64   0.15   0.81   0.33   0.77   0.36   0.32   0.87   0.04   0.89   0.53   0.65   0.90   
0.50   0.50   0.50   0.50   0.50   0.50   0.89   0.50   0.50   0.50   0.50   0.64   0.50   0.50   0.50   0.50   0.50   0.50   0.46   0.19   0.50   0.03   0.50   0.50   0.50   0.50   0.50   0.50   0.63   0.50   0.50   0.50   0.50   0.50   0.50   0.50   0.50   0.50   0.50   0.50   0.50   0.50   0.50   0.45   0.50   0.50   0.50   0.50   0.50   0.96   0.50   0.50   0.50   0.44   0.02   0.50   0.05   0.94   0.50   0.50   0.19   0.07   0.50   0.95   0.68   0.66   0.42   0.75   0.98   0.50   0.88   0.98   0.50   0.53   0.45   0.91   0.50   0.50   
0.05   0.03   0.05   0.05   0.02   0.06   0.52   0.41   0.21   0.03   0.05   0.61   0.03   0.03   0.04   0.02   0.02   0.02   0.65   0.11   0.06   0.02   0.02   0.98   0.04   0.06   0.02   0.02   0.68   0.06   0.04   0.99   0.93   0.99   0.03   0.03   0.99   0.89   0.98   0.97   0.03   0.07   0.87   0.02   0.98   0.97   0.87   0.02   0.07   0.98   0.21   0.14   0.06   0.73   0.03   0.99   0.05   0.99   0.97   0.95   0.24   0.12   0.78   0.96   0.04   0.88   0.18   0.96   0.99   0.94   0.88   0.98   0.99   0.05   0.94   0.96   0.97   0.98   

5.00   5.00   5.00   5.00   5.00   5.00   5.00   5.00   5.00   5.00   5.00   5.00   5.00   5.00   5.00   5.00   5.00   5.00   5.00   5.00   5.00   5.00   5.00   5.00   5.00   5.00   5.00   5.00   5.00   5.00   5.00   5.00   5.00   5.00   5.00   5.00   5.00   5.00   5.00   5.00   5.00   5.00   5.00   5.00   5.00   5.00   5.00   5.00   5.00   5.00   5.00   5.00   5.00   5.00   5.00   5.00   5.00   5.00   5.00   5.00   5.00   5.00   5.00   5.00   5.00   5.00   5.00   5.00   5.00   5.00   5.00   5.00   5.00   5.00   5.00   5.00   5.00   5.00   
0.01   0.05   0.03   0.03   0.01   0.03   0.01   0.15   0.16   0.06   0.07   0.30   0.01   0.10   0.01   0.04   0.02   0.02   0.44   0.31   0.04   0.45   0.19   0.95   0.01   0.01   0.01   0.01   0.36   0.01   0.03   0.97   0.74   0.93   0.01   0.01   0.99   0.78   0.87   0.72   0.01   0.04   0.75   0.02   0.84   0.91   0.80   0.25   0.14   0.61   0.35   0.17   0.01   0.68   0.47   0.97   0.63   0.60   0.95   0.63   0.44   0.51   0.23   0.28   0.03   0.70   0.13   0.83   0.45   0.80   0.47   0.28   0.89   0.03   0.76   0.44   0.71   0.91   
0.01   0.05   0.03   0.03   0.01   0.03   0.01   0.15   0.16   0.06   0.07   0.30   0.01   0.10   0.01   0.04   0.02   0.02   0.44   0.31   0.04   0.45   0.19   0.95   0.01   0.01   0.01   0.01   0.36   0.01   0.03   0.97   0.74   0.93   0.01   0.01   0.99   0.78   0.87   0.72   0.01   0.04   0.75   0.02   0.84   0.91   0.80   0.25   0.14   0.61   0.35   0.17   0.01   0.68   0.47   0.97   0.63   0.60   0.95   0.63   0.44   0.51   0.23   0.28   0.03   0.70   0.13   0.83   0.45   0.80   0.47   0.28   0.89   0.03   0.76   0.44   0.71   0.91   
0.50   0.50   0.50   0.50   0.50   0.50   0.86   0.50   0.50   0.50   0.50   0.62   0.50   0.50   0.50   0.50   0.50   0.50   0.45   0.20   0.50   0.04   0.50   0.50   0.50   0.50   0.50   0.50   0.61   0.50   0.50   0.50   0.50   0.50   0.50   0.50   0.50   0.50   0.50   0.50   0.50   0.50   0.50   0.44   0.50   0.50   0.50   0.50   0.50   0.94   0.50   0.50   0.50   0.43   0.03   0.50   0.06   0.92   0.50   0.50   0.21   0.08   0.50   0.94   0.66   0.64   0.42   0.72   0.97   0.50   0.85   0.97   0.50   0.51   0.44   0.89   0.50   0.50   
0.04   0.03   0.04   0.04   0.01   0.05   0.11   0.37   0.17   0.02   0.04   0.32   0.02   0.03   0.03   0.02   0.02   0.02   0.35   0.08   0.05   0.03   0.02   0.98   0.03   0.05   0.02   0.02   0.53   0.05   0.03   0.99   0.91   0.99   0.02   0.02   0.99   0.88   0.98   0.97   0.03   0.05   0.88   0.01   0.98   0.97   0.87   0.02   0.06   0.96   0.17   0.12   0.05   0.68   0.02   0.99   0.06   0.98   0.97   0.95   0.17   0.08   0.77   0.93   0.02   0.86   0.11   0.94   0.98   0.92   0.86   0.94   0.99   0.03   0.85   0.90   0.97   0.98   

5.00   5.00   5.00   5.00   5.00   5.00   5.00   5.00   5.00   5.00   5.00   5.00   5.00   5.00   5.00   5.00   5.00   5.00   5.00   5.00   5.00   5.00   5.00   5.00   5.00   5.00   5.00   5.00   5.00   5.00   5.00   5.00   5.00   5.00   5.00   5.00   5.00   5.00   5.00   5.00   5.00   5.00   5.00   5.00   5.00   5.00   5.00   5.00   5.00   5.00   5.00   5.00   5.00   5.00   5.00   5.00   5.00   5.00   5.00   5.00   5.00   5.00   5.00   5.00   5.00   5.00   5.00   5.00   5.00   5.00   5.00   5.00   5.00   5.00   5.00   5.00   5.00   5.00   
0.01   0.06   0.04   0.03   0.01   0.03   0.01   0.15   0.16   0.05   0.07   0.31   0.01   0.10   0.01   0.05   0.02   0.03   0.43   0.30   0.03   0.44   0.19   0.95   0.01   0.01   0.01   0.01   0.35   0.01   0.03   0.97   0.73   0.93   0.01   0.01   0.99   0.77   0.87   0.73   0.01   0.04   0.76   0.02   0.83   0.91   0.81   0.26   0.14   0.60   0.36   0.16   0.01   0.67   0.47   0.97   0.62   0.60   0.95   0.63   0.43   0.50   0.24   0.29   0.02   0.70   0.12   0.82   0.45   0.79   0.48   0.27   0.88   0.03   0.76   0.43   0.70   0.91   
0.01   0.06   0.04   0.03   0.01   0.03   0.01   0.15   0.16   0.05   0.07   0.31   0.01   0.10   0.01   0.05   0.02   0.03   0.43   0.30   0.03   0.44   0.19   0.95   0.01   0.01   0.01   0.01   0.35   0.01   0.03   0.97   0.73   0.93   0.01   0.01   0.99   0.77   0.87   0.73   0.01   0.04   0.76   0.02   0.83   0.91   0.81   0.26   0.14   0.60   0.36   0.16   0.01   0.67   0.47   0.97   0.62   0.60   0.95   0.63   0.43   0.50   0.24   0.29   0.02   0.70   0.12   0.82   0.45   0.79   0.48   0.27   0.88   0.03   0.76   0.43   0.70   0.91   
0.50   0.50   0.50   0.50   0.50   0.50   0.87   0.50   0.50   0.50   0.50   0.61   0.50   0.50   0.50   0.50   0.50   0.50   0.43   0.18   0.50   0.03   0.50   0.50   0.50   0.50   0.50   0.50   0.60   0.50   0.50   0.50   0.50   0.50   0.50   0.50   0.50   0.50   0.50   0.50   0.50   0.50   0.50   0.42   0.50   0.50   0.50   0.50   0.50   0.95   0.50   0.50   0.50   0.41   0.02   0.50   0.04   0.93   0.50   0.50   0.18   0.07   0.50   0.95   0.65   0.63   0.40   0.72   0.98   0.50   0.86   0.98   0.50   0.50   0.42   0.90   0.50   0.50   
0.04   0.02   0.04   0.04   0.01   0.05   0.10   0.35   0.17   0.02   0.04   0.34   0.02   0.03   0.03   0.01   0.01   0.01   0.31   0.06   0.05   0.02   0.01   0.98   0.03   0.05   0.01   0.01   0.38   0.05   0.03   0.99   0.91   0.99   0.02   0.02   0.99   0.88   0.98   0.97   0.03   0.05   0.87   0.02   0.98   0.97   0.86   0.01   0.06   0.96   0.17   0.12   0.05   0.63   0.01   0.99   0.04   0.98   0.97   0.95   0.13   0.06   0.76   0.94   0.02   0.86   0.09   0.93   0.98   0.92   0.87   0.95   0.99   0.03   0.85   0.89   0.97   0.98   

5.00   5.00   5.00   5.00   5.00   5.00   5.00   5.00   5.00   5.00   5.00   5.00   5.00   5.00   5.00   5.00   5.00   5.00   5.00   5.00   5.00   5.00   5.00   5.00   5.00   5.00   5.00   5.00   5.00   5.00   5.00   5.00   5.00   5.00   5.00   5.00   5.00   5.00   5.00   5.00   5.00   5.00   5.00   5.00   5.00   5.00   5.00   5.00   5.00   5.00   5.00   5.00   5.00   5.00   5.00   5.00   5.00   5.00   5.00   5.00   5.00   5.00   5.00   5.00   5.00   5.00   5.00   5.00   5.00   5.00   5.00   5.00   5.00   5.00   5.00   5.00   5.00   5.00   
0.01   0.05   0.03   0.03   0.01   0.03   0.01   0.13   0.14   0.05   0.05   0.39   0.01   0.18   0.07   0.04   0.02   0.02   0.52   0.27   0.03   0.52   0.17   0.96   0.01   0.01   0.01   0.01   0.44   0.01   0.03   0.98   0.78   0.95   0.01   0.01   0.99   0.81   0.90   0.78   0.08   0.04   0.81   0.02   0.86   0.93   0.84   0.33   0.11   0.67   0.31   0.14   0.01   0.73   0.41   0.98   0.69   0.65   0.96   0.69   0.51   0.57   0.31   0.37   0.02   0.75   0.20   0.86   0.52   0.84   0.54   0.35   0.91   0.03   0.80   0.52   0.77   0.93   
0.01   0.05   0.03   0.03   0.01   0.03   0.01   0.13   0.14   0.05   0.05   0.39   0.01   0.18   0.07   0.04   0.02   0.02   0.52   0.27   0.03   0.52   0.17   0.96   0.01   0.01   0.01   0.01   0.44   0.01   0.03   0.98   0.78   0.95   0.01   0.01   0.99   0.81   0.90   0.78   0.08   0.04   0.81   0.02   0.86   0.93   0.84   0.33   0.11   0.67   0.31   0.14   0.01   0.73   0.41   0.98   0.69   0.65   0.96   0.69   0.51   0.57   0.31   0.37   0.02   0.75   0.20   0.86   0.52   0.84   0.54   0.35   0.91   0.03   0.80   0.52   0.77   0.93   
0.50   0.50   0.50   0.50   0.50   0.50   0.86   0.50   0.50   0.50   0.50   0.59   0.50   0.50   0.50   0.50   0.50   0.50   0.42   0.17   0.50   0.03   0.50   0.50   0.50   0.50   0.50   0.50   0.58   0.50   0.50   0.50   0.50   0.50   0.50   0.50   0.50   0.50   0.50   0.50   0.50   0.50   0.50   0.41   0.50   0.50   0.50   0.50   0.50   0.94   0.50   0.50   0.50   0.40   0.02   0.50   0.05   0.92   0.50   0.50   0.17   0.07   0.50   0.94   0.64   0.61   0.38   0.70   0.97   0.50   0.84   0.97   0.50   0.48   0.41   0.89   0.50   0.50   
0.04   0.02   0.04   0.04   0.01   0.05   0.13   0.39   0.19   0.02   0.05   0.58   0.03   0.03   0.03   0.01   0.01   0.01   0.45   0.06   0.05   0.02   0.01   0.98   0.03   0.05   0.01   0.01   0.62   0.05   0.04   0.99   0.93   0.99   0.02   0.03   0.99   0.90   0.98   0.97   0.03   0.06   0.88   0.02   0.98   0.97   0.88   0.01   0.07   0.98   0.19   0.13   0.05   0.73   0.01   0.99   0.06   0.98   0.97   0.96   0.20   0.10   0.79   0.96   0.02   0.90   0.17   0.96   0.99   0.94   0.90   0.96   0.99   0.03   0.91   0.94   0.97   0.98   

5.00   5.00   5.00   5.00   5.00   5.00   5.00   5.00   5.00   5.00   5.00   5.00   5.00   5.00   5.00   5.00   5.00   5.00   5.00   5.00   5.00   5.00   5.00   5.00   5.00   5.00   5.00   5.00   5.00   5.00   5.00   5.00   5.00   5.00   5.00   5.00   5.00   5.00   5.00   5.00   5.00   5.00   5.00   5.00   5.00   5.00   5.00   5.00   5.00   5.00   5.00   5.00   5.00   5.00   5.00   5.00   5.00   5.00   5.00   5.00   5.00   5.00   5.00   5.00   5.00   5.00   5.00   5.00   5.00   5.00   5.00   5.00   5.00   5.00   5.00   5.00   5.00   5.00   
0.01   0.05   0.03   0.03   0.01   0.03   0.01   0.13   0.14   0.05   0.05   0.39   0.01   0.18   0.07   0.04   0.02   0.02   0.52   0.27   0.03   0.52   0.17   0.96   0.01   0.01   0.01   0.01   0.44   0.01   0.03   0.98   0.78   0.95   0.01   0.01   0.99   0.81   0.90   0.78   0.08   0.04   0.81   0.02   0.86   0.93   0.84   0.33   0.11   0.67   0.31   0.14   0.01   0.73   0.41   0.98   0.69   0.65   0.96   0.69   0.51   0.57   0.31   0.37   0.02   0.75   0.20   0.86   0.52   0.84   0.54   0.35   0.91   0.03   0.80   0.52   0.77   0.93   
0.01   0.05   0.03   0.03   0.01   0.03   0.01   0.13   0.14   0.05   0.05   0.39   0.01   0.18   0.07   0.04   0.02   0.02   0.52   0.27   0.03   0.52   0.17   0.96   0.01   0.01   0.01   0.01   0.44   0.01   0.03   0.98   0.78   0.95   0.01   0.01   0.99   0.81   0.90   0.78   0.08   0.04   0.81   0.02   0.86   0.93   0.84   0.33   0.11   0.67   0.31   0.14   0.01   0.73   0.41   0.98   0.69   0.65   0.96   0.69   0.51   0.57   0.31   0.37   0.02   0.75   0.20   0.86   0.52   0.84   0.54   0.35   0.91   0.03   0.80   0.52   0.77   0.93   
0.50   0.50   0.50   0.50   0.50   0.50   0.88   0.50   0.50   0.50   0.50   0.65   0.50   0.50   0.50   0.50   0.50   0.50   0.48   0.22   0.50   0.04   0.50   0.50   0.50   0.50   0.50   0.50   0.64   0.50   0.50   0.50   0.50   0.50   0.50   0.50   0.50   0.50   0.50   0.50   0.50   0.50   0.50   0.47   0.50   0.50   0.50   0.50   0.50   0.95   0.50   0.50   0.50   0.46   0.03   0.50   0.06   0.93   0.50   0.50   0.22   0.09   0.50   0.95   0.69   0.66   0.45   0.75   0.98   0.50   0.87   0.98   0.50   0.54   0.47   0.91   0.50   0.50   
0.05   0.02   0.05   0.05   0.02   0.06   0.20   0.40   0.21   0.03   0.05   0.66   0.03   0.04   0.04   0.01   0.01   0.01   0.69   0.09   0.06   0.04   0.01   0.98   0.04   0.06   0.01   0.01   0.71   0.06   0.04   0.99   0.93   0.99   0.03   0.03   0.99   0.90   0.98   0.97   0.04   0.07   0.86   0.03   0.98   0.97   0.88   0.01   0.08   0.98   0.20   0.15   0.06   0.80   0.02   0.99   0.09   0.99   0.97   0.96   0.28   0.14   0.79   0.97   0.03   0.92   0.24   0.97   0.99   0.94   0.92   0.97   0.99   0.04   0.93   0.96   0.97   0.98   

0.00   0.00   0.00   0.00   0.00   0.00   0.00   0.00   0.00   0.00   0.00   0.00   0.00   0.00   0.00   0.00   0.00   0.00   0.00   0.00   0.00   0.00   0.00   0.00   0.00   0.00   0.00   0.00   1.00   0.00   0.00   1.00   1.00   1.00   0.00   0.00   1.00   1.00   1.00   1.00   0.00   0.00   1.00   0.00   1.00   1.00   1.00   1.00   0.00   1.00   0.00   0.00   0.00   1.00   1.00   1.00   1.00   1.00   1.00   1.00   1.00   1.00   1.00   1.00   0.00   1.00   1.00   1.00   1.00   1.00   1.00   1.00   1.00   1.00   1.00   1.00   1.00   1.00   