5.00   5.00   5.00   5.00   5.00   5.00   5.00   5.00   5.00   5.00   5.00   5.00   5.00   5.00   5.00   5.00   5.00   5.00   5.00   5.00   5.00   5.00   5.00   5.00   5.00   5.00   5.00   5.00   5.00   5.00   5.00   5.00   5.00   5.00   5.00   5.00   5.00   5.00   5.00   5.00   5.00   5.00   5.00   5.00   5.00   5.00   5.00   5.00   5.00   5.00   5.00   5.00   5.00   5.00   5.00   5.00   5.00   5.00   5.00   5.00   5.00   5.00   5.00   5.00   5.00   5.00   5.00   5.00   5.00   5.00   5.00   5.00   5.00   5.00   5.00   5.00   5.00   5.00   
0.04   0.04   0.04   0.04   0.04   0.04   0.04   0.04   0.04   0.04   0.16   0.98   0.16   0.04   0.04   0.04   0.04   0.04   0.04   0.16   0.16   0.92   0.04   0.92   0.92   0.92   0.04   0.04   0.04   0.04   0.04   0.04   0.92   0.04   0.04   0.92   0.04   0.04   0.04   0.04   0.92   0.92   0.04   0.92   0.04   0.04   0.04   0.16   0.04   0.92   0.16   0.04   0.92   0.04   0.16   0.16   0.04   0.04   0.92   0.04   0.04   0.04   0.04   0.04   0.16   0.04   0.04   0.04   0.04   0.04   0.04   0.04   0.04   0.04   0.04   0.04   0.04   0.16   
0.04   0.04   0.04   0.04   0.04   0.04   0.04   0.04   0.04   0.04   0.16   0.98   0.16   0.04   0.04   0.04   0.04   0.04   0.04   0.16   0.16   0.92   0.04   0.92   0.92   0.92   0.04   0.04   0.04   0.04   0.04   0.04   0.92   0.04   0.04   0.92   0.04   0.04   0.04   0.04   0.92   0.92   0.04   0.92   0.04   0.04   0.04   0.16   0.04   0.92   0.16   0.04   0.92   0.04   0.16   0.16   0.04   0.04   0.92   0.04   0.04   0.04   0.04   0.04   0.16   0.04   0.04   0.04   0.04   0.04   0.04   0.04   0.04   0.04   0.04   0.04   0.04   0.16   
0.03   0.01   0.27   0.09   0.11   0.42   0.41   0.63   0.01   0.11   0.06   0.13   0.13   0.66   0.27   0.33   0.02   0.12   0.21   0.01   0.02   0.58   0.34   0.29   0.18   0.93   0.06   0.02   0.06   0.09   0.21   0.11   0.70   0.57   0.05   0.55   0.86   0.97   0.81   0.32   0.88   0.96   0.98   0.69   0.15   0.24   0.97   0.47   0.96   0.71   0.40   0.86   0.19   0.03   0.68   0.16   0.67   0.46   0.17   0.78   0.70   0.97   0.52   0.97   0.97   0.55   0.71   0.97   0.51   0.96   0.48   0.56   0.87   0.96   0.97   0.99   0.52   0.53   
0.01   0.00   0.80   0.04   0.05   0.89   0.89   0.95   0.01   0.05   0.00   0.02   0.00   0.96   0.81   0.85   0.01   0.05   0.75   0.00   0.00   0.99   0.85   0.97   0.95   1.00   0.03   0.01   0.02   0.04   0.74   0.05   0.99   0.94   0.02   0.99   0.99   1.00   0.98   0.84   1.00   1.00   1.00   0.99   0.07   0.78   1.00   0.02   1.00   1.00   0.02   0.99   0.95   0.01   0.51   0.00   0.96   0.90   0.94   0.97   0.96   1.00   0.92   1.00   0.95   0.93   0.97   1.00   0.92   1.00   0.91   0.93   0.99   1.00   1.00   1.00   0.92   0.04   

5.00   5.00   5.00   5.00   5.00   5.00   5.00   5.00   5.00   5.00   5.00   5.00   5.00   5.00   5.00   5.00   5.00   5.00   5.00   5.00   5.00   5.00   5.00   5.00   5.00   5.00   5.00   5.00   5.00   5.00   5.00   5.00   5.00   5.00   5.00   5.00   5.00   5.00   5.00   5.00   5.00   5.00   5.00   5.00   5.00   5.00   5.00   5.00   5.00   5.00   5.00   5.00   5.00   5.00   5.00   5.00   5.00   5.00   5.00   5.00   5.00   5.00   5.00   5.00   5.00   5.00   5.00   5.00   5.00   5.00   5.00   5.00   5.00   5.00   5.00   5.00   5.00   5.00   
0.09   0.09   0.93   0.09   0.09   0.09   0.09   0.09   0.09   0.09   0.01   0.04   0.01   0.93   0.09   0.09   0.09   0.09   0.09   0.01   0.01   0.21   0.09   0.21   0.21   0.98   0.09   0.09   0.09   0.09   0.09   0.09   0.21   0.93   0.09   0.21   0.93   0.93   0.93   0.09   0.21   0.98   0.93   0.21   0.09   0.09   0.93   0.01   0.93   0.98   0.01   0.09   0.21   0.09   0.01   0.01   0.93   0.93   0.21   0.09   0.93   0.93   0.09   0.93   0.74   0.93   0.93   0.09   0.93   0.09   0.09   0.09   0.09   0.09   0.09   0.93   0.09   0.01   
0.09   0.09   0.93   0.09   0.09   0.09   0.09   0.09   0.09   0.09   0.01   0.04   0.01   0.93   0.09   0.09   0.09   0.09   0.09   0.01   0.01   0.21   0.09   0.21   0.21   0.98   0.09   0.09   0.09   0.09   0.09   0.09   0.21   0.93   0.09   0.21   0.93   0.93   0.93   0.09   0.21   0.98   0.93   0.21   0.09   0.09   0.93   0.01   0.93   0.98   0.01   0.09   0.21   0.09   0.01   0.01   0.93   0.93   0.21   0.09   0.93   0.93   0.09   0.93   0.74   0.93   0.93   0.09   0.93   0.09   0.09   0.09   0.09   0.09   0.09   0.93   0.09   0.01   
0.01   0.50   0.22   0.04   0.05   0.43   0.29   0.83   0.50   0.03   0.50   0.06   0.50   0.77   0.21   0.23   0.01   0.07   0.24   0.50   0.50   0.80   0.23   0.19   0.11   0.50   0.04   0.00   0.03   0.03   0.07   0.09   0.50   0.57   0.02   0.44   0.92   0.50   0.87   0.22   0.50   0.50   0.50   0.50   0.06   0.13   0.50   0.52   0.50   0.50   0.36   0.85   0.21   0.01   0.58   0.50   0.68   0.59   0.08   0.77   0.70   0.50   0.41   0.50   0.99   0.54   0.70   0.50   0.40   0.50   0.41   0.65   0.93   0.50   0.50   0.50   0.37   0.53   
0.00   0.96   0.91   0.00   0.00   0.60   0.04   0.91   0.96   0.00   0.01   0.00   0.01   0.99   0.02   0.03   0.00   0.01   0.03   0.01   0.01   0.91   0.03   0.03   0.02   0.98   0.00   0.00   0.00   0.00   0.01   0.01   0.98   0.98   0.00   0.68   1.00   0.96   1.00   0.02   0.98   0.98   0.96   0.98   0.01   0.01   0.96   0.01   0.96   0.98   0.01   0.92   0.04   0.00   0.02   0.01   0.99   0.98   0.01   0.87   0.99   0.96   0.59   0.96   1.00   0.98   0.99   0.96   0.96   0.96   0.59   0.79   0.96   0.96   0.96   0.96   0.55   0.01   

5.00   5.00   5.00   5.00   5.00   5.00   5.00   5.00   5.00   5.00   5.00   5.00   5.00   5.00   5.00   5.00   5.00   5.00   5.00   5.00   5.00   5.00   5.00   5.00   5.00   5.00   5.00   5.00   5.00   5.00   5.00   5.00   5.00   5.00   5.00   5.00   5.00   5.00   5.00   5.00   5.00   5.00   5.00   5.00   5.00   5.00   5.00   5.00   5.00   5.00   5.00   5.00   5.00   5.00   5.00   5.00   5.00   5.00   5.00   5.00   5.00   5.00   5.00   5.00   5.00   5.00   5.00   5.00   5.00   5.00   5.00   5.00   5.00   5.00   5.00   5.00   5.00   5.00   
0.95   0.28   0.02   0.28   0.95   0.28   0.95   0.95   0.95   0.28   0.93   0.32   0.25   0.02   0.95   0.28   0.28   0.28   0.28   0.25   0.25   0.35   0.28   0.97   0.97   0.04   0.95   0.95   0.95   0.95   0.95   0.95   0.97   0.62   0.95   0.97   0.62   0.02   0.02   0.95   0.35   0.04   0.02   0.97   0.95   0.95   0.02   0.93   0.02   0.04   0.25   0.28   0.35   0.95   0.25   0.25   0.02   0.02   0.35   0.28   0.02   0.02   0.28   0.02   0.02   0.02   0.02   0.95   0.02   0.28   0.28   0.28   0.28   0.28   0.95   0.02   0.95   0.25   
0.95   0.28   0.02   0.28   0.95   0.28   0.95   0.95   0.95   0.28   0.93   0.32   0.25   0.02   0.95   0.28   0.28   0.28   0.28   0.25   0.25   0.35   0.28   0.97   0.97   0.04   0.95   0.95   0.95   0.95   0.95   0.95   0.97   0.62   0.95   0.97   0.62   0.02   0.02   0.95   0.35   0.04   0.02   0.97   0.95   0.95   0.02   0.93   0.02   0.04   0.25   0.28   0.35   0.95   0.25   0.25   0.02   0.02   0.35   0.28   0.02   0.02   0.28   0.02   0.02   0.02   0.02   0.95   0.02   0.28   0.28   0.28   0.28   0.28   0.95   0.02   0.95   0.25   
0.50   0.50   0.18   0.50   0.50   0.53   0.28   0.88   0.50   0.50   0.50   0.50   0.50   0.67   0.18   0.22   0.50   0.50   0.14   0.50   0.50   0.71   0.21   0.13   0.07   0.50   0.50   0.50   0.50   0.50   0.50   0.07   0.50   0.65   0.50   0.47   0.50   0.50   0.50   0.15   0.50   0.50   0.50   0.50   0.50   0.11   0.50   0.47   0.50   0.50   0.36   0.87   0.11   0.50   0.51   0.50   0.80   0.63   0.05   0.79   0.60   0.50   0.41   0.50   0.50   0.29   0.80   0.50   0.46   0.50   0.47   0.56   0.97   0.50   0.50   0.50   0.44   0.60   
0.88   0.91   0.15   0.88   0.88   0.81   0.85   0.99   0.91   0.88   0.04   0.11   0.04   0.93   0.20   0.14   0.88   0.88   0.09   0.04   0.04   0.96   0.13   0.90   0.82   0.99   0.88   0.88   0.88   0.88   0.88   0.08   0.99   0.98   0.88   0.98   0.95   0.91   0.95   0.18   0.99   0.99   0.91   0.99   0.88   0.13   0.91   0.10   0.91   0.99   0.02   0.96   0.11   0.88   0.03   0.04   0.96   0.92   0.05   0.94   0.91   0.91   0.29   0.91   0.08   0.73   0.96   0.91   0.85   0.91   0.34   0.83   0.99   0.91   0.91   0.91   0.92   0.04   

5.00   5.00   5.00   5.00   5.00   5.00   5.00   5.00   5.00   5.00   5.00   5.00   5.00   5.00   5.00   5.00   5.00   5.00   5.00   5.00   5.00   5.00   5.00   5.00   5.00   5.00   5.00   5.00   5.00   5.00   5.00   5.00   5.00   5.00   5.00   5.00   5.00   5.00   5.00   5.00   5.00   5.00   5.00   5.00   5.00   5.00   5.00   5.00   5.00   5.00   5.00   5.00   5.00   5.00   5.00   5.00   5.00   5.00   5.00   5.00   5.00   5.00   5.00   5.00   5.00   5.00   5.00   5.00   5.00   5.00   5.00   5.00   5.00   5.00   5.00   5.00   5.00   5.00   
0.02   0.23   0.82   0.23   0.02   0.23   0.02   0.02   0.02   0.45   0.02   0.32   0.24   0.97   0.02   0.23   0.23   0.23   0.45   0.24   0.24   0.31   0.45   0.25   0.04   0.99   0.02   0.02   0.02   0.02   0.02   0.02   0.04   0.55   0.02   0.04   0.69   0.82   0.82   0.02   0.31   0.99   0.82   0.04   0.02   0.02   0.82   0.02   0.97   0.89   0.24   0.23   0.31   0.02   0.24   0.24   0.82   0.82   0.31   0.23   0.82   0.82   0.23   0.82   0.83   0.82   0.82   0.02   0.82   0.23   0.23   0.23   0.23   0.23   0.02   0.82   0.02   0.24   
0.02   0.23   0.82   0.23   0.02   0.23   0.02   0.02   0.02   0.45   0.02   0.32   0.24   0.97   0.02   0.23   0.23   0.23   0.45   0.24   0.24   0.31   0.45   0.25   0.04   0.99   0.02   0.02   0.02   0.02   0.02   0.02   0.04   0.55   0.02   0.04   0.69   0.82   0.82   0.02   0.31   0.99   0.82   0.04   0.02   0.02   0.82   0.02   0.97   0.89   0.24   0.23   0.31   0.02   0.24   0.24   0.82   0.82   0.31   0.23   0.82   0.82   0.23   0.82   0.83   0.82   0.82   0.02   0.82   0.23   0.23   0.23   0.23   0.23   0.02   0.82   0.02   0.24   
0.50   0.50   0.16   0.50   0.50   0.50   0.25   0.88   0.50   0.50   0.50   0.50   0.50   0.66   0.15   0.19   0.50   0.50   0.12   0.50   0.50   0.69   0.18   0.11   0.06   0.50   0.50   0.50   0.50   0.50   0.50   0.05   0.50   0.63   0.50   0.44   0.50   0.50   0.50   0.13   0.50   0.50   0.50   0.50   0.50   0.09   0.50   0.44   0.50   0.50   0.32   0.87   0.09   0.50   0.48   0.50   0.80   0.61   0.04   0.78   0.58   0.50   0.38   0.50   0.50   0.26   0.80   0.50   0.43   0.50   0.44   0.54   0.97   0.50   0.50   0.50   0.41   0.58   
0.89   0.93   0.07   0.89   0.89   0.19   0.16   0.99   0.93   0.89   0.02   0.05   0.02   0.97   0.09   0.05   0.89   0.89   0.05   0.02   0.02   0.94   0.08   0.91   0.06   0.98   0.89   0.89   0.89   0.89   0.89   0.03   0.98   0.98   0.89   0.96   0.96   0.93   0.96   0.08   0.98   0.98   0.93   0.98   0.89   0.05   0.93   0.05   0.93   0.98   0.01   0.95   0.04   0.89   0.01   0.02   0.96   0.91   0.02   0.92   0.90   0.93   0.12   0.93   0.05   0.12   0.96   0.93   0.83   0.93   0.15   0.21   0.99   0.93   0.93   0.93   0.89   0.02   

5.00   5.00   5.00   5.00   5.00   5.00   5.00   5.00   5.00   5.00   5.00   5.00   5.00   5.00   5.00   5.00   5.00   5.00   5.00   5.00   5.00   5.00   5.00   5.00   5.00   5.00   5.00   5.00   5.00   5.00   5.00   5.00   5.00   5.00   5.00   5.00   5.00   5.00   5.00   5.00   5.00   5.00   5.00   5.00   5.00   5.00   5.00   5.00   5.00   5.00   5.00   5.00   5.00   5.00   5.00   5.00   5.00   5.00   5.00   5.00   5.00   5.00   5.00   5.00   5.00   5.00   5.00   5.00   5.00   5.00   5.00   5.00   5.00   5.00   5.00   5.00   5.00   5.00   
0.01   0.13   0.61   0.13   0.01   0.13   0.01   0.01   0.01   0.33   0.02   0.23   0.16   0.77   0.01   0.13   0.13   0.13   0.33   0.16   0.16   0.19   0.57   0.47   0.04   0.81   0.01   0.01   0.01   0.01   0.01   0.01   0.04   0.67   0.01   0.04   0.81   0.61   0.87   0.01   0.48   0.81   0.87   0.04   0.01   0.01   0.87   0.02   0.77   0.67   0.45   0.13   0.19   0.01   0.16   0.45   0.87   0.61   0.48   0.13   0.87   0.61   0.13   0.61   0.89   0.61   0.87   0.01   0.87   0.13   0.13   0.13   0.42   0.13   0.01   0.61   0.26   0.16   
0.01   0.13   0.61   0.13   0.01   0.13   0.01   0.01   0.01   0.33   0.02   0.23   0.16   0.77   0.01   0.13   0.13   0.13   0.33   0.16   0.16   0.19   0.57   0.47   0.04   0.81   0.01   0.01   0.01   0.01   0.01   0.01   0.04   0.67   0.01   0.04   0.81   0.61   0.87   0.01   0.48   0.81   0.87   0.04   0.01   0.01   0.87   0.02   0.77   0.67   0.45   0.13   0.19   0.01   0.16   0.45   0.87   0.61   0.48   0.13   0.87   0.61   0.13   0.61   0.89   0.61   0.87   0.01   0.87   0.13   0.13   0.13   0.42   0.13   0.01   0.61   0.26   0.16   
0.50   0.50   0.20   0.50   0.50   0.56   0.31   0.90   0.50   0.50   0.50   0.50   0.50   0.71   0.19   0.24   0.50   0.50   0.16   0.50   0.50   0.74   0.23   0.15   0.08   0.50   0.50   0.50   0.50   0.50   0.50   0.07   0.50   0.68   0.50   0.50   0.50   0.50   0.50   0.17   0.50   0.50   0.50   0.50   0.50   0.12   0.50   0.51   0.50   0.50   0.39   0.89   0.12   0.50   0.55   0.50   0.83   0.66   0.05   0.82   0.64   0.50   0.44   0.50   0.50   0.31   0.83   0.50   0.50   0.50   0.50   0.60   0.97   0.50   0.50   0.50   0.48   0.64   
0.87   0.93   0.07   0.87   0.87   0.14   0.07   0.91   0.93   0.87   0.02   0.05   0.02   0.89   0.04   0.04   0.87   0.87   0.05   0.02   0.02   0.80   0.37   0.90   0.02   0.98   0.87   0.87   0.87   0.87   0.87   0.01   0.98   0.98   0.87   0.62   0.97   0.93   0.97   0.03   0.98   0.98   0.93   0.98   0.87   0.02   0.93   0.02   0.93   0.98   0.18   0.89   0.03   0.87   0.02   0.02   0.99   0.79   0.08   0.82   0.97   0.93   0.09   0.93   0.08   0.12   0.99   0.93   0.95   0.93   0.11   0.16   1.00   0.93   0.93   0.93   0.91   0.02   

5.00   5.00   5.00   5.00   5.00   5.00   5.00   5.00   5.00   5.00   5.00   5.00   5.00   5.00   5.00   5.00   5.00   5.00   5.00   5.00   5.00   5.00   5.00   5.00   5.00   5.00   5.00   5.00   5.00   5.00   5.00   5.00   5.00   5.00   5.00   5.00   5.00   5.00   5.00   5.00   5.00   5.00   5.00   5.00   5.00   5.00   5.00   5.00   5.00   5.00   5.00   5.00   5.00   5.00   5.00   5.00   5.00   5.00   5.00   5.00   5.00   5.00   5.00   5.00   5.00   5.00   5.00   5.00   5.00   5.00   5.00   5.00   5.00   5.00   5.00   5.00   5.00   5.00   
0.01   0.06   0.52   0.06   0.01   0.06   0.10   0.10   0.01   0.48   0.10   0.36   0.26   0.90   0.10   0.27   0.06   0.27   0.48   0.06   0.26   0.37   0.63   0.55   0.18   0.95   0.01   0.01   0.01   0.01   0.01   0.01   0.18   0.52   0.01   0.03   0.88   0.77   0.91   0.01   0.55   0.95   0.91   0.18   0.10   0.01   0.91   0.01   0.90   0.84   0.21   0.27   0.37   0.10   0.26   0.21   0.91   0.77   0.55   0.27   0.91   0.77   0.27   0.77   0.91   0.77   0.91   0.10   0.91   0.27   0.06   0.27   0.21   0.06   0.10   0.77   0.08   0.06   
0.01   0.06   0.52   0.06   0.01   0.06   0.10   0.10   0.01   0.48   0.10   0.36   0.26   0.90   0.10   0.27   0.06   0.27   0.48   0.06   0.26   0.37   0.63   0.55   0.18   0.95   0.01   0.01   0.01   0.01   0.01   0.01   0.18   0.52   0.01   0.03   0.88   0.77   0.91   0.01   0.55   0.95   0.91   0.18   0.10   0.01   0.91   0.01   0.90   0.84   0.21   0.27   0.37   0.10   0.26   0.21   0.91   0.77   0.55   0.27   0.91   0.77   0.27   0.77   0.91   0.77   0.91   0.10   0.91   0.27   0.06   0.27   0.21   0.06   0.10   0.77   0.08   0.06   
0.50   0.50   0.16   0.50   0.50   0.53   0.26   0.92   0.50   0.50   0.50   0.50   0.50   0.70   0.15   0.22   0.50   0.50   0.12   0.50   0.50   0.74   0.18   0.13   0.06   0.50   0.50   0.50   0.50   0.50   0.50   0.06   0.50   0.67   0.50   0.46   0.50   0.50   0.50   0.14   0.50   0.50   0.50   0.50   0.50   0.10   0.50   0.50   0.50   0.50   0.34   0.88   0.11   0.50   0.50   0.50   0.84   0.69   0.03   0.81   0.59   0.50   0.40   0.50   0.50   0.24   0.84   0.50   0.45   0.50   0.45   0.57   0.50   0.50   0.50   0.50   0.49   0.64   
0.85   0.93   0.05   0.85   0.85   0.11   0.11   0.96   0.93   0.85   0.02   0.05   0.02   0.97   0.06   0.11   0.85   0.85   0.10   0.02   0.02   0.91   0.39   0.83   0.03   0.98   0.85   0.85   0.85   0.85   0.85   0.01   0.98   0.86   0.85   0.09   0.97   0.93   0.97   0.01   0.98   0.98   0.93   0.98   0.85   0.01   0.93   0.01   0.93   0.98   0.06   0.95   0.07   0.85   0.10   0.02   0.99   0.93   0.06   0.92   0.98   0.93   0.23   0.93   0.10   0.23   0.99   0.93   0.96   0.93   0.08   0.37   0.47   0.93   0.93   0.93   0.60   0.03   

5.00   5.00   5.00   5.00   5.00   5.00   5.00   5.00   5.00   5.00   5.00   5.00   5.00   5.00   5.00   5.00   5.00   5.00   5.00   5.00   5.00   5.00   5.00   5.00   5.00   5.00   5.00   5.00   5.00   5.00   5.00   5.00   5.00   5.00   5.00   5.00   5.00   5.00   5.00   5.00   5.00   5.00   5.00   5.00   5.00   5.00   5.00   5.00   5.00   5.00   5.00   5.00   5.00   5.00   5.00   5.00   5.00   5.00   5.00   5.00   5.00   5.00   5.00   5.00   5.00   5.00   5.00   5.00   5.00   5.00   5.00   5.00   5.00   5.00   5.00   5.00   5.00   5.00   
0.01   0.04   0.30   0.04   0.01   0.04   0.07   0.07   0.01   0.35   0.07   0.30   0.16   0.88   0.07   0.16   0.04   0.16   0.35   0.04   0.16   0.30   0.46   0.47   0.19   0.95   0.01   0.01   0.01   0.01   0.01   0.01   0.51   0.31   0.01   0.07   0.62   0.47   0.59   0.01   0.70   0.95   0.85   0.19   0.07   0.01   0.59   0.01   0.62   0.86   0.13   0.16   0.61   0.07   0.16   0.13   0.59   0.76   0.70   0.16   0.85   0.47   0.16   0.47   0.59   0.47   0.59   0.07   0.85   0.50   0.04   0.16   0.13   0.04   0.07   0.76   0.06   0.04   
0.01   0.04   0.30   0.04   0.01   0.04   0.07   0.07   0.01   0.35   0.07   0.30   0.16   0.88   0.07   0.16   0.04   0.16   0.35   0.04   0.16   0.30   0.46   0.47   0.19   0.95   0.01   0.01   0.01   0.01   0.01   0.01   0.51   0.31   0.01   0.07   0.62   0.47   0.59   0.01   0.70   0.95   0.85   0.19   0.07   0.01   0.59   0.01   0.62   0.86   0.13   0.16   0.61   0.07   0.16   0.13   0.59   0.76   0.70   0.16   0.85   0.47   0.16   0.47   0.59   0.47   0.59   0.07   0.85   0.50   0.04   0.16   0.13   0.04   0.07   0.76   0.06   0.04   
0.50   0.50   0.16   0.50   0.50   0.43   0.37   0.93   0.50   0.50   0.50   0.50   0.50   0.76   0.08   0.20   0.50   0.50   0.08   0.50   0.50   0.65   0.35   0.07   0.06   0.50   0.50   0.50   0.50   0.50   0.50   0.50   0.50   0.60   0.50   0.55   0.50   0.50   0.50   0.13   0.50   0.50   0.50   0.50   0.50   0.08   0.50   0.46   0.50   0.50   0.38   0.90   0.06   0.50   0.49   0.50   0.50   0.72   0.03   0.76   0.70   0.50   0.36   0.50   0.50   0.28   0.50   0.50   0.63   0.50   0.45   0.39   0.50   0.50   0.50   0.50   0.45   0.65   
0.77   0.94   0.06   0.77   0.77   0.06   0.10   0.90   0.94   0.77   0.02   0.04   0.02   0.98   0.02   0.07   0.77   0.77   0.04   0.02   0.02   0.71   0.64   0.07   0.02   0.98   0.77   0.77   0.77   0.77   0.77   0.05   0.98   0.68   0.77   0.09   0.97   0.94   0.97   0.01   0.98   0.98   0.94   0.98   0.77   0.00   0.94   0.01   0.94   0.98   0.06   0.91   0.09   0.77   0.10   0.02   0.97   0.96   0.10   0.77   0.99   0.94   0.14   0.94   0.72   0.23   0.97   0.94   0.98   0.94   0.07   0.16   0.42   0.94   0.94   0.94   0.13   0.03   

5.00   5.00   5.00   5.00   5.00   5.00   5.00   5.00   5.00   5.00   5.00   5.00   5.00   5.00   5.00   5.00   5.00   5.00   5.00   5.00   5.00   5.00   5.00   5.00   5.00   5.00   5.00   5.00   5.00   5.00   5.00   5.00   5.00   5.00   5.00   5.00   5.00   5.00   5.00   5.00   5.00   5.00   5.00   5.00   5.00   5.00   5.00   5.00   5.00   5.00   5.00   5.00   5.00   5.00   5.00   5.00   5.00   5.00   5.00   5.00   5.00   5.00   5.00   5.00   5.00   5.00   5.00   5.00   5.00   5.00   5.00   5.00   5.00   5.00   5.00   5.00   5.00   5.00   
0.01   0.04   0.49   0.04   0.01   0.04   0.06   0.06   0.01   0.52   0.06   0.23   0.14   0.91   0.06   0.13   0.04   0.13   0.30   0.04   0.14   0.23   0.38   0.38   0.14   0.96   0.01   0.01   0.01   0.01   0.01   0.01   0.36   0.27   0.01   0.05   0.73   0.62   0.47   0.01   0.51   0.96   0.66   0.14   0.06   0.01   0.69   0.01   0.74   0.87   0.10   0.39   0.44   0.06   0.39   0.10   0.47   0.80   0.51   0.13   0.66   0.39   0.13   0.39   0.47   0.39   0.47   0.06   0.86   0.36   0.04   0.13   0.10   0.04   0.06   0.59   0.04   0.04   
0.01   0.04   0.49   0.04   0.01   0.04   0.06   0.06   0.01   0.52   0.06   0.23   0.14   0.91   0.06   0.13   0.04   0.13   0.30   0.04   0.14   0.23   0.38   0.38   0.14   0.96   0.01   0.01   0.01   0.01   0.01   0.01   0.36   0.27   0.01   0.05   0.73   0.62   0.47   0.01   0.51   0.96   0.66   0.14   0.06   0.01   0.69   0.01   0.74   0.87   0.10   0.39   0.44   0.06   0.39   0.10   0.47   0.80   0.51   0.13   0.66   0.39   0.13   0.39   0.47   0.39   0.47   0.06   0.86   0.36   0.04   0.13   0.10   0.04   0.06   0.59   0.04   0.04   
0.50   0.50   0.16   0.50   0.50   0.51   0.42   0.94   0.50   0.50   0.50   0.50   0.50   0.80   0.10   0.28   0.50   0.50   0.12   0.50   0.50   0.67   0.40   0.10   0.06   0.50   0.50   0.50   0.50   0.50   0.50   0.50   0.50   0.71   0.50   0.62   0.50   0.50   0.50   0.11   0.50   0.50   0.50   0.50   0.50   0.50   0.50   0.47   0.50   0.50   0.43   0.93   0.06   0.50   0.61   0.50   0.50   0.78   0.05   0.86   0.74   0.50   0.41   0.50   0.50   0.32   0.50   0.50   0.71   0.50   0.56   0.45   0.50   0.50   0.50   0.50   0.52   0.70   
0.73   0.95   0.12   0.73   0.73   0.06   0.08   0.88   0.95   0.73   0.01   0.03   0.01   0.99   0.01   0.07   0.73   0.73   0.04   0.01   0.01   0.61   0.28   0.05   0.01   0.98   0.73   0.73   0.73   0.73   0.73   0.03   0.98   0.71   0.73   0.07   0.97   0.95   0.97   0.00   0.98   0.98   0.95   0.98   0.73   0.03   0.95   0.01   0.95   0.98   0.05   0.95   0.06   0.73   0.33   0.01   0.97   0.98   0.08   0.80   0.96   0.95   0.12   0.95   0.81   0.22   0.97   0.95   0.99   0.95   0.07   0.14   0.34   0.95   0.95   0.95   0.10   0.04   

5.00   5.00   5.00   5.00   5.00   5.00   5.00   5.00   5.00   5.00   5.00   5.00   5.00   5.00   5.00   5.00   5.00   5.00   5.00   5.00   5.00   5.00   5.00   5.00   5.00   5.00   5.00   5.00   5.00   5.00   5.00   5.00   5.00   5.00   5.00   5.00   5.00   5.00   5.00   5.00   5.00   5.00   5.00   5.00   5.00   5.00   5.00   5.00   5.00   5.00   5.00   5.00   5.00   5.00   5.00   5.00   5.00   5.00   5.00   5.00   5.00   5.00   5.00   5.00   5.00   5.00   5.00   5.00   5.00   5.00   5.00   5.00   5.00   5.00   5.00   5.00   5.00   5.00   
0.01   0.04   0.48   0.04   0.01   0.04   0.07   0.07   0.01   0.53   0.07   0.24   0.14   0.91   0.07   0.14   0.04   0.13   0.31   0.04   0.14   0.23   0.38   0.38   0.15   0.96   0.01   0.01   0.01   0.01   0.01   0.01   0.37   0.27   0.01   0.05   0.73   0.63   0.48   0.01   0.52   0.96   0.67   0.15   0.07   0.01   0.70   0.01   0.75   0.87   0.09   0.40   0.45   0.07   0.40   0.09   0.48   0.81   0.52   0.14   0.67   0.40   0.14   0.40   0.48   0.40   0.48   0.07   0.87   0.37   0.04   0.14   0.10   0.04   0.07   0.60   0.03   0.03   
0.01   0.04   0.48   0.04   0.01   0.04   0.07   0.07   0.01   0.53   0.07   0.24   0.14   0.91   0.07   0.14   0.04   0.13   0.31   0.04   0.14   0.23   0.38   0.38   0.15   0.96   0.01   0.01   0.01   0.01   0.01   0.01   0.37   0.27   0.01   0.05   0.73   0.63   0.48   0.01   0.52   0.96   0.67   0.15   0.07   0.01   0.70   0.01   0.75   0.87   0.09   0.40   0.45   0.07   0.40   0.09   0.48   0.81   0.52   0.14   0.67   0.40   0.14   0.40   0.48   0.40   0.48   0.07   0.87   0.37   0.04   0.14   0.10   0.04   0.07   0.60   0.03   0.03   
0.50   0.50   0.21   0.50   0.50   0.45   0.36   0.85   0.50   0.50   0.50   0.50   0.50   0.71   0.12   0.22   0.50   0.50   0.13   0.50   0.50   0.56   0.39   0.07   0.05   0.50   0.50   0.50   0.50   0.50   0.50   0.50   0.50   0.63   0.50   0.39   0.50   0.50   0.50   0.50   0.50   0.50   0.50   0.50   0.50   0.50   0.50   0.50   0.50   0.50   0.51   0.90   0.04   0.50   0.59   0.50   0.50   0.65   0.04   0.79   0.59   0.50   0.46   0.50   0.50   0.17   0.50   0.50   0.71   0.50   0.68   0.44   0.50   0.50   0.50   0.50   0.45   0.63   
0.77   0.94   0.10   0.77   0.77   0.11   0.15   0.83   0.94   0.77   0.02   0.04   0.02   0.99   0.04   0.11   0.77   0.77   0.09   0.02   0.02   0.65   0.64   0.05   0.02   0.98   0.77   0.77   0.77   0.77   0.77   0.06   0.98   0.64   0.77   0.07   0.97   0.94   0.97   0.05   0.98   0.98   0.94   0.98   0.77   0.06   0.94   0.01   0.94   0.98   0.05   0.96   0.06   0.77   0.39   0.02   0.97   0.97   0.10   0.83   0.96   0.94   0.28   0.94   0.71   0.16   0.97   0.94   0.99   0.94   0.24   0.26   0.39   0.94   0.94   0.94   0.07   0.03   

5.00   5.00   5.00   5.00   5.00   5.00   5.00   5.00   5.00   5.00   5.00   5.00   5.00   5.00   5.00   5.00   5.00   5.00   5.00   5.00   5.00   5.00   5.00   5.00   5.00   5.00   5.00   5.00   5.00   5.00   5.00   5.00   5.00   5.00   5.00   5.00   5.00   5.00   5.00   5.00   5.00   5.00   5.00   5.00   5.00   5.00   5.00   5.00   5.00   5.00   5.00   5.00   5.00   5.00   5.00   5.00   5.00   5.00   5.00   5.00   5.00   5.00   5.00   5.00   5.00   5.00   5.00   5.00   5.00   5.00   5.00   5.00   5.00   5.00   5.00   5.00   5.00   5.00   
0.01   0.04   0.44   0.04   0.01   0.04   0.05   0.05   0.01   0.43   0.05   0.19   0.12   0.82   0.05   0.12   0.04   0.11   0.24   0.04   0.12   0.18   0.33   0.30   0.10   0.96   0.01   0.01   0.01   0.01   0.01   0.01   0.31   0.28   0.01   0.03   0.65   0.69   0.60   0.01   0.60   0.86   0.78   0.10   0.05   0.01   0.77   0.01   0.66   0.79   0.11   0.45   0.39   0.05   0.33   0.24   0.60   0.85   0.60   0.26   0.78   0.52   0.26   0.38   0.61   0.52   0.60   0.05   0.92   0.46   0.04   0.26   0.24   0.04   0.17   0.70   0.05   0.15   
0.01   0.04   0.44   0.04   0.01   0.04   0.05   0.05   0.01   0.43   0.05   0.19   0.12   0.82   0.05   0.12   0.04   0.11   0.24   0.04   0.12   0.18   0.33   0.30   0.10   0.96   0.01   0.01   0.01   0.01   0.01   0.01   0.31   0.28   0.01   0.03   0.65   0.69   0.60   0.01   0.60   0.86   0.78   0.10   0.05   0.01   0.77   0.01   0.66   0.79   0.11   0.45   0.39   0.05   0.33   0.24   0.60   0.85   0.60   0.26   0.78   0.52   0.26   0.38   0.61   0.52   0.60   0.05   0.92   0.46   0.04   0.26   0.24   0.04   0.17   0.70   0.05   0.15   
0.50   0.50   0.22   0.50   0.50   0.46   0.37   0.85   0.50   0.50   0.50   0.50   0.50   0.71   0.13   0.23   0.50   0.50   0.14   0.50   0.50   0.57   0.40   0.07   0.05   0.50   0.50   0.50   0.50   0.50   0.50   0.50   0.50   0.64   0.50   0.40   0.50   0.50   0.50   0.50   0.50   0.50   0.50   0.50   0.50   0.50   0.50   0.50   0.50   0.50   0.51   0.90   0.04   0.50   0.60   0.50   0.50   0.65   0.05   0.79   0.60   0.50   0.47   0.50   0.50   0.17   0.50   0.50   0.72   0.50   0.69   0.45   0.50   0.50   0.50   0.50   0.46   0.64   
0.76   0.95   0.10   0.76   0.76   0.08   0.09   0.74   0.95   0.76   0.02   0.03   0.02   0.97   0.02   0.08   0.76   0.76   0.06   0.02   0.02   0.29   0.27   0.03   0.01   0.98   0.76   0.76   0.76   0.76   0.76   0.04   0.98   0.57   0.76   0.04   0.97   0.95   0.97   0.04   0.98   0.98   0.95   0.98   0.76   0.04   0.95   0.01   0.95   0.98   0.05   0.96   0.04   0.76   0.33   0.02   0.98   0.98   0.12   0.85   0.96   0.95   0.34   0.95   0.76   0.20   0.98   0.95   0.99   0.95   0.18   0.32   0.38   0.95   0.95   0.95   0.05   0.13   

5.00   5.00   5.00   5.00   5.00   5.00   5.00   5.00   5.00   5.00   5.00   5.00   5.00   5.00   5.00   5.00   5.00   5.00   5.00   5.00   5.00   5.00   5.00   5.00   5.00   5.00   5.00   5.00   5.00   5.00   5.00   5.00   5.00   5.00   5.00   5.00   5.00   5.00   5.00   5.00   5.00   5.00   5.00   5.00   5.00   5.00   5.00   5.00   5.00   5.00   5.00   5.00   5.00   5.00   5.00   5.00   5.00   5.00   5.00   5.00   5.00   5.00   5.00   5.00   5.00   5.00   5.00   5.00   5.00   5.00   5.00   5.00   5.00   5.00   5.00   5.00   5.00   5.00   
0.01   0.03   0.38   0.03   0.10   0.03   0.04   0.04   0.01   0.37   0.04   0.16   0.10   0.73   0.04   0.09   0.03   0.09   0.19   0.04   0.10   0.15   0.27   0.26   0.22   0.96   0.01   0.01   0.01   0.01   0.01   0.01   0.27   0.23   0.01   0.03   0.56   0.58   0.49   0.01   0.52   0.88   0.67   0.09   0.04   0.01   0.77   0.01   0.69   0.81   0.23   0.38   0.47   0.04   0.28   0.20   0.49   0.86   0.52   0.20   0.78   0.55   0.20   0.30   0.50   0.41   0.49   0.04   0.92   0.39   0.03   0.20   0.19   0.03   0.13   0.59   0.04   0.26   
0.01   0.03   0.38   0.03   0.10   0.03   0.04   0.04   0.01   0.37   0.04   0.16   0.10   0.73   0.04   0.09   0.03   0.09   0.19   0.04   0.10   0.15   0.27   0.26   0.22   0.96   0.01   0.01   0.01   0.01   0.01   0.01   0.27   0.23   0.01   0.03   0.56   0.58   0.49   0.01   0.52   0.88   0.67   0.09   0.04   0.01   0.77   0.01   0.69   0.81   0.23   0.38   0.47   0.04   0.28   0.20   0.49   0.86   0.52   0.20   0.78   0.55   0.20   0.30   0.50   0.41   0.49   0.04   0.92   0.39   0.03   0.20   0.19   0.03   0.13   0.59   0.04   0.26   
0.50   0.50   0.22   0.50   0.50   0.48   0.49   0.89   0.50   0.50   0.50   0.50   0.50   0.82   0.11   0.24   0.50   0.50   0.13   0.50   0.50   0.70   0.38   0.07   0.04   0.50   0.50   0.50   0.50   0.50   0.50   0.50   0.50   0.67   0.50   0.48   0.50   0.50   0.50   0.50   0.50   0.50   0.50   0.50   0.50   0.50   0.50   0.50   0.50   0.50   0.40   0.95   0.05   0.50   0.71   0.50   0.50   0.72   0.04   0.84   0.70   0.50   0.51   0.50   0.50   0.18   0.50   0.50   0.50   0.50   0.68   0.51   0.50   0.50   0.50   0.50   0.49   0.73   
0.73   0.95   0.10   0.73   0.73   0.06   0.09   0.72   0.95   0.73   0.01   0.04   0.01   0.96   0.01   0.05   0.73   0.73   0.04   0.01   0.01   0.56   0.20   0.02   0.01   0.98   0.73   0.73   0.73   0.73   0.73   0.03   0.98   0.54   0.73   0.04   0.97   0.95   0.97   0.03   0.98   0.98   0.95   0.98   0.73   0.03   0.95   0.01   0.95   0.98   0.08   0.97   0.05   0.73   0.38   0.01   0.97   0.98   0.07   0.84   0.98   0.95   0.32   0.95   0.81   0.17   0.97   0.95   0.98   0.95   0.13   0.32   0.38   0.95   0.95   0.95   0.06   0.35   

5.00   5.00   5.00   5.00   5.00   5.00   5.00   5.00   5.00   5.00   5.00   5.00   5.00   5.00   5.00   5.00   5.00   5.00   5.00   5.00   5.00   5.00   5.00   5.00   5.00   5.00   5.00   5.00   5.00   5.00   5.00   5.00   5.00   5.00   5.00   5.00   5.00   5.00   5.00   5.00   5.00   5.00   5.00   5.00   5.00   5.00   5.00   5.00   5.00   5.00   5.00   5.00   5.00   5.00   5.00   5.00   5.00   5.00   5.00   5.00   5.00   5.00   5.00   5.00   5.00   5.00   5.00   5.00   5.00   5.00   5.00   5.00   5.00   5.00   5.00   5.00   5.00   5.00   
0.01   0.13   0.36   0.04   0.06   0.13   0.03   0.03   0.07   0.45   0.03   0.12   0.08   0.65   0.03   0.08   0.04   0.08   0.29   0.04   0.08   0.12   0.23   0.32   0.14   0.97   0.01   0.01   0.01   0.01   0.01   0.01   0.18   0.35   0.01   0.02   0.65   0.74   0.68   0.01   0.62   0.89   0.80   0.05   0.13   0.01   0.88   0.01   0.76   0.84   0.17   0.51   0.37   0.03   0.37   0.34   0.68   0.93   0.62   0.35   0.88   0.70   0.35   0.45   0.68   0.60   0.68   0.03   0.96   0.50   0.13   0.35   0.35   0.13   0.13   0.73   0.03   0.37   
0.01   0.13   0.36   0.04   0.06   0.13   0.03   0.03   0.07   0.45   0.03   0.12   0.08   0.65   0.03   0.08   0.04   0.08   0.29   0.04   0.08   0.12   0.23   0.32   0.14   0.97   0.01   0.01   0.01   0.01   0.01   0.01   0.18   0.35   0.01   0.02   0.65   0.74   0.68   0.01   0.62   0.89   0.80   0.05   0.13   0.01   0.88   0.01   0.76   0.84   0.17   0.51   0.37   0.03   0.37   0.34   0.68   0.93   0.62   0.35   0.88   0.70   0.35   0.45   0.68   0.60   0.68   0.03   0.96   0.50   0.13   0.35   0.35   0.13   0.13   0.73   0.03   0.37   
0.50   0.50   0.18   0.50   0.50   0.41   0.42   0.86   0.50   0.50   0.50   0.50   0.50   0.78   0.09   0.19   0.50   0.50   0.10   0.50   0.50   0.65   0.32   0.05   0.03   0.50   0.50   0.50   0.50   0.50   0.50   0.50   0.50   0.61   0.50   0.41   0.50   0.50   0.50   0.50   0.50   0.50   0.50   0.50   0.50   0.50   0.50   0.50   0.50   0.50   0.34   0.94   0.03   0.50   0.66   0.50   0.50   0.66   0.03   0.80   0.64   0.50   0.45   0.50   0.50   0.14   0.50   0.50   0.50   0.50   0.62   0.45   0.50   0.50   0.50   0.50   0.42   0.68   
0.74   0.95   0.06   0.74   0.74   0.10   0.06   0.59   0.95   0.74   0.01   0.03   0.01   0.91   0.01   0.03   0.74   0.74   0.04   0.01   0.01   0.23   0.12   0.02   0.00   0.98   0.74   0.74   0.74   0.74   0.74   0.03   0.98   0.53   0.74   0.02   0.97   0.95   0.97   0.03   0.98   0.98   0.95   0.98   0.74   0.03   0.95   0.01   0.95   0.98   0.05   0.97   0.02   0.74   0.41   0.01   0.98   0.98   0.06   0.86   0.97   0.95   0.37   0.95   0.83   0.18   0.98   0.95   0.98   0.95   0.21   0.37   0.39   0.95   0.95   0.95   0.04   0.46   

5.00   5.00   5.00   5.00   5.00   5.00   5.00   5.00   5.00   5.00   5.00   5.00   5.00   5.00   5.00   5.00   5.00   5.00   5.00   5.00   5.00   5.00   5.00   5.00   5.00   5.00   5.00   5.00   5.00   5.00   5.00   5.00   5.00   5.00   5.00   5.00   5.00   5.00   5.00   5.00   5.00   5.00   5.00   5.00   5.00   5.00   5.00   5.00   5.00   5.00   5.00   5.00   5.00   5.00   5.00   5.00   5.00   5.00   5.00   5.00   5.00   5.00   5.00   5.00   5.00   5.00   5.00   5.00   5.00   5.00   5.00   5.00   5.00   5.00   5.00   5.00   5.00   5.00   
0.01   0.13   0.35   0.04   0.06   0.14   0.04   0.04   0.07   0.47   0.04   0.13   0.09   0.66   0.04   0.09   0.03   0.07   0.31   0.03   0.09   0.13   0.24   0.34   0.13   0.98   0.01   0.01   0.01   0.01   0.01   0.01   0.19   0.37   0.01   0.02   0.67   0.76   0.70   0.01   0.64   0.90   0.82   0.06   0.14   0.01   0.88   0.01   0.78   0.86   0.15   0.53   0.38   0.04   0.38   0.32   0.70   0.93   0.64   0.37   0.89   0.72   0.37   0.47   0.70   0.62   0.70   0.04   0.97   0.50   0.14   0.37   0.36   0.14   0.15   0.76   0.03   0.35   
0.01   0.13   0.35   0.04   0.06   0.14   0.04   0.04   0.07   0.47   0.04   0.13   0.09   0.66   0.04   0.09   0.03   0.07   0.31   0.03   0.09   0.13   0.24   0.34   0.13   0.98   0.01   0.01   0.01   0.01   0.01   0.01   0.19   0.37   0.01   0.02   0.67   0.76   0.70   0.01   0.64   0.90   0.82   0.06   0.14   0.01   0.88   0.01   0.78   0.86   0.15   0.53   0.38   0.04   0.38   0.32   0.70   0.93   0.64   0.37   0.89   0.72   0.37   0.47   0.70   0.62   0.70   0.04   0.97   0.50   0.14   0.37   0.36   0.14   0.15   0.76   0.03   0.35   
0.50   0.50   0.21   0.50   0.50   0.50   0.50   0.87   0.50   0.50   0.50   0.50   0.50   0.81   0.11   0.23   0.50   0.50   0.13   0.50   0.50   0.66   0.36   0.07   0.50   0.50   0.50   0.50   0.50   0.50   0.50   0.50   0.50   0.62   0.50   0.48   0.50   0.50   0.50   0.50   0.50   0.50   0.50   0.50   0.50   0.50   0.50   0.50   0.50   0.50   0.40   0.95   0.03   0.50   0.69   0.50   0.50   0.70   0.04   0.82   0.67   0.50   0.49   0.50   0.50   0.18   0.50   0.50   0.50   0.50   0.67   0.58   0.50   0.50   0.50   0.50   0.46   0.71   
0.94   0.97   0.04   0.94   0.94   0.49   0.45   0.93   0.97   0.94   0.02   0.01   0.02   0.97   0.10   0.27   0.94   0.94   0.24   0.02   0.02   0.83   0.43   0.10   0.35   0.94   0.94   0.94   0.94   0.94   0.94   0.09   0.94   0.76   0.94   0.25   0.98   0.97   0.98   0.08   0.94   0.94   0.97   0.94   0.94   0.09   0.97   0.01   0.97   0.94   0.03   1.00   0.05   0.94   0.88   0.02   0.99   1.00   0.26   0.99   1.00   0.97   0.95   0.97   0.64   0.88   0.99   0.97   1.00   0.97   0.80   0.96   0.48   0.97   0.97   0.97   0.05   0.36   

5.00   5.00   5.00   5.00   5.00   5.00   5.00   5.00   5.00   5.00   5.00   5.00   5.00   5.00   5.00   5.00   5.00   5.00   5.00   5.00   5.00   5.00   5.00   5.00   5.00   5.00   5.00   5.00   5.00   5.00   5.00   5.00   5.00   5.00   5.00   5.00   5.00   5.00   5.00   5.00   5.00   5.00   5.00   5.00   5.00   5.00   5.00   5.00   5.00   5.00   5.00   5.00   5.00   5.00   5.00   5.00   5.00   5.00   5.00   5.00   5.00   5.00   5.00   5.00   5.00   5.00   5.00   5.00   5.00   5.00   5.00   5.00   5.00   5.00   5.00   5.00   5.00   5.00   
0.01   0.09   0.38   0.03   0.06   0.11   0.03   0.03   0.05   0.51   0.03   0.12   0.13   0.64   0.03   0.08   0.02   0.06   0.27   0.02   0.08   0.18   0.22   0.39   0.19   0.98   0.01   0.01   0.01   0.01   0.01   0.01   0.20   0.30   0.01   0.02   0.69   0.67   0.66   0.01   0.64   0.92   0.73   0.06   0.11   0.03   0.80   0.01   0.73   0.87   0.13   0.54   0.44   0.03   0.42   0.25   0.66   0.88   0.64   0.29   0.81   0.62   0.29   0.40   0.59   0.52   0.59   0.08   0.92   0.43   0.11   0.29   0.28   0.11   0.11   0.73   0.02   0.28   
0.01   0.09   0.38   0.03   0.06   0.11   0.03   0.03   0.05   0.51   0.03   0.12   0.13   0.64   0.03   0.08   0.02   0.06   0.27   0.02   0.08   0.18   0.22   0.39   0.19   0.98   0.01   0.01   0.01   0.01   0.01   0.01   0.20   0.30   0.01   0.02   0.69   0.67   0.66   0.01   0.64   0.92   0.73   0.06   0.11   0.03   0.80   0.01   0.73   0.87   0.13   0.54   0.44   0.03   0.42   0.25   0.66   0.88   0.64   0.29   0.81   0.62   0.29   0.40   0.59   0.52   0.59   0.08   0.92   0.43   0.11   0.29   0.28   0.11   0.11   0.73   0.02   0.28   
0.50   0.50   0.14   0.50   0.50   0.58   0.43   0.90   0.50   0.50   0.50   0.50   0.50   0.92   0.05   0.23   0.50   0.50   0.19   0.50   0.50   0.63   0.31   0.08   0.50   0.50   0.50   0.50   0.50   0.50   0.50   0.50   0.50   0.57   0.50   0.28   0.50   0.50   0.50   0.50   0.50   0.50   0.50   0.50   0.50   0.50   0.50   0.50   0.50   0.50   0.35   0.50   0.04   0.50   0.79   0.50   0.50   0.50   0.05   0.69   0.50   0.50   0.52   0.50   0.50   0.37   0.50   0.50   0.50   0.50   0.57   0.66   0.50   0.50   0.50   0.50   0.44   0.78   
0.79   0.95   0.06   0.79   0.79   0.25   0.12   0.78   0.95   0.79   0.02   0.52   0.02   0.97   0.01   0.08   0.79   0.79   0.11   0.02   0.02   0.68   0.15   0.07   0.20   0.98   0.79   0.79   0.79   0.79   0.79   0.04   0.98   0.33   0.79   0.03   0.98   0.95   0.98   0.04   0.98   0.98   0.95   0.98   0.79   0.04   0.95   0.01   0.95   0.98   0.03   0.82   0.06   0.79   0.87   0.02   0.98   0.98   0.21   0.81   0.97   0.95   0.61   0.95   0.80   0.45   0.98   0.95   0.99   0.95   0.24   0.78   0.39   0.95   0.95   0.95   0.02   0.43   

5.00   5.00   5.00   5.00   5.00   5.00   5.00   5.00   5.00   5.00   5.00   5.00   5.00   5.00   5.00   5.00   5.00   5.00   5.00   5.00   5.00   5.00   5.00   5.00   5.00   5.00   5.00   5.00   5.00   5.00   5.00   5.00   5.00   5.00   5.00   5.00   5.00   5.00   5.00   5.00   5.00   5.00   5.00   5.00   5.00   5.00   5.00   5.00   5.00   5.00   5.00   5.00   5.00   5.00   5.00   5.00   5.00   5.00   5.00   5.00   5.00   5.00   5.00   5.00   5.00   5.00   5.00   5.00   5.00   5.00   5.00   5.00   5.00   5.00   5.00   5.00   5.00   5.00   
0.01   0.09   0.34   0.03   0.05   0.10   0.03   0.03   0.05   0.47   0.03   0.10   0.11   0.67   0.03   0.15   0.02   0.05   0.36   0.02   0.07   0.15   0.30   0.46   0.16   0.98   0.01   0.01   0.01   0.01   0.01   0.01   0.16   0.27   0.01   0.02   0.72   0.61   0.70   0.01   0.68   0.92   0.66   0.05   0.19   0.03   0.83   0.01   0.77   0.79   0.21   0.59   0.38   0.03   0.48   0.34   0.70   0.89   0.58   0.37   0.83   0.67   0.27   0.34   0.53   0.46   0.53   0.07   0.85   0.38   0.10   0.37   0.26   0.18   0.19   0.75   0.02   0.37   
0.01   0.09   0.34   0.03   0.05   0.10   0.03   0.03   0.05   0.47   0.03   0.10   0.11   0.67   0.03   0.15   0.02   0.05   0.36   0.02   0.07   0.15   0.30   0.46   0.16   0.98   0.01   0.01   0.01   0.01   0.01   0.01   0.16   0.27   0.01   0.02   0.72   0.61   0.70   0.01   0.68   0.92   0.66   0.05   0.19   0.03   0.83   0.01   0.77   0.79   0.21   0.59   0.38   0.03   0.48   0.34   0.70   0.89   0.58   0.37   0.83   0.67   0.27   0.34   0.53   0.46   0.53   0.07   0.85   0.38   0.10   0.37   0.26   0.18   0.19   0.75   0.02   0.37   
0.50   0.50   0.12   0.50   0.50   0.54   0.40   0.89   0.50   0.50   0.50   0.50   0.50   0.91   0.05   0.21   0.50   0.50   0.17   0.50   0.50   0.60   0.28   0.07   0.50   0.50   0.50   0.50   0.50   0.50   0.50   0.50   0.50   0.53   0.50   0.25   0.50   0.50   0.50   0.50   0.50   0.50   0.50   0.50   0.50   0.50   0.50   0.50   0.50   0.50   0.31   0.50   0.03   0.50   0.77   0.50   0.50   0.50   0.04   0.66   0.50   0.50   0.48   0.50   0.50   0.34   0.50   0.50   0.50   0.50   0.53   0.63   0.50   0.50   0.50   0.50   0.41   0.76   
0.80   0.95   0.04   0.80   0.80   0.17   0.06   0.65   0.95   0.80   0.01   0.53   0.01   0.96   0.00   0.07   0.80   0.80   0.10   0.01   0.01   0.33   0.15   0.06   0.17   0.98   0.80   0.80   0.80   0.80   0.80   0.03   0.98   0.21   0.80   0.01   0.98   0.95   0.98   0.03   0.98   0.98   0.95   0.98   0.80   0.03   0.95   0.01   0.95   0.98   0.06   0.80   0.03   0.80   0.85   0.01   0.98   0.98   0.11   0.80   0.96   0.95   0.38   0.95   0.83   0.33   0.98   0.95   0.99   0.95   0.16   0.77   0.39   0.95   0.95   0.95   0.02   0.71   

5.00   5.00   5.00   5.00   5.00   5.00   5.00   5.00   5.00   5.00   5.00   5.00   5.00   5.00   5.00   5.00   5.00   5.00   5.00   5.00   5.00   5.00   5.00   5.00   5.00   5.00   5.00   5.00   5.00   5.00   5.00   5.00   5.00   5.00   5.00   5.00   5.00   5.00   5.00   5.00   5.00   5.00   5.00   5.00   5.00   5.00   5.00   5.00   5.00   5.00   5.00   5.00   5.00   5.00   5.00   5.00   5.00   5.00   5.00   5.00   5.00   5.00   5.00   5.00   5.00   5.00   5.00   5.00   5.00   5.00   5.00   5.00   5.00   5.00   5.00   5.00   5.00   5.00   
0.01   0.07   0.30   0.02   0.05   0.08   0.03   0.03   0.04   0.42   0.03   0.09   0.10   0.62   0.03   0.12   0.02   0.04   0.30   0.02   0.06   0.14   0.27   0.41   0.16   0.94   0.01   0.01   0.01   0.01   0.01   0.01   0.25   0.22   0.01   0.02   0.65   0.52   0.60   0.01   0.70   0.88   0.66   0.05   0.15   0.03   0.81   0.01   0.68   0.80   0.19   0.60   0.45   0.03   0.42   0.28   0.60   0.82   0.54   0.30   0.75   0.57   0.21   0.27   0.44   0.37   0.44   0.06   0.79   0.34   0.08   0.30   0.22   0.15   0.16   0.67   0.02   0.32   
0.01   0.07   0.30   0.02   0.05   0.08   0.03   0.03   0.04   0.42   0.03   0.09   0.10   0.62   0.03   0.12   0.02   0.04   0.30   0.02   0.06   0.14   0.27   0.41   0.16   0.94   0.01   0.01   0.01   0.01   0.01   0.01   0.25   0.22   0.01   0.02   0.65   0.52   0.60   0.01   0.70   0.88   0.66   0.05   0.15   0.03   0.81   0.01   0.68   0.80   0.19   0.60   0.45   0.03   0.42   0.28   0.60   0.82   0.54   0.30   0.75   0.57   0.21   0.27   0.44   0.37   0.44   0.06   0.79   0.34   0.08   0.30   0.22   0.15   0.16   0.67   0.02   0.32   
0.50   0.50   0.20   0.50   0.50   0.63   0.54   0.93   0.50   0.50   0.50   0.50   0.50   0.94   0.50   0.27   0.50   0.50   0.25   0.50   0.50   0.74   0.38   0.12   0.50   0.50   0.50   0.50   0.50   0.50   0.50   0.50   0.50   0.59   0.50   0.32   0.50   0.50   0.50   0.50   0.50   0.50   0.50   0.50   0.50   0.50   0.50   0.50   0.50   0.50   0.40   0.50   0.07   0.50   0.86   0.50   0.50   0.50   0.06   0.65   0.50   0.50   0.59   0.50   0.50   0.47   0.50   0.50   0.50   0.50   0.60   0.76   0.50   0.50   0.50   0.50   0.49   0.81   
0.82   0.95   0.07   0.82   0.82   0.14   0.06   0.68   0.95   0.82   0.01   0.58   0.01   0.97   0.06   0.07   0.82   0.82   0.10   0.01   0.01   0.60   0.15   0.08   0.16   0.98   0.82   0.82   0.82   0.82   0.82   0.02   0.98   0.19   0.82   0.01   0.98   0.95   0.98   0.02   0.98   0.98   0.95   0.98   0.82   0.02   0.95   0.01   0.95   0.98   0.09   0.74   0.09   0.82   0.88   0.01   0.98   0.98   0.11   0.66   0.95   0.95   0.36   0.95   0.85   0.34   0.98   0.95   0.99   0.95   0.13   0.77   0.36   0.95   0.95   0.95   0.02   0.74   

5.00   5.00   5.00   5.00   5.00   5.00   5.00   5.00   5.00   5.00   5.00   5.00   5.00   5.00   5.00   5.00   5.00   5.00   5.00   5.00   5.00   5.00   5.00   5.00   5.00   5.00   5.00   5.00   5.00   5.00   5.00   5.00   5.00   5.00   5.00   5.00   5.00   5.00   5.00   5.00   5.00   5.00   5.00   5.00   5.00   5.00   5.00   5.00   5.00   5.00   5.00   5.00   5.00   5.00   5.00   5.00   5.00   5.00   5.00   5.00   5.00   5.00   5.00   5.00   5.00   5.00   5.00   5.00   5.00   5.00   5.00   5.00   5.00   5.00   5.00   5.00   5.00   5.00   
0.01   0.07   0.25   0.02   0.04   0.08   0.02   0.02   0.04   0.36   0.02   0.08   0.09   0.51   0.02   0.11   0.02   0.04   0.27   0.02   0.05   0.12   0.23   0.36   0.13   0.96   0.01   0.01   0.01   0.01   0.01   0.01   0.19   0.20   0.01   0.02   0.73   0.65   0.73   0.01   0.79   0.91   0.76   0.04   0.15   0.03   0.87   0.01   0.76   0.85   0.16   0.71   0.37   0.02   0.56   0.27   0.73   0.88   0.66   0.30   0.84   0.50   0.22   0.25   0.41   0.54   0.41   0.05   0.86   0.31   0.08   0.49   0.40   0.34   0.15   0.77   0.02   0.29   
0.01   0.07   0.25   0.02   0.04   0.08   0.02   0.02   0.04   0.36   0.02   0.08   0.09   0.51   0.02   0.11   0.02   0.04   0.27   0.02   0.05   0.12   0.23   0.36   0.13   0.96   0.01   0.01   0.01   0.01   0.01   0.01   0.19   0.20   0.01   0.02   0.73   0.65   0.73   0.01   0.79   0.91   0.76   0.04   0.15   0.03   0.87   0.01   0.76   0.85   0.16   0.71   0.37   0.02   0.56   0.27   0.73   0.88   0.66   0.30   0.84   0.50   0.22   0.25   0.41   0.54   0.41   0.05   0.86   0.31   0.08   0.49   0.40   0.34   0.15   0.77   0.02   0.29   
0.50   0.50   0.18   0.50   0.50   0.63   0.54   0.94   0.50   0.50   0.50   0.50   0.50   0.95   0.50   0.26   0.50   0.50   0.24   0.50   0.50   0.75   0.37   0.11   0.50   0.50   0.50   0.50   0.50   0.50   0.50   0.50   0.50   0.60   0.50   0.31   0.50   0.50   0.50   0.50   0.50   0.50   0.50   0.50   0.50   0.50   0.50   0.50   0.50   0.50   0.40   0.50   0.06   0.50   0.87   0.50   0.50   0.50   0.05   0.65   0.50   0.50   0.59   0.50   0.50   0.47   0.50   0.50   0.50   0.50   0.61   0.77   0.50   0.50   0.50   0.50   0.48   0.82   
0.82   0.95   0.06   0.82   0.82   0.13   0.06   0.68   0.95   0.82   0.01   0.62   0.01   0.96   0.05   0.05   0.82   0.82   0.08   0.01   0.01   0.55   0.12   0.05   0.14   0.98   0.82   0.82   0.82   0.82   0.82   0.02   0.98   0.17   0.82   0.01   0.98   0.95   0.98   0.02   0.98   0.98   0.95   0.98   0.82   0.02   0.95   0.01   0.95   0.98   0.07   0.75   0.06   0.82   0.91   0.01   0.98   0.98   0.12   0.60   0.96   0.95   0.33   0.95   0.87   0.45   0.98   0.95   0.99   0.95   0.12   0.83   0.34   0.95   0.95   0.95   0.02   0.72   

5.00   5.00   5.00   5.00   5.00   5.00   5.00   5.00   5.00   5.00   5.00   5.00   5.00   5.00   5.00   5.00   5.00   5.00   5.00   5.00   5.00   5.00   5.00   5.00   5.00   5.00   5.00   5.00   5.00   5.00   5.00   5.00   5.00   5.00   5.00   5.00   5.00   5.00   5.00   5.00   5.00   5.00   5.00   5.00   5.00   5.00   5.00   5.00   5.00   5.00   5.00   5.00   5.00   5.00   5.00   5.00   5.00   5.00   5.00   5.00   5.00   5.00   5.00   5.00   5.00   5.00   5.00   5.00   5.00   5.00   5.00   5.00   5.00   5.00   5.00   5.00   5.00   5.00   
0.01   0.09   0.23   0.04   0.06   0.11   0.02   0.02   0.04   0.33   0.04   0.07   0.08   0.54   0.02   0.10   0.02   0.03   0.30   0.02   0.05   0.16   0.21   0.39   0.16   0.97   0.01   0.01   0.01   0.01   0.01   0.01   0.23   0.18   0.01   0.02   0.69   0.61   0.74   0.01   0.80   0.91   0.78   0.07   0.13   0.02   0.88   0.01   0.77   0.82   0.19   0.67   0.41   0.04   0.52   0.24   0.69   0.89   0.68   0.27   0.85   0.48   0.25   0.28   0.43   0.56   0.44   0.08   0.87   0.35   0.07   0.51   0.37   0.31   0.14   0.79   0.02   0.27   
0.01   0.09   0.23   0.04   0.06   0.11   0.02   0.02   0.04   0.33   0.04   0.07   0.08   0.54   0.02   0.10   0.02   0.03   0.30   0.02   0.05   0.16   0.21   0.39   0.16   0.97   0.01   0.01   0.01   0.01   0.01   0.01   0.23   0.18   0.01   0.02   0.69   0.61   0.74   0.01   0.80   0.91   0.78   0.07   0.13   0.02   0.88   0.01   0.77   0.82   0.19   0.67   0.41   0.04   0.52   0.24   0.69   0.89   0.68   0.27   0.85   0.48   0.25   0.28   0.43   0.56   0.44   0.08   0.87   0.35   0.07   0.51   0.37   0.31   0.14   0.79   0.02   0.27   
0.50   0.50   0.15   0.50   0.50   0.61   0.51   0.94   0.50   0.50   0.50   0.50   0.50   0.95   0.50   0.23   0.50   0.50   0.20   0.50   0.50   0.74   0.33   0.09   0.50   0.50   0.50   0.50   0.50   0.50   0.50   0.50   0.50   0.57   0.50   0.27   0.50   0.50   0.50   0.50   0.50   0.50   0.50   0.50   0.50   0.50   0.50   0.50   0.50   0.50   0.36   0.50   0.04   0.50   0.87   0.50   0.50   0.50   0.04   0.63   0.50   0.50   0.56   0.50   0.50   0.44   0.50   0.50   0.50   0.50   0.58   0.76   0.50   0.50   0.50   0.50   0.45   0.82   
0.82   0.95   0.04   0.82   0.82   0.19   0.04   0.66   0.95   0.82   0.01   0.63   0.01   0.97   0.05   0.03   0.82   0.82   0.08   0.01   0.01   0.61   0.08   0.05   0.14   0.98   0.82   0.82   0.82   0.82   0.82   0.02   0.98   0.14   0.82   0.01   0.98   0.95   0.98   0.02   0.98   0.98   0.95   0.98   0.82   0.02   0.95   0.01   0.95   0.98   0.09   0.74   0.05   0.82   0.89   0.01   0.98   0.98   0.10   0.38   0.96   0.95   0.36   0.95   0.87   0.44   0.98   0.95   0.99   0.95   0.10   0.84   0.35   0.95   0.95   0.95   0.01   0.65   

5.00   5.00   5.00   5.00   5.00   5.00   5.00   5.00   5.00   5.00   5.00   5.00   5.00   5.00   5.00   5.00   5.00   5.00   5.00   5.00   5.00   5.00   5.00   5.00   5.00   5.00   5.00   5.00   5.00   5.00   5.00   5.00   5.00   5.00   5.00   5.00   5.00   5.00   5.00   5.00   5.00   5.00   5.00   5.00   5.00   5.00   5.00   5.00   5.00   5.00   5.00   5.00   5.00   5.00   5.00   5.00   5.00   5.00   5.00   5.00   5.00   5.00   5.00   5.00   5.00   5.00   5.00   5.00   5.00   5.00   5.00   5.00   5.00   5.00   5.00   5.00   5.00   5.00   
0.01   0.09   0.19   0.04   0.05   0.10   0.02   0.02   0.03   0.29   0.04   0.06   0.07   0.47   0.02   0.09   0.02   0.03   0.27   0.01   0.04   0.14   0.19   0.35   0.14   0.90   0.01   0.01   0.01   0.01   0.01   0.01   0.21   0.16   0.01   0.02   0.72   0.66   0.79   0.01   0.84   0.91   0.81   0.06   0.12   0.02   0.90   0.01   0.79   0.74   0.17   0.73   0.36   0.04   0.47   0.23   0.74   0.81   0.73   0.37   0.79   0.55   0.35   0.25   0.40   0.51   0.40   0.07   0.88   0.43   0.07   0.59   0.35   0.28   0.24   0.82   0.02   0.24   
0.01   0.09   0.19   0.04   0.05   0.10   0.02   0.02   0.03   0.29   0.04   0.06   0.07   0.47   0.02   0.09   0.02   0.03   0.27   0.01   0.04   0.14   0.19   0.35   0.14   0.90   0.01   0.01   0.01   0.01   0.01   0.01   0.21   0.16   0.01   0.02   0.72   0.66   0.79   0.01   0.84   0.91   0.81   0.06   0.12   0.02   0.90   0.01   0.79   0.74   0.17   0.73   0.36   0.04   0.47   0.23   0.74   0.81   0.73   0.37   0.79   0.55   0.35   0.25   0.40   0.51   0.40   0.07   0.88   0.43   0.07   0.59   0.35   0.28   0.24   0.82   0.02   0.24   
0.50   0.50   0.15   0.50   0.50   0.60   0.50   0.94   0.50   0.50   0.50   0.50   0.50   0.95   0.50   0.22   0.50   0.50   0.20   0.50   0.50   0.73   0.32   0.09   0.50   0.50   0.50   0.50   0.50   0.50   0.50   0.50   0.50   0.56   0.50   0.26   0.50   0.50   0.50   0.50   0.50   0.50   0.50   0.50   0.50   0.50   0.50   0.50   0.50   0.50   0.35   0.50   0.04   0.50   0.86   0.50   0.50   0.50   0.04   0.62   0.50   0.50   0.55   0.50   0.50   0.43   0.50   0.50   0.50   0.50   0.57   0.75   0.50   0.50   0.50   0.50   0.44   0.81   
0.83   0.95   0.03   0.83   0.83   0.17   0.04   0.62   0.95   0.83   0.01   0.63   0.01   0.95   0.05   0.03   0.83   0.83   0.07   0.01   0.01   0.54   0.07   0.04   0.13   0.98   0.83   0.83   0.83   0.83   0.83   0.02   0.98   0.12   0.83   0.01   0.98   0.95   0.98   0.02   0.98   0.98   0.95   0.98   0.83   0.02   0.95   0.01   0.95   0.98   0.07   0.76   0.04   0.83   0.86   0.01   0.98   0.98   0.12   0.62   0.97   0.95   0.47   0.95   0.86   0.40   0.98   0.95   0.99   0.95   0.09   0.87   0.35   0.95   0.95   0.95   0.01   0.49   

5.00   5.00   5.00   5.00   5.00   5.00   5.00   5.00   5.00   5.00   5.00   5.00   5.00   5.00   5.00   5.00   5.00   5.00   5.00   5.00   5.00   5.00   5.00   5.00   5.00   5.00   5.00   5.00   5.00   5.00   5.00   5.00   5.00   5.00   5.00   5.00   5.00   5.00   5.00   5.00   5.00   5.00   5.00   5.00   5.00   5.00   5.00   5.00   5.00   5.00   5.00   5.00   5.00   5.00   5.00   5.00   5.00   5.00   5.00   5.00   5.00   5.00   5.00   5.00   5.00   5.00   5.00   5.00   5.00   5.00   5.00   5.00   5.00   5.00   5.00   5.00   5.00   5.00   
0.01   0.09   0.19   0.04   0.05   0.10   0.02   0.02   0.03   0.29   0.04   0.06   0.07   0.47   0.02   0.09   0.02   0.03   0.27   0.01   0.04   0.14   0.19   0.35   0.14   0.90   0.01   0.01   0.01   0.01   0.01   0.01   0.21   0.16   0.01   0.02   0.72   0.66   0.79   0.01   0.84   0.91   0.81   0.06   0.12   0.02   0.90   0.01   0.79   0.74   0.17   0.73   0.36   0.04   0.47   0.23   0.74   0.81   0.73   0.37   0.79   0.55   0.35   0.25   0.40   0.51   0.40   0.07   0.88   0.43   0.07   0.59   0.35   0.28   0.24   0.82   0.02   0.24   
0.01   0.09   0.19   0.04   0.05   0.10   0.02   0.02   0.03   0.29   0.04   0.06   0.07   0.47   0.02   0.09   0.02   0.03   0.27   0.01   0.04   0.14   0.19   0.35   0.14   0.90   0.01   0.01   0.01   0.01   0.01   0.01   0.21   0.16   0.01   0.02   0.72   0.66   0.79   0.01   0.84   0.91   0.81   0.06   0.12   0.02   0.90   0.01   0.79   0.74   0.17   0.73   0.36   0.04   0.47   0.23   0.74   0.81   0.73   0.37   0.79   0.55   0.35   0.25   0.40   0.51   0.40   0.07   0.88   0.43   0.07   0.59   0.35   0.28   0.24   0.82   0.02   0.24   
0.50   0.50   0.16   0.50   0.50   0.65   0.55   0.96   0.50   0.50   0.50   0.50   0.50   0.97   0.50   0.24   0.50   0.50   0.21   0.50   0.50   0.78   0.35   0.09   0.50   0.50   0.50   0.50   0.50   0.50   0.50   0.50   0.50   0.61   0.50   0.29   0.50   0.50   0.50   0.50   0.50   0.50   0.50   0.50   0.50   0.50   0.50   0.50   0.50   0.50   0.38   0.50   0.04   0.50   0.90   0.50   0.50   0.50   0.04   0.67   0.50   0.50   0.60   0.50   0.50   0.47   0.50   0.50   0.50   0.50   0.62   0.80   0.50   0.50   0.50   0.50   0.48   0.85   
0.81   0.94   0.03   0.81   0.81   0.23   0.05   0.72   0.94   0.81   0.01   0.58   0.01   0.97   0.05   0.04   0.81   0.81   0.08   0.01   0.01   0.62   0.09   0.04   0.14   0.98   0.81   0.81   0.81   0.81   0.81   0.03   0.98   0.16   0.81   0.01   0.97   0.94   0.97   0.02   0.98   0.98   0.94   0.98   0.81   0.02   0.94   0.01   0.94   0.98   0.09   0.77   0.03   0.81   0.89   0.01   0.98   0.98   0.12   0.69   0.97   0.94   0.66   0.94   0.81   0.47   0.98   0.94   0.99   0.94   0.13   0.91   0.35   0.94   0.94   0.94   0.02   0.71   

0.00   0.00   0.00   0.00   0.00   0.00   0.00   0.00   0.00   0.00   0.00   0.00   0.00   0.00   0.00   0.00   0.00   0.00   0.00   0.00   0.00   0.00   0.00   0.00   0.00   0.00   0.00   0.00   0.00   0.00   0.00   0.00   0.00   1.00   0.00   0.00   1.00   1.00   1.00   0.00   1.00   1.00   1.00   0.00   0.00   0.00   1.00   0.00   1.00   1.00   1.00   1.00   0.00   0.00   1.00   1.00   1.00   1.00   1.00   1.00   1.00   1.00   1.00   1.00   1.00   1.00   1.00   0.00   1.00   1.00   1.00   1.00   1.00   1.00   1.00   1.00   1.00   1.00   