5.00   5.00   5.00   5.00   5.00   5.00   5.00   5.00   5.00   5.00   5.00   5.00   5.00   5.00   5.00   5.00   5.00   5.00   5.00   5.00   5.00   5.00   5.00   5.00   5.00   5.00   5.00   5.00   5.00   5.00   5.00   5.00   5.00   5.00   5.00   5.00   5.00   5.00   5.00   5.00   5.00   5.00   5.00   5.00   5.00   5.00   5.00   5.00   5.00   5.00   5.00   5.00   5.00   5.00   5.00   5.00   5.00   5.00   5.00   5.00   5.00   5.00   5.00   5.00   5.00   5.00   5.00   5.00   5.00   5.00   5.00   5.00   5.00   5.00   5.00   5.00   5.00   5.00   
0.05   0.05   0.95   0.95   0.05   0.05   0.95   0.95   0.05   0.05   0.95   0.05   0.05   0.05   0.95   0.05   0.95   0.05   0.05   0.05   0.05   0.05   0.95   0.05   0.95   0.05   0.95   0.95   0.95   0.95   0.95   0.95   0.05   0.95   0.95   0.95   0.95   0.05   0.95   0.05   0.95   0.95   0.95   0.95   0.05   0.95   0.05   0.05   0.06   0.05   0.95   0.05   0.05   0.05   0.05   0.05   0.05   0.05   0.05   0.05   0.06   0.06   0.05   0.05   0.05   0.05   0.95   0.05   0.05   0.05   0.05   0.95   0.05   0.95   0.05   0.06   0.95   0.05   
0.05   0.05   0.95   0.95   0.05   0.05   0.95   0.95   0.05   0.05   0.95   0.05   0.05   0.05   0.95   0.05   0.95   0.05   0.05   0.05   0.05   0.05   0.95   0.05   0.95   0.05   0.95   0.95   0.95   0.95   0.95   0.95   0.05   0.95   0.95   0.95   0.95   0.05   0.95   0.05   0.95   0.95   0.95   0.95   0.05   0.95   0.05   0.05   0.06   0.05   0.95   0.05   0.05   0.05   0.05   0.05   0.05   0.05   0.05   0.05   0.06   0.06   0.05   0.05   0.05   0.05   0.95   0.05   0.05   0.05   0.05   0.95   0.05   0.95   0.05   0.06   0.95   0.05   
0.03   0.21   0.28   0.48   0.28   0.03   0.52   0.05   0.24   0.76   0.11   0.25   0.17   0.52   0.40   0.35   0.15   0.14   0.25   0.02   0.25   0.46   0.10   0.23   0.16   0.76   0.08   0.12   0.18   0.17   0.39   0.68   0.85   0.09   0.61   0.05   0.87   0.90   0.02   0.13   0.19   0.17   0.10   0.05   0.91   0.90   0.72   0.93   0.44   0.12   0.02   0.51   0.48   0.66   0.36   0.24   0.78   0.65   0.47   0.90   0.90   0.36   0.73   0.64   0.34   0.77   0.41   0.94   0.71   0.47   0.82   0.92   0.84   0.60   0.83   0.66   0.68   0.53   
0.02   0.64   0.96   0.98   0.72   0.02   0.99   0.78   0.68   0.95   0.89   0.68   0.58   0.88   0.98   0.78   0.92   0.12   0.68   0.02   0.69   0.85   0.87   0.66   0.92   0.96   0.02   0.90   0.93   0.93   0.98   0.99   0.97   0.86   0.99   0.76   1.00   0.98   0.05   0.11   0.94   0.93   0.88   0.78   0.99   1.00   0.94   0.99   0.03   0.10   0.01   0.87   0.86   0.93   0.79   0.67   0.96   0.92   0.85   0.98   0.80   0.02   0.95   0.92   0.77   0.96   0.98   0.99   0.94   0.85   0.97   1.00   0.97   0.99   0.97   0.07   0.99   0.88   

5.00   5.00   5.00   5.00   5.00   5.00   5.00   5.00   5.00   5.00   5.00   5.00   5.00   5.00   5.00   5.00   5.00   5.00   5.00   5.00   5.00   5.00   5.00   5.00   5.00   5.00   5.00   5.00   5.00   5.00   5.00   5.00   5.00   5.00   5.00   5.00   5.00   5.00   5.00   5.00   5.00   5.00   5.00   5.00   5.00   5.00   5.00   5.00   5.00   5.00   5.00   5.00   5.00   5.00   5.00   5.00   5.00   5.00   5.00   5.00   5.00   5.00   5.00   5.00   5.00   5.00   5.00   5.00   5.00   5.00   5.00   5.00   5.00   5.00   5.00   5.00   5.00   5.00   
0.17   0.17   0.96   0.96   0.17   0.17   0.96   0.96   0.17   0.01   0.96   0.17   0.17   0.01   0.96   0.17   0.96   0.17   0.17   0.17   0.17   0.17   0.96   0.17   0.96   0.01   0.94   0.96   0.96   0.96   0.96   0.96   0.17   0.96   0.96   0.96   0.96   0.01   0.96   0.17   0.96   0.96   0.96   0.96   0.17   0.69   0.17   0.17   0.14   0.01   0.94   0.17   0.17   0.17   0.01   0.01   0.17   0.17   0.01   0.17   0.01   0.14   0.17   0.17   0.17   0.17   0.96   0.01   0.17   0.17   0.17   0.96   0.01   0.96   0.17   0.14   0.96   0.01   
0.17   0.17   0.96   0.96   0.17   0.17   0.96   0.96   0.17   0.01   0.96   0.17   0.17   0.01   0.96   0.17   0.96   0.17   0.17   0.17   0.17   0.17   0.96   0.17   0.96   0.01   0.94   0.96   0.96   0.96   0.96   0.96   0.17   0.96   0.96   0.96   0.96   0.01   0.96   0.17   0.96   0.96   0.96   0.96   0.17   0.69   0.17   0.17   0.14   0.01   0.94   0.17   0.17   0.17   0.01   0.01   0.17   0.17   0.01   0.17   0.01   0.14   0.17   0.17   0.17   0.17   0.96   0.01   0.17   0.17   0.17   0.96   0.01   0.96   0.17   0.14   0.96   0.01   
0.09   0.29   0.35   0.49   0.36   0.09   0.54   0.12   0.33   0.71   0.19   0.37   0.27   0.53   0.45   0.41   0.25   0.22   0.34   0.07   0.34   0.49   0.20   0.31   0.26   0.73   0.16   0.20   0.28   0.30   0.44   0.64   0.80   0.18   0.59   0.13   0.50   0.85   0.07   0.23   0.27   0.27   0.19   0.12   0.86   0.50   0.72   0.87   0.52   0.23   0.07   0.52   0.50   0.63   0.43   0.32   0.75   0.64   0.53   0.84   0.82   0.44   0.71   0.63   0.43   0.73   0.49   0.90   0.67   0.50   0.78   0.50   0.79   0.59   0.78   0.63   0.67   0.60   
0.08   0.27   0.97   0.98   0.79   0.08   0.99   0.90   0.31   0.81   0.94   0.79   0.25   0.66   0.98   0.82   0.96   0.20   0.77   0.06   0.77   0.86   0.94   0.29   0.96   0.82   0.09   0.94   0.96   0.96   0.98   0.99   0.96   0.93   0.99   0.91   0.98   0.91   0.21   0.21   0.96   0.96   0.94   0.90   0.98   0.98   0.94   0.98   0.11   0.10   0.04   0.88   0.87   0.92   0.56   0.15   0.95   0.92   0.66   0.97   0.52   0.08   0.94   0.92   0.83   0.95   0.98   0.94   0.93   0.87   0.96   0.98   0.87   0.99   0.96   0.17   0.99   0.72   

5.00   5.00   5.00   5.00   5.00   5.00   5.00   5.00   5.00   5.00   5.00   5.00   5.00   5.00   5.00   5.00   5.00   5.00   5.00   5.00   5.00   5.00   5.00   5.00   5.00   5.00   5.00   5.00   5.00   5.00   5.00   5.00   5.00   5.00   5.00   5.00   5.00   5.00   5.00   5.00   5.00   5.00   5.00   5.00   5.00   5.00   5.00   5.00   5.00   5.00   5.00   5.00   5.00   5.00   5.00   5.00   5.00   5.00   5.00   5.00   5.00   5.00   5.00   5.00   5.00   5.00   5.00   5.00   5.00   5.00   5.00   5.00   5.00   5.00   5.00   5.00   5.00   5.00   
0.20   0.20   0.02   0.02   0.20   0.20   0.02   0.02   0.20   0.97   0.02   0.20   0.20   0.53   0.02   0.20   0.02   0.20   0.20   0.20   0.20   0.20   0.02   0.20   0.02   0.97   0.02   0.02   0.02   0.02   0.02   0.51   0.72   0.02   0.02   0.02   0.51   0.97   0.02   0.20   0.02   0.02   0.02   0.02   0.72   0.77   0.72   0.72   0.21   0.53   0.02   0.72   0.20   0.72   0.97   0.97   0.20   0.72   0.97   0.20   0.54   0.21   0.20   0.20   0.72   0.20   0.02   0.53   0.20   0.72   0.72   0.02   0.97   0.02   0.20   0.21   0.51   0.97   
0.20   0.20   0.02   0.02   0.20   0.20   0.02   0.02   0.20   0.97   0.02   0.20   0.20   0.53   0.02   0.20   0.02   0.20   0.20   0.20   0.20   0.20   0.02   0.20   0.02   0.97   0.02   0.02   0.02   0.02   0.02   0.51   0.72   0.02   0.02   0.02   0.51   0.97   0.02   0.20   0.02   0.02   0.02   0.02   0.72   0.77   0.72   0.72   0.21   0.53   0.02   0.72   0.20   0.72   0.97   0.97   0.20   0.72   0.97   0.20   0.54   0.21   0.20   0.20   0.72   0.20   0.02   0.53   0.20   0.72   0.72   0.02   0.97   0.02   0.20   0.21   0.51   0.97   
0.08   0.29   0.35   0.49   0.36   0.08   0.54   0.12   0.33   0.71   0.19   0.37   0.27   0.53   0.45   0.41   0.25   0.22   0.34   0.06   0.34   0.49   0.19   0.31   0.26   0.73   0.16   0.19   0.28   0.29   0.43   0.64   0.80   0.17   0.59   0.12   0.50   0.86   0.07   0.22   0.27   0.27   0.19   0.11   0.87   0.50   0.72   0.88   0.52   0.23   0.07   0.52   0.50   0.64   0.43   0.31   0.75   0.64   0.53   0.85   0.82   0.43   0.71   0.63   0.43   0.74   0.49   0.90   0.67   0.50   0.78   0.50   0.80   0.59   0.78   0.63   0.67   0.60   
0.01   0.06   0.01   0.02   0.08   0.01   0.02   0.00   0.07   0.99   0.00   0.09   0.06   0.80   0.02   0.10   0.01   0.04   0.08   0.01   0.08   0.13   0.00   0.07   0.01   0.99   0.00   0.00   0.01   0.01   0.01   0.85   0.98   0.00   0.03   0.00   0.56   1.00   0.00   0.05   0.01   0.01   0.00   0.00   0.99   0.56   0.97   0.99   0.13   0.18   0.00   0.92   0.14   0.95   0.98   0.97   0.80   0.95   0.99   0.88   0.94   0.10   0.77   0.69   0.89   0.79   0.02   0.97   0.73   0.92   0.98   0.56   1.00   0.03   0.83   0.19   0.86   0.99   

5.00   5.00   5.00   5.00   5.00   5.00   5.00   5.00   5.00   5.00   5.00   5.00   5.00   5.00   5.00   5.00   5.00   5.00   5.00   5.00   5.00   5.00   5.00   5.00   5.00   5.00   5.00   5.00   5.00   5.00   5.00   5.00   5.00   5.00   5.00   5.00   5.00   5.00   5.00   5.00   5.00   5.00   5.00   5.00   5.00   5.00   5.00   5.00   5.00   5.00   5.00   5.00   5.00   5.00   5.00   5.00   5.00   5.00   5.00   5.00   5.00   5.00   5.00   5.00   5.00   5.00   5.00   5.00   5.00   5.00   5.00   5.00   5.00   5.00   5.00   5.00   5.00   5.00   
0.19   0.19   0.02   0.02   0.20   0.20   0.02   0.02   0.20   0.97   0.02   0.20   0.19   0.53   0.02   0.19   0.02   0.19   0.20   0.20   0.19   0.20   0.02   0.19   0.02   0.97   0.03   0.02   0.02   0.02   0.02   0.51   0.72   0.02   0.02   0.02   0.51   0.97   0.02   0.19   0.02   0.02   0.02   0.02   0.72   0.76   0.72   0.72   0.21   0.53   0.03   0.72   0.19   0.72   0.97   0.97   0.19   0.72   0.97   0.19   0.54   0.21   0.19   0.19   0.72   0.19   0.02   0.53   0.19   0.72   0.72   0.02   0.97   0.02   0.20   0.21   0.51   0.97   
0.19   0.19   0.02   0.02   0.20   0.20   0.02   0.02   0.20   0.97   0.02   0.20   0.19   0.53   0.02   0.19   0.02   0.19   0.20   0.20   0.19   0.20   0.02   0.19   0.02   0.97   0.03   0.02   0.02   0.02   0.02   0.51   0.72   0.02   0.02   0.02   0.51   0.97   0.02   0.19   0.02   0.02   0.02   0.02   0.72   0.76   0.72   0.72   0.21   0.53   0.03   0.72   0.19   0.72   0.97   0.97   0.19   0.72   0.97   0.19   0.54   0.21   0.19   0.19   0.72   0.19   0.02   0.53   0.19   0.72   0.72   0.02   0.97   0.02   0.20   0.21   0.51   0.97   
0.01   0.10   0.20   0.49   0.21   0.01   0.53   0.50   0.17   0.50   0.50   0.23   0.07   0.61   0.38   0.23   0.50   0.09   0.24   0.00   0.23   0.35   0.50   0.17   0.50   0.50   0.50   0.50   0.13   0.12   0.35   0.85   0.92   0.50   0.60   0.50   0.50   0.50   0.50   0.06   0.19   0.08   0.50   0.50   0.97   0.50   0.86   0.97   0.32   0.06   0.50   0.61   0.40   0.63   0.28   0.17   0.90   0.75   0.43   0.95   0.95   0.38   0.90   0.71   0.34   0.85   0.56   0.98   0.72   0.49   0.92   0.50   0.50   0.76   0.89   0.67   0.73   0.64   
0.00   0.01   0.01   0.67   0.03   0.00   0.71   0.65   0.02   0.99   0.65   0.03   0.00   0.91   0.57   0.02   0.65   0.01   0.03   0.00   0.02   0.05   0.65   0.01   0.65   0.99   0.01   0.65   0.01   0.01   0.03   0.99   0.99   0.65   0.77   0.65   0.96   0.99   0.65   0.00   0.02   0.01   0.65   0.65   1.00   0.96   0.99   1.00   0.01   0.05   0.01   0.96   0.04   0.98   0.98   0.96   0.94   0.98   0.99   0.97   0.98   0.01   0.94   0.82   0.50   0.91   0.68   1.00   0.83   0.94   0.99   0.96   0.99   0.84   0.95   0.02   0.98   0.99   

5.00   5.00   5.00   5.00   5.00   5.00   5.00   5.00   5.00   5.00   5.00   5.00   5.00   5.00   5.00   5.00   5.00   5.00   5.00   5.00   5.00   5.00   5.00   5.00   5.00   5.00   5.00   5.00   5.00   5.00   5.00   5.00   5.00   5.00   5.00   5.00   5.00   5.00   5.00   5.00   5.00   5.00   5.00   5.00   5.00   5.00   5.00   5.00   5.00   5.00   5.00   5.00   5.00   5.00   5.00   5.00   5.00   5.00   5.00   5.00   5.00   5.00   5.00   5.00   5.00   5.00   5.00   5.00   5.00   5.00   5.00   5.00   5.00   5.00   5.00   5.00   5.00   5.00   
0.14   0.14   0.02   0.01   0.12   0.12   0.01   0.02   0.12   0.67   0.02   0.12   0.14   0.38   0.01   0.14   0.02   0.14   0.12   0.12   0.14   0.12   0.01   0.14   0.02   0.96   0.02   0.01   0.01   0.02   0.02   0.65   0.50   0.02   0.01   0.02   0.67   0.69   0.02   0.14   0.01   0.01   0.01   0.02   0.82   0.85   0.82   0.48   0.17   0.38   0.02   0.50   0.51   0.80   0.96   0.67   0.51   0.82   0.96   0.51   0.71   0.17   0.14   0.14   0.82   0.51   0.02   0.69   0.14   0.82   0.50   0.01   0.97   0.02   0.12   0.53   0.36   0.97   
0.14   0.14   0.02   0.01   0.12   0.12   0.01   0.02   0.12   0.67   0.02   0.12   0.14   0.38   0.01   0.14   0.02   0.14   0.12   0.12   0.14   0.12   0.01   0.14   0.02   0.96   0.02   0.01   0.01   0.02   0.02   0.65   0.50   0.02   0.01   0.02   0.67   0.69   0.02   0.14   0.01   0.01   0.01   0.02   0.82   0.85   0.82   0.48   0.17   0.38   0.02   0.50   0.51   0.80   0.96   0.67   0.51   0.82   0.96   0.51   0.71   0.17   0.14   0.14   0.82   0.51   0.02   0.69   0.14   0.82   0.50   0.01   0.97   0.02   0.12   0.53   0.36   0.97   
0.50   0.08   0.19   0.37   0.26   0.50   0.42   0.50   0.16   0.50   0.50   0.16   0.50   0.49   0.31   0.24   0.50   0.50   0.18   0.50   0.17   0.31   0.50   0.17   0.50   0.50   0.50   0.50   0.08   0.10   0.20   0.92   0.50   0.50   0.67   0.50   0.50   0.50   0.50   0.50   0.14   0.05   0.50   0.50   0.50   0.50   0.77   0.50   0.50   0.02   0.50   0.44   0.45   0.55   0.22   0.12   0.88   0.61   0.32   0.96   0.97   0.50   0.86   0.50   0.25   0.80   0.28   0.50   0.76   0.36   0.50   0.50   0.50   0.71   0.90   0.65   0.67   0.41   
0.10   0.01   0.01   0.01   0.02   0.65   0.01   0.51   0.01   0.99   0.51   0.01   0.10   0.57   0.01   0.03   0.51   0.10   0.01   0.65   0.02   0.03   0.51   0.02   0.51   0.99   0.01   0.51   0.00   0.00   0.01   0.99   0.96   0.51   0.04   0.51   0.87   0.99   0.51   0.10   0.00   0.00   0.51   0.51   0.96   0.87   0.99   0.95   0.05   0.01   0.01   0.39   0.48   0.96   0.96   0.16   0.97   0.98   0.97   0.99   1.00   0.05   0.84   0.09   0.90   0.94   0.01   0.87   0.72   0.94   0.96   0.87   0.99   0.55   0.86   0.86   0.80   0.99   

5.00   5.00   5.00   5.00   5.00   5.00   5.00   5.00   5.00   5.00   5.00   5.00   5.00   5.00   5.00   5.00   5.00   5.00   5.00   5.00   5.00   5.00   5.00   5.00   5.00   5.00   5.00   5.00   5.00   5.00   5.00   5.00   5.00   5.00   5.00   5.00   5.00   5.00   5.00   5.00   5.00   5.00   5.00   5.00   5.00   5.00   5.00   5.00   5.00   5.00   5.00   5.00   5.00   5.00   5.00   5.00   5.00   5.00   5.00   5.00   5.00   5.00   5.00   5.00   5.00   5.00   5.00   5.00   5.00   5.00   5.00   5.00   5.00   5.00   5.00   5.00   5.00   5.00   
0.10   0.10   0.02   0.01   0.08   0.08   0.01   0.02   0.08   0.60   0.02   0.08   0.10   0.31   0.01   0.10   0.14   0.10   0.08   0.08   0.10   0.24   0.12   0.10   0.02   0.87   0.02   0.01   0.01   0.02   0.02   0.58   0.44   0.02   0.01   0.02   0.73   0.73   0.02   0.10   0.01   0.01   0.01   0.02   0.85   0.78   0.73   0.41   0.14   0.31   0.02   0.44   0.57   0.83   0.87   0.71   0.44   0.85   0.97   0.44   0.75   0.29   0.10   0.26   0.73   0.57   0.02   0.62   0.10   0.73   0.57   0.01   0.89   0.14   0.08   0.46   0.45   0.98   
0.10   0.10   0.02   0.01   0.08   0.08   0.01   0.02   0.08   0.60   0.02   0.08   0.10   0.31   0.01   0.10   0.14   0.10   0.08   0.08   0.10   0.24   0.12   0.10   0.02   0.87   0.02   0.01   0.01   0.02   0.02   0.58   0.44   0.02   0.01   0.02   0.73   0.73   0.02   0.10   0.01   0.01   0.01   0.02   0.85   0.78   0.73   0.41   0.14   0.31   0.02   0.44   0.57   0.83   0.87   0.71   0.44   0.85   0.97   0.44   0.75   0.29   0.10   0.26   0.73   0.57   0.02   0.62   0.10   0.73   0.57   0.01   0.89   0.14   0.08   0.46   0.45   0.98   
0.50   0.06   0.20   0.39   0.26   0.50   0.51   0.50   0.13   0.50   0.50   0.09   0.50   0.56   0.36   0.30   0.50   0.50   0.18   0.50   0.10   0.37   0.50   0.17   0.50   0.50   0.50   0.50   0.50   0.50   0.14   0.95   0.50   0.50   0.71   0.50   0.50   0.50   0.50   0.50   0.50   0.50   0.50   0.50   0.50   0.50   0.86   0.50   0.50   0.01   0.50   0.57   0.36   0.58   0.26   0.09   0.93   0.63   0.36   0.98   0.50   0.50   0.87   0.57   0.19   0.85   0.19   0.50   0.86   0.34   0.50   0.50   0.50   0.79   0.94   0.76   0.77   0.49   
0.15   0.01   0.01   0.01   0.03   0.53   0.01   0.02   0.01   0.98   0.02   0.01   0.15   0.53   0.01   0.05   0.02   0.15   0.02   0.53   0.01   0.14   0.02   0.02   0.02   0.98   0.02   0.02   0.01   0.02   0.00   0.98   0.92   0.02   0.03   0.02   0.53   0.98   0.02   0.15   0.01   0.01   0.02   0.02   0.92   0.53   0.98   0.90   0.16   0.00   0.02   0.68   0.43   0.95   0.83   0.14   0.97   0.97   0.97   0.99   0.83   0.16   0.79   0.31   0.35   0.95   0.01   0.78   0.77   0.78   0.92   0.53   0.98   0.66   0.88   0.87   0.83   0.99   

5.00   5.00   5.00   5.00   5.00   5.00   5.00   5.00   5.00   5.00   5.00   5.00   5.00   5.00   5.00   5.00   5.00   5.00   5.00   5.00   5.00   5.00   5.00   5.00   5.00   5.00   5.00   5.00   5.00   5.00   5.00   5.00   5.00   5.00   5.00   5.00   5.00   5.00   5.00   5.00   5.00   5.00   5.00   5.00   5.00   5.00   5.00   5.00   5.00   5.00   5.00   5.00   5.00   5.00   5.00   5.00   5.00   5.00   5.00   5.00   5.00   5.00   5.00   5.00   5.00   5.00   5.00   5.00   5.00   5.00   5.00   5.00   5.00   5.00   5.00   5.00   5.00   5.00   
0.07   0.13   0.03   0.02   0.11   0.11   0.02   0.03   0.11   0.63   0.03   0.11   0.13   0.27   0.02   0.07   0.17   0.13   0.05   0.11   0.13   0.27   0.15   0.13   0.03   0.89   0.01   0.01   0.01   0.01   0.03   0.61   0.48   0.03   0.02   0.01   0.70   0.76   0.01   0.13   0.01   0.02   0.02   0.03   0.87   0.80   0.76   0.46   0.16   0.34   0.03   0.48   0.59   0.86   0.89   0.74   0.46   0.87   0.98   0.46   0.76   0.32   0.13   0.30   0.76   0.59   0.01   0.63   0.13   0.76   0.61   0.02   0.91   0.17   0.11   0.42   0.49   0.98   
0.07   0.13   0.03   0.02   0.11   0.11   0.02   0.03   0.11   0.63   0.03   0.11   0.13   0.27   0.02   0.07   0.17   0.13   0.05   0.11   0.13   0.27   0.15   0.13   0.03   0.89   0.01   0.01   0.01   0.01   0.03   0.61   0.48   0.03   0.02   0.01   0.70   0.76   0.01   0.13   0.01   0.02   0.02   0.03   0.87   0.80   0.76   0.46   0.16   0.34   0.03   0.48   0.59   0.86   0.89   0.74   0.46   0.87   0.98   0.46   0.76   0.32   0.13   0.30   0.76   0.59   0.01   0.63   0.13   0.76   0.61   0.02   0.91   0.17   0.11   0.42   0.49   0.98   
0.50   0.04   0.50   0.28   0.32   0.50   0.43   0.50   0.07   0.50   0.50   0.09   0.50   0.44   0.26   0.31   0.50   0.50   0.20   0.50   0.08   0.26   0.50   0.11   0.50   0.50   0.50   0.50   0.50   0.50   0.50   0.92   0.50   0.50   0.71   0.50   0.50   0.50   0.50   0.50   0.50   0.50   0.50   0.50   0.50   0.50   0.82   0.50   0.50   0.50   0.50   0.55   0.45   0.60   0.21   0.05   0.92   0.66   0.35   0.98   0.50   0.50   0.81   0.42   0.16   0.82   0.50   0.50   0.82   0.27   0.50   0.50   0.50   0.78   0.93   0.79   0.79   0.52   
0.10   0.00   0.03   0.01   0.04   0.65   0.02   0.52   0.01   0.99   0.52   0.01   0.10   0.13   0.01   0.02   0.52   0.10   0.01   0.65   0.01   0.10   0.52   0.01   0.52   0.99   0.01   0.52   0.02   0.03   0.03   0.99   0.96   0.52   0.51   0.52   0.88   0.99   0.52   0.10   0.02   0.02   0.52   0.52   0.96   0.88   0.98   0.95   0.04   0.54   0.01   0.75   0.83   0.98   0.89   0.11   0.97   0.99   0.99   0.99   0.85   0.04   0.75   0.20   0.38   0.96   0.03   0.85   0.77   0.83   0.96   0.88   0.99   0.79   0.90   0.87   0.92   0.99   

5.00   5.00   5.00   5.00   5.00   5.00   5.00   5.00   5.00   5.00   5.00   5.00   5.00   5.00   5.00   5.00   5.00   5.00   5.00   5.00   5.00   5.00   5.00   5.00   5.00   5.00   5.00   5.00   5.00   5.00   5.00   5.00   5.00   5.00   5.00   5.00   5.00   5.00   5.00   5.00   5.00   5.00   5.00   5.00   5.00   5.00   5.00   5.00   5.00   5.00   5.00   5.00   5.00   5.00   5.00   5.00   5.00   5.00   5.00   5.00   5.00   5.00   5.00   5.00   5.00   5.00   5.00   5.00   5.00   5.00   5.00   5.00   5.00   5.00   5.00   5.00   5.00   5.00   
0.09   0.12   0.04   0.02   0.09   0.09   0.02   0.03   0.12   0.64   0.04   0.09   0.12   0.28   0.02   0.06   0.19   0.12   0.04   0.09   0.12   0.29   0.14   0.12   0.04   0.87   0.02   0.01   0.01   0.01   0.04   0.62   0.46   0.03   0.03   0.01   0.69   0.77   0.02   0.15   0.01   0.02   0.03   0.04   0.88   0.78   0.77   0.43   0.18   0.31   0.02   0.46   0.58   0.84   0.87   0.72   0.45   0.88   0.98   0.48   0.74   0.31   0.15   0.32   0.77   0.61   0.01   0.62   0.12   0.74   0.60   0.02   0.89   0.16   0.09   0.41   0.48   0.99   
0.09   0.12   0.04   0.02   0.09   0.09   0.02   0.03   0.12   0.64   0.04   0.09   0.12   0.28   0.02   0.06   0.19   0.12   0.04   0.09   0.12   0.29   0.14   0.12   0.04   0.87   0.02   0.01   0.01   0.01   0.04   0.62   0.46   0.03   0.03   0.01   0.69   0.77   0.02   0.15   0.01   0.02   0.03   0.04   0.88   0.78   0.77   0.43   0.18   0.31   0.02   0.46   0.58   0.84   0.87   0.72   0.45   0.88   0.98   0.48   0.74   0.31   0.15   0.32   0.77   0.61   0.01   0.62   0.12   0.74   0.60   0.02   0.89   0.16   0.09   0.41   0.48   0.99   
0.50   0.50   0.50   0.29   0.34   0.50   0.41   0.50   0.50   0.50   0.50   0.12   0.50   0.52   0.25   0.28   0.50   0.50   0.26   0.50   0.06   0.27   0.50   0.11   0.50   0.50   0.50   0.50   0.50   0.50   0.50   0.90   0.50   0.50   0.65   0.50   0.50   0.50   0.50   0.50   0.50   0.50   0.50   0.50   0.50   0.50   0.86   0.50   0.50   0.50   0.50   0.56   0.35   0.67   0.27   0.09   0.90   0.61   0.26   0.50   0.50   0.50   0.75   0.45   0.17   0.80   0.50   0.50   0.76   0.23   0.50   0.50   0.50   0.78   0.91   0.76   0.82   0.50   
0.14   0.10   0.02   0.01   0.04   0.51   0.01   0.02   0.08   0.98   0.02   0.01   0.14   0.54   0.00   0.03   0.02   0.14   0.02   0.51   0.01   0.17   0.02   0.01   0.02   0.98   0.02   0.02   0.01   0.02   0.02   0.96   0.91   0.02   0.17   0.02   0.56   0.98   0.02   0.14   0.01   0.01   0.02   0.02   0.91   0.56   0.97   0.89   0.14   0.23   0.02   0.38   0.35   0.93   0.66   0.13   0.92   0.97   0.96   0.40   0.83   0.14   0.69   0.52   0.31   0.94   0.02   0.78   0.55   0.29   0.91   0.56   0.98   0.63   0.77   0.79   0.85   0.99   

5.00   5.00   5.00   5.00   5.00   5.00   5.00   5.00   5.00   5.00   5.00   5.00   5.00   5.00   5.00   5.00   5.00   5.00   5.00   5.00   5.00   5.00   5.00   5.00   5.00   5.00   5.00   5.00   5.00   5.00   5.00   5.00   5.00   5.00   5.00   5.00   5.00   5.00   5.00   5.00   5.00   5.00   5.00   5.00   5.00   5.00   5.00   5.00   5.00   5.00   5.00   5.00   5.00   5.00   5.00   5.00   5.00   5.00   5.00   5.00   5.00   5.00   5.00   5.00   5.00   5.00   5.00   5.00   5.00   5.00   5.00   5.00   5.00   5.00   5.00   5.00   5.00   5.00   
0.08   0.09   0.04   0.01   0.07   0.07   0.01   0.02   0.10   0.60   0.04   0.07   0.09   0.28   0.01   0.06   0.18   0.09   0.11   0.07   0.09   0.26   0.12   0.09   0.04   0.82   0.02   0.01   0.01   0.01   0.04   0.57   0.41   0.02   0.02   0.01   0.65   0.80   0.07   0.13   0.01   0.01   0.02   0.04   0.89   0.74   0.71   0.46   0.16   0.37   0.02   0.41   0.52   0.78   0.82   0.70   0.38   0.83   0.96   0.42   0.70   0.28   0.13   0.28   0.71   0.55   0.01   0.56   0.09   0.67   0.55   0.01   0.85   0.15   0.07   0.36   0.44   0.97   
0.08   0.09   0.04   0.01   0.07   0.07   0.01   0.02   0.10   0.60   0.04   0.07   0.09   0.28   0.01   0.06   0.18   0.09   0.11   0.07   0.09   0.26   0.12   0.09   0.04   0.82   0.02   0.01   0.01   0.01   0.04   0.57   0.41   0.02   0.02   0.01   0.65   0.80   0.07   0.13   0.01   0.01   0.02   0.04   0.89   0.74   0.71   0.46   0.16   0.37   0.02   0.41   0.52   0.78   0.82   0.70   0.38   0.83   0.96   0.42   0.70   0.28   0.13   0.28   0.71   0.55   0.01   0.56   0.09   0.67   0.55   0.01   0.85   0.15   0.07   0.36   0.44   0.97   
0.50   0.50   0.50   0.50   0.32   0.50   0.36   0.50   0.50   0.50   0.50   0.09   0.50   0.59   0.50   0.32   0.50   0.50   0.18   0.50   0.50   0.27   0.50   0.07   0.50   0.50   0.50   0.50   0.50   0.50   0.50   0.94   0.50   0.50   0.79   0.50   0.50   0.50   0.50   0.50   0.50   0.50   0.50   0.50   0.50   0.50   0.95   0.50   0.50   0.50   0.50   0.65   0.27   0.78   0.27   0.06   0.94   0.70   0.26   0.50   0.50   0.50   0.87   0.27   0.11   0.91   0.50   0.50   0.87   0.24   0.50   0.50   0.50   0.87   0.96   0.85   0.94   0.50   
0.14   0.10   0.02   0.01   0.04   0.50   0.01   0.02   0.09   0.98   0.02   0.01   0.14   0.61   0.01   0.03   0.02   0.14   0.01   0.50   0.09   0.17   0.02   0.01   0.02   0.98   0.02   0.02   0.01   0.02   0.02   0.98   0.90   0.02   0.61   0.02   0.57   0.98   0.02   0.14   0.01   0.01   0.02   0.02   0.90   0.57   0.99   0.89   0.14   0.24   0.02   0.68   0.27   0.95   0.67   0.08   0.95   0.98   0.96   0.41   0.80   0.14   0.83   0.18   0.24   0.97   0.02   0.75   0.72   0.31   0.90   0.57   0.98   0.76   0.89   0.86   0.95   0.99   

5.00   5.00   5.00   5.00   5.00   5.00   5.00   5.00   5.00   5.00   5.00   5.00   5.00   5.00   5.00   5.00   5.00   5.00   5.00   5.00   5.00   5.00   5.00   5.00   5.00   5.00   5.00   5.00   5.00   5.00   5.00   5.00   5.00   5.00   5.00   5.00   5.00   5.00   5.00   5.00   5.00   5.00   5.00   5.00   5.00   5.00   5.00   5.00   5.00   5.00   5.00   5.00   5.00   5.00   5.00   5.00   5.00   5.00   5.00   5.00   5.00   5.00   5.00   5.00   5.00   5.00   5.00   5.00   5.00   5.00   5.00   5.00   5.00   5.00   5.00   5.00   5.00   5.00   
0.07   0.07   0.03   0.01   0.05   0.05   0.01   0.02   0.08   0.58   0.09   0.12   0.14   0.33   0.04   0.04   0.15   0.07   0.09   0.05   0.07   0.22   0.10   0.07   0.03   0.79   0.02   0.01   0.01   0.01   0.03   0.53   0.38   0.02   0.02   0.03   0.61   0.82   0.06   0.10   0.01   0.01   0.07   0.09   0.85   0.77   0.66   0.50   0.20   0.33   0.02   0.45   0.46   0.80   0.79   0.66   0.34   0.79   0.97   0.44   0.66   0.23   0.10   0.32   0.73   0.50   0.03   0.52   0.07   0.70   0.51   0.01   0.87   0.12   0.12   0.32   0.41   0.98   
0.07   0.07   0.03   0.01   0.05   0.05   0.01   0.02   0.08   0.58   0.09   0.12   0.14   0.33   0.04   0.04   0.15   0.07   0.09   0.05   0.07   0.22   0.10   0.07   0.03   0.79   0.02   0.01   0.01   0.01   0.03   0.53   0.38   0.02   0.02   0.03   0.61   0.82   0.06   0.10   0.01   0.01   0.07   0.09   0.85   0.77   0.66   0.50   0.20   0.33   0.02   0.45   0.46   0.80   0.79   0.66   0.34   0.79   0.97   0.44   0.66   0.23   0.10   0.32   0.73   0.50   0.03   0.52   0.07   0.70   0.51   0.01   0.87   0.12   0.12   0.32   0.41   0.98   
0.50   0.50   0.50   0.50   0.31   0.50   0.35   0.50   0.50   0.50   0.50   0.11   0.50   0.54   0.50   0.31   0.50   0.50   0.19   0.50   0.50   0.27   0.50   0.09   0.50   0.50   0.50   0.50   0.50   0.50   0.50   0.90   0.50   0.50   0.72   0.50   0.50   0.50   0.50   0.50   0.50   0.50   0.50   0.50   0.50   0.50   0.92   0.50   0.50   0.50   0.50   0.59   0.27   0.72   0.28   0.08   0.90   0.65   0.26   0.50   0.50   0.50   0.81   0.27   0.13   0.86   0.50   0.50   0.82   0.24   0.50   0.50   0.50   0.82   0.92   0.79   0.89   0.50   
0.12   0.08   0.02   0.01   0.02   0.09   0.00   0.02   0.06   0.98   0.02   0.02   0.12   0.57   0.01   0.03   0.02   0.12   0.01   0.09   0.07   0.12   0.02   0.01   0.02   0.98   0.02   0.02   0.01   0.02   0.02   0.95   0.88   0.02   0.16   0.02   0.60   0.98   0.02   0.12   0.01   0.01   0.02   0.02   0.88   0.60   0.97   0.85   0.14   0.21   0.02   0.63   0.20   0.94   0.36   0.09   0.87   0.93   0.95   0.34   0.77   0.14   0.68   0.19   0.25   0.93   0.02   0.70   0.21   0.31   0.88   0.60   0.98   0.62   0.83   0.75   0.89   0.99   

5.00   5.00   5.00   5.00   5.00   5.00   5.00   5.00   5.00   5.00   5.00   5.00   5.00   5.00   5.00   5.00   5.00   5.00   5.00   5.00   5.00   5.00   5.00   5.00   5.00   5.00   5.00   5.00   5.00   5.00   5.00   5.00   5.00   5.00   5.00   5.00   5.00   5.00   5.00   5.00   5.00   5.00   5.00   5.00   5.00   5.00   5.00   5.00   5.00   5.00   5.00   5.00   5.00   5.00   5.00   5.00   5.00   5.00   5.00   5.00   5.00   5.00   5.00   5.00   5.00   5.00   5.00   5.00   5.00   5.00   5.00   5.00   5.00   5.00   5.00   5.00   5.00   5.00   
0.03   0.11   0.01   0.03   0.10   0.04   0.03   0.01   0.12   0.63   0.12   0.19   0.20   0.38   0.09   0.07   0.16   0.05   0.12   0.10   0.11   0.25   0.13   0.11   0.05   0.84   0.01   0.01   0.01   0.00   0.01   0.58   0.44   0.01   0.01   0.06   0.63   0.84   0.02   0.06   0.01   0.03   0.05   0.12   0.85   0.82   0.69   0.57   0.25   0.39   0.04   0.52   0.41   0.84   0.84   0.71   0.38   0.72   0.98   0.48   0.68   0.26   0.13   0.36   0.77   0.52   0.06   0.57   0.05   0.75   0.47   0.03   0.91   0.08   0.19   0.27   0.37   0.98   
0.03   0.11   0.01   0.03   0.10   0.04   0.03   0.01   0.12   0.63   0.12   0.19   0.20   0.38   0.09   0.07   0.16   0.05   0.12   0.10   0.11   0.25   0.13   0.11   0.05   0.84   0.01   0.01   0.01   0.00   0.01   0.58   0.44   0.01   0.01   0.06   0.63   0.84   0.02   0.06   0.01   0.03   0.05   0.12   0.85   0.82   0.69   0.57   0.25   0.39   0.04   0.52   0.41   0.84   0.84   0.71   0.38   0.72   0.98   0.48   0.68   0.26   0.13   0.36   0.77   0.52   0.06   0.57   0.05   0.75   0.47   0.03   0.91   0.08   0.19   0.27   0.37   0.98   
0.50   0.50   0.50   0.50   0.25   0.50   0.50   0.50   0.50   0.50   0.50   0.11   0.50   0.43   0.50   0.30   0.50   0.50   0.17   0.50   0.50   0.22   0.50   0.50   0.50   0.50   0.50   0.50   0.50   0.50   0.50   0.92   0.50   0.50   0.71   0.50   0.50   0.50   0.50   0.50   0.50   0.50   0.50   0.50   0.50   0.50   0.93   0.50   0.50   0.50   0.50   0.49   0.24   0.72   0.14   0.07   0.93   0.66   0.22   0.50   0.50   0.50   0.88   0.22   0.11   0.79   0.50   0.50   0.80   0.25   0.50   0.50   0.50   0.82   0.95   0.75   0.90   0.50   
0.11   0.08   0.02   0.01   0.02   0.09   0.01   0.02   0.07   0.98   0.02   0.02   0.11   0.36   0.01   0.03   0.02   0.11   0.02   0.09   0.06   0.11   0.02   0.05   0.02   0.98   0.02   0.02   0.01   0.02   0.02   0.96   0.87   0.02   0.14   0.02   0.59   0.98   0.02   0.11   0.01   0.01   0.02   0.02   0.87   0.59   0.98   0.85   0.12   0.22   0.02   0.38   0.14   0.94   0.19   0.08   0.91   0.91   0.95   0.31   0.77   0.12   0.79   0.17   0.22   0.89   0.02   0.70   0.14   0.32   0.87   0.59   0.98   0.57   0.89   0.44   0.88   0.98   

5.00   5.00   5.00   5.00   5.00   5.00   5.00   5.00   5.00   5.00   5.00   5.00   5.00   5.00   5.00   5.00   5.00   5.00   5.00   5.00   5.00   5.00   5.00   5.00   5.00   5.00   5.00   5.00   5.00   5.00   5.00   5.00   5.00   5.00   5.00   5.00   5.00   5.00   5.00   5.00   5.00   5.00   5.00   5.00   5.00   5.00   5.00   5.00   5.00   5.00   5.00   5.00   5.00   5.00   5.00   5.00   5.00   5.00   5.00   5.00   5.00   5.00   5.00   5.00   5.00   5.00   5.00   5.00   5.00   5.00   5.00   5.00   5.00   5.00   5.00   5.00   5.00   5.00   
0.03   0.09   0.01   0.02   0.07   0.03   0.02   0.01   0.09   0.47   0.10   0.14   0.16   0.28   0.07   0.06   0.11   0.04   0.09   0.07   0.09   0.17   0.09   0.09   0.04   0.87   0.01   0.01   0.01   0.00   0.01   0.48   0.56   0.01   0.01   0.06   0.73   0.66   0.02   0.05   0.01   0.02   0.04   0.10   0.69   0.87   0.78   0.44   0.19   0.28   0.03   0.41   0.36   0.88   0.87   0.54   0.56   0.79   0.81   0.63   0.57   0.20   0.10   0.26   0.84   0.44   0.06   0.48   0.04   0.83   0.36   0.02   0.94   0.05   0.14   0.27   0.29   0.99   
0.03   0.09   0.01   0.02   0.07   0.03   0.02   0.01   0.09   0.47   0.10   0.14   0.16   0.28   0.07   0.06   0.11   0.04   0.09   0.07   0.09   0.17   0.09   0.09   0.04   0.87   0.01   0.01   0.01   0.00   0.01   0.48   0.56   0.01   0.01   0.06   0.73   0.66   0.02   0.05   0.01   0.02   0.04   0.10   0.69   0.87   0.78   0.44   0.19   0.28   0.03   0.41   0.36   0.88   0.87   0.54   0.56   0.79   0.81   0.63   0.57   0.20   0.10   0.26   0.84   0.44   0.06   0.48   0.04   0.83   0.36   0.02   0.94   0.05   0.14   0.27   0.29   0.99   
0.50   0.50   0.50   0.50   0.24   0.50   0.50   0.50   0.50   0.50   0.50   0.11   0.50   0.43   0.50   0.29   0.50   0.50   0.17   0.50   0.50   0.22   0.50   0.50   0.50   0.50   0.50   0.50   0.50   0.50   0.50   0.92   0.50   0.50   0.71   0.50   0.50   0.50   0.50   0.50   0.50   0.50   0.50   0.50   0.50   0.50   0.93   0.50   0.50   0.50   0.50   0.49   0.23   0.72   0.14   0.07   0.93   0.66   0.22   0.50   0.50   0.50   0.88   0.22   0.11   0.79   0.50   0.50   0.80   0.25   0.50   0.50   0.50   0.82   0.95   0.75   0.90   0.50   
0.11   0.08   0.02   0.01   0.01   0.08   0.01   0.02   0.06   0.98   0.02   0.01   0.11   0.23   0.01   0.02   0.02   0.11   0.02   0.08   0.06   0.07   0.02   0.05   0.02   0.98   0.02   0.02   0.01   0.02   0.02   0.94   0.87   0.02   0.08   0.02   0.60   0.98   0.02   0.11   0.01   0.01   0.02   0.02   0.87   0.60   0.98   0.84   0.13   0.19   0.02   0.31   0.12   0.95   0.25   0.06   0.95   0.93   0.66   0.32   0.76   0.13   0.73   0.11   0.26   0.83   0.02   0.69   0.14   0.40   0.87   0.60   0.98   0.52   0.85   0.44   0.85   0.99   

5.00   5.00   5.00   5.00   5.00   5.00   5.00   5.00   5.00   5.00   5.00   5.00   5.00   5.00   5.00   5.00   5.00   5.00   5.00   5.00   5.00   5.00   5.00   5.00   5.00   5.00   5.00   5.00   5.00   5.00   5.00   5.00   5.00   5.00   5.00   5.00   5.00   5.00   5.00   5.00   5.00   5.00   5.00   5.00   5.00   5.00   5.00   5.00   5.00   5.00   5.00   5.00   5.00   5.00   5.00   5.00   5.00   5.00   5.00   5.00   5.00   5.00   5.00   5.00   5.00   5.00   5.00   5.00   5.00   5.00   5.00   5.00   5.00   5.00   5.00   5.00   5.00   5.00   
0.02   0.07   0.01   0.02   0.06   0.03   0.02   0.01   0.07   0.53   0.08   0.24   0.13   0.36   0.06   0.04   0.11   0.03   0.07   0.06   0.18   0.16   0.20   0.07   0.03   0.78   0.01   0.01   0.01   0.00   0.01   0.54   0.48   0.01   0.01   0.05   0.76   0.61   0.02   0.04   0.01   0.02   0.14   0.08   0.73   0.87   0.79   0.50   0.16   0.36   0.03   0.36   0.32   0.89   0.78   0.59   0.48   0.81   0.84   0.64   0.61   0.29   0.20   0.35   0.74   0.49   0.05   0.42   0.03   0.73   0.33   0.02   0.84   0.06   0.24   0.23   0.37   0.99   
0.02   0.07   0.01   0.02   0.06   0.03   0.02   0.01   0.07   0.53   0.08   0.24   0.13   0.36   0.06   0.04   0.11   0.03   0.07   0.06   0.18   0.16   0.20   0.07   0.03   0.78   0.01   0.01   0.01   0.00   0.01   0.54   0.48   0.01   0.01   0.05   0.76   0.61   0.02   0.04   0.01   0.02   0.14   0.08   0.73   0.87   0.79   0.50   0.16   0.36   0.03   0.36   0.32   0.89   0.78   0.59   0.48   0.81   0.84   0.64   0.61   0.29   0.20   0.35   0.74   0.49   0.05   0.42   0.03   0.73   0.33   0.02   0.84   0.06   0.24   0.23   0.37   0.99   
0.50   0.50   0.50   0.50   0.25   0.50   0.50   0.50   0.50   0.50   0.50   0.10   0.50   0.45   0.50   0.30   0.50   0.50   0.17   0.50   0.50   0.22   0.50   0.50   0.50   0.50   0.50   0.50   0.50   0.50   0.50   0.94   0.50   0.50   0.74   0.50   0.50   0.50   0.50   0.50   0.50   0.50   0.50   0.50   0.50   0.50   0.95   0.50   0.50   0.50   0.50   0.52   0.24   0.75   0.13   0.07   0.95   0.69   0.22   0.50   0.50   0.50   0.91   0.22   0.10   0.82   0.50   0.50   0.83   0.26   0.50   0.50   0.50   0.85   0.96   0.78   0.92   0.50   
0.10   0.07   0.02   0.01   0.02   0.08   0.01   0.02   0.06   0.98   0.02   0.03   0.10   0.54   0.01   0.02   0.02   0.10   0.01   0.08   0.06   0.07   0.02   0.05   0.02   0.98   0.02   0.02   0.01   0.02   0.02   0.97   0.87   0.02   0.12   0.02   0.62   0.98   0.02   0.10   0.01   0.01   0.02   0.02   0.87   0.62   0.99   0.85   0.12   0.21   0.02   0.31   0.08   0.96   0.16   0.08   0.94   0.94   0.81   0.28   0.78   0.12   0.87   0.20   0.17   0.90   0.02   0.72   0.14   0.30   0.87   0.62   0.98   0.52   0.94   0.37   0.92   0.99   

5.00   5.00   5.00   5.00   5.00   5.00   5.00   5.00   5.00   5.00   5.00   5.00   5.00   5.00   5.00   5.00   5.00   5.00   5.00   5.00   5.00   5.00   5.00   5.00   5.00   5.00   5.00   5.00   5.00   5.00   5.00   5.00   5.00   5.00   5.00   5.00   5.00   5.00   5.00   5.00   5.00   5.00   5.00   5.00   5.00   5.00   5.00   5.00   5.00   5.00   5.00   5.00   5.00   5.00   5.00   5.00   5.00   5.00   5.00   5.00   5.00   5.00   5.00   5.00   5.00   5.00   5.00   5.00   5.00   5.00   5.00   5.00   5.00   5.00   5.00   5.00   5.00   5.00   
0.02   0.06   0.01   0.02   0.05   0.02   0.02   0.01   0.13   0.50   0.07   0.21   0.11   0.40   0.05   0.04   0.10   0.02   0.14   0.05   0.16   0.22   0.25   0.06   0.03   0.79   0.01   0.01   0.01   0.00   0.01   0.56   0.44   0.01   0.01   0.04   0.71   0.58   0.02   0.03   0.01   0.02   0.12   0.07   0.69   0.83   0.79   0.46   0.14   0.35   0.03   0.31   0.29   0.84   0.74   0.56   0.44   0.76   0.80   0.60   0.63   0.27   0.17   0.32   0.69   0.46   0.04   0.39   0.02   0.67   0.29   0.02   0.79   0.05   0.21   0.22   0.33   0.96   
0.02   0.06   0.01   0.02   0.05   0.02   0.02   0.01   0.13   0.50   0.07   0.21   0.11   0.40   0.05   0.04   0.10   0.02   0.14   0.05   0.16   0.22   0.25   0.06   0.03   0.79   0.01   0.01   0.01   0.00   0.01   0.56   0.44   0.01   0.01   0.04   0.71   0.58   0.02   0.03   0.01   0.02   0.12   0.07   0.69   0.83   0.79   0.46   0.14   0.35   0.03   0.31   0.29   0.84   0.74   0.56   0.44   0.76   0.80   0.60   0.63   0.27   0.17   0.32   0.69   0.46   0.04   0.39   0.02   0.67   0.29   0.02   0.79   0.05   0.21   0.22   0.33   0.96   
0.50   0.50   0.50   0.50   0.22   0.50   0.50   0.50   0.50   0.50   0.50   0.09   0.50   0.39   0.50   0.26   0.50   0.50   0.15   0.50   0.50   0.19   0.50   0.50   0.50   0.50   0.50   0.50   0.50   0.50   0.50   0.90   0.50   0.50   0.66   0.50   0.50   0.50   0.50   0.50   0.50   0.50   0.50   0.50   0.50   0.50   0.92   0.50   0.50   0.50   0.50   0.45   0.20   0.68   0.12   0.06   0.92   0.62   0.19   0.50   0.50   0.50   0.86   0.19   0.09   0.75   0.50   0.50   0.77   0.22   0.50   0.50   0.50   0.79   0.94   0.71   0.88   0.50   
0.10   0.06   0.01   0.01   0.01   0.08   0.01   0.02   0.05   0.98   0.02   0.03   0.10   0.52   0.01   0.02   0.02   0.10   0.02   0.08   0.05   0.07   0.02   0.04   0.02   0.98   0.02   0.02   0.01   0.02   0.01   0.95   0.86   0.02   0.08   0.02   0.61   0.98   0.02   0.10   0.01   0.01   0.02   0.02   0.86   0.61   0.98   0.85   0.11   0.21   0.02   0.22   0.05   0.93   0.13   0.06   0.88   0.89   0.72   0.26   0.78   0.11   0.78   0.14   0.14   0.83   0.01   0.71   0.08   0.23   0.86   0.61   0.98   0.13   0.89   0.25   0.84   0.98   

5.00   5.00   5.00   5.00   5.00   5.00   5.00   5.00   5.00   5.00   5.00   5.00   5.00   5.00   5.00   5.00   5.00   5.00   5.00   5.00   5.00   5.00   5.00   5.00   5.00   5.00   5.00   5.00   5.00   5.00   5.00   5.00   5.00   5.00   5.00   5.00   5.00   5.00   5.00   5.00   5.00   5.00   5.00   5.00   5.00   5.00   5.00   5.00   5.00   5.00   5.00   5.00   5.00   5.00   5.00   5.00   5.00   5.00   5.00   5.00   5.00   5.00   5.00   5.00   5.00   5.00   5.00   5.00   5.00   5.00   5.00   5.00   5.00   5.00   5.00   5.00   5.00   5.00   
0.02   0.05   0.13   0.02   0.05   0.02   0.02   0.01   0.10   0.62   0.06   0.18   0.09   0.49   0.04   0.17   0.09   0.03   0.09   0.05   0.14   0.17   0.36   0.05   0.03   0.85   0.01   0.01   0.01   0.00   0.01   0.66   0.56   0.01   0.01   0.03   0.80   0.68   0.01   0.03   0.01   0.02   0.10   0.06   0.79   0.89   0.87   0.58   0.11   0.29   0.02   0.29   0.25   0.91   0.82   0.68   0.55   0.85   0.87   0.69   0.72   0.40   0.32   0.45   0.78   0.58   0.03   0.50   0.16   0.77   0.43   0.14   0.86   0.05   0.34   0.17   0.47   0.98   
0.02   0.05   0.13   0.02   0.05   0.02   0.02   0.01   0.10   0.62   0.06   0.18   0.09   0.49   0.04   0.17   0.09   0.03   0.09   0.05   0.14   0.17   0.36   0.05   0.03   0.85   0.01   0.01   0.01   0.00   0.01   0.66   0.56   0.01   0.01   0.03   0.80   0.68   0.01   0.03   0.01   0.02   0.10   0.06   0.79   0.89   0.87   0.58   0.11   0.29   0.02   0.29   0.25   0.91   0.82   0.68   0.55   0.85   0.87   0.69   0.72   0.40   0.32   0.45   0.78   0.58   0.03   0.50   0.16   0.77   0.43   0.14   0.86   0.05   0.34   0.17   0.47   0.98   
0.50   0.50   0.50   0.50   0.26   0.50   0.50   0.50   0.50   0.50   0.50   0.11   0.50   0.45   0.50   0.31   0.50   0.50   0.18   0.50   0.50   0.23   0.50   0.50   0.50   0.50   0.50   0.50   0.50   0.50   0.50   0.93   0.50   0.50   0.73   0.50   0.50   0.50   0.50   0.50   0.50   0.50   0.50   0.50   0.50   0.50   0.94   0.50   0.50   0.50   0.50   0.52   0.24   0.74   0.14   0.07   0.94   0.68   0.22   0.50   0.50   0.50   0.90   0.23   0.11   0.81   0.50   0.50   0.82   0.26   0.50   0.50   0.50   0.84   0.96   0.77   0.92   0.50   
0.11   0.07   0.01   0.01   0.02   0.52   0.01   0.02   0.07   0.98   0.02   0.03   0.11   0.70   0.01   0.07   0.02   0.11   0.02   0.52   0.06   0.07   0.02   0.05   0.02   0.98   0.02   0.02   0.01   0.02   0.01   0.98   0.89   0.02   0.09   0.02   0.57   0.98   0.02   0.11   0.01   0.01   0.02   0.02   0.89   0.57   0.99   0.88   0.12   0.55   0.02   0.25   0.05   0.97   0.22   0.12   0.95   0.94   0.87   0.28   0.83   0.12   0.91   0.26   0.22   0.92   0.01   0.79   0.35   0.35   0.89   0.57   0.98   0.14   0.96   0.27   0.92   0.99   

5.00   5.00   5.00   5.00   5.00   5.00   5.00   5.00   5.00   5.00   5.00   5.00   5.00   5.00   5.00   5.00   5.00   5.00   5.00   5.00   5.00   5.00   5.00   5.00   5.00   5.00   5.00   5.00   5.00   5.00   5.00   5.00   5.00   5.00   5.00   5.00   5.00   5.00   5.00   5.00   5.00   5.00   5.00   5.00   5.00   5.00   5.00   5.00   5.00   5.00   5.00   5.00   5.00   5.00   5.00   5.00   5.00   5.00   5.00   5.00   5.00   5.00   5.00   5.00   5.00   5.00   5.00   5.00   5.00   5.00   5.00   5.00   5.00   5.00   5.00   5.00   5.00   5.00   
0.02   0.04   0.10   0.02   0.04   0.02   0.02   0.01   0.09   0.57   0.05   0.16   0.08   0.45   0.04   0.14   0.08   0.02   0.10   0.04   0.12   0.22   0.39   0.04   0.02   0.81   0.01   0.01   0.01   0.00   0.01   0.61   0.52   0.01   0.01   0.03   0.81   0.68   0.02   0.03   0.01   0.02   0.09   0.05   0.73   0.85   0.82   0.58   0.16   0.27   0.02   0.32   0.23   0.86   0.82   0.63   0.55   0.80   0.82   0.64   0.67   0.35   0.27   0.39   0.73   0.51   0.03   0.45   0.13   0.72   0.39   0.12   0.81   0.04   0.29   0.16   0.42   0.96   
0.02   0.04   0.10   0.02   0.04   0.02   0.02   0.01   0.09   0.57   0.05   0.16   0.08   0.45   0.04   0.14   0.08   0.02   0.10   0.04   0.12   0.22   0.39   0.04   0.02   0.81   0.01   0.01   0.01   0.00   0.01   0.61   0.52   0.01   0.01   0.03   0.81   0.68   0.02   0.03   0.01   0.02   0.09   0.05   0.73   0.85   0.82   0.58   0.16   0.27   0.02   0.32   0.23   0.86   0.82   0.63   0.55   0.80   0.82   0.64   0.67   0.35   0.27   0.39   0.73   0.51   0.03   0.45   0.13   0.72   0.39   0.12   0.81   0.04   0.29   0.16   0.42   0.96   
0.50   0.50   0.50   0.50   0.25   0.50   0.50   0.50   0.50   0.50   0.50   0.09   0.50   0.50   0.50   0.28   0.50   0.50   0.21   0.50   0.50   0.22   0.50   0.50   0.50   0.50   0.50   0.50   0.50   0.50   0.50   0.96   0.50   0.50   0.74   0.50   0.50   0.50   0.50   0.50   0.50   0.50   0.50   0.50   0.50   0.50   0.50   0.50   0.50   0.50   0.50   0.55   0.32   0.79   0.14   0.07   0.95   0.67   0.27   0.50   0.50   0.50   0.92   0.22   0.10   0.84   0.50   0.50   0.84   0.27   0.50   0.50   0.50   0.85   0.97   0.81   0.94   0.50   
0.11   0.07   0.01   0.01   0.02   0.50   0.01   0.02   0.07   0.98   0.02   0.02   0.11   0.71   0.01   0.06   0.02   0.11   0.02   0.50   0.06   0.07   0.02   0.05   0.02   0.98   0.02   0.02   0.01   0.02   0.01   0.98   0.88   0.02   0.09   0.02   0.56   0.98   0.02   0.11   0.01   0.01   0.02   0.02   0.88   0.56   0.89   0.87   0.12   0.54   0.02   0.30   0.07   0.97   0.24   0.10   0.96   0.93   0.86   0.28   0.82   0.12   0.92   0.23   0.19   0.92   0.01   0.77   0.35   0.35   0.88   0.56   0.98   0.14   0.97   0.30   0.93   0.99   

5.00   5.00   5.00   5.00   5.00   5.00   5.00   5.00   5.00   5.00   5.00   5.00   5.00   5.00   5.00   5.00   5.00   5.00   5.00   5.00   5.00   5.00   5.00   5.00   5.00   5.00   5.00   5.00   5.00   5.00   5.00   5.00   5.00   5.00   5.00   5.00   5.00   5.00   5.00   5.00   5.00   5.00   5.00   5.00   5.00   5.00   5.00   5.00   5.00   5.00   5.00   5.00   5.00   5.00   5.00   5.00   5.00   5.00   5.00   5.00   5.00   5.00   5.00   5.00   5.00   5.00   5.00   5.00   5.00   5.00   5.00   5.00   5.00   5.00   5.00   5.00   5.00   5.00   
0.02   0.03   0.15   0.01   0.03   0.02   0.01   0.01   0.08   0.58   0.04   0.13   0.06   0.41   0.03   0.12   0.07   0.02   0.09   0.03   0.10   0.20   0.34   0.03   0.08   0.82   0.01   0.01   0.01   0.00   0.01   0.64   0.46   0.01   0.01   0.02   0.75   0.63   0.08   0.03   0.01   0.01   0.08   0.04   0.75   0.85   0.83   0.52   0.14   0.32   0.02   0.27   0.21   0.79   0.83   0.56   0.50   0.81   0.82   0.65   0.62   0.30   0.23   0.34   0.66   0.46   0.02   0.40   0.11   0.65   0.33   0.10   0.75   0.03   0.24   0.22   0.37   0.90   
0.02   0.03   0.15   0.01   0.03   0.02   0.01   0.01   0.08   0.58   0.04   0.13   0.06   0.41   0.03   0.12   0.07   0.02   0.09   0.03   0.10   0.20   0.34   0.03   0.08   0.82   0.01   0.01   0.01   0.00   0.01   0.64   0.46   0.01   0.01   0.02   0.75   0.63   0.08   0.03   0.01   0.01   0.08   0.04   0.75   0.85   0.83   0.52   0.14   0.32   0.02   0.27   0.21   0.79   0.83   0.56   0.50   0.81   0.82   0.65   0.62   0.30   0.23   0.34   0.66   0.46   0.02   0.40   0.11   0.65   0.33   0.10   0.75   0.03   0.24   0.22   0.37   0.90   
0.50   0.50   0.50   0.50   0.27   0.50   0.50   0.50   0.50   0.50   0.50   0.10   0.50   0.51   0.50   0.30   0.50   0.50   0.23   0.50   0.50   0.24   0.50   0.50   0.50   0.50   0.50   0.50   0.50   0.50   0.50   0.95   0.50   0.50   0.74   0.50   0.50   0.50   0.50   0.50   0.50   0.50   0.50   0.50   0.50   0.50   0.50   0.50   0.50   0.50   0.50   0.56   0.34   0.79   0.16   0.08   0.95   0.67   0.29   0.50   0.50   0.50   0.92   0.24   0.11   0.84   0.50   0.50   0.84   0.29   0.50   0.50   0.50   0.85   0.97   0.81   0.93   0.50   
0.10   0.06   0.02   0.01   0.01   0.08   0.01   0.02   0.05   0.98   0.02   0.02   0.10   0.58   0.01   0.04   0.02   0.10   0.02   0.08   0.05   0.06   0.02   0.04   0.02   0.98   0.02   0.02   0.01   0.02   0.02   0.98   0.86   0.02   0.07   0.02   0.61   0.98   0.02   0.10   0.01   0.01   0.02   0.02   0.86   0.61   0.88   0.84   0.12   0.21   0.02   0.26   0.08   0.94   0.29   0.07   0.94   0.93   0.81   0.28   0.78   0.12   0.86   0.15   0.15   0.87   0.02   0.71   0.26   0.30   0.86   0.61   0.98   0.12   0.93   0.49   0.90   0.99   

5.00   5.00   5.00   5.00   5.00   5.00   5.00   5.00   5.00   5.00   5.00   5.00   5.00   5.00   5.00   5.00   5.00   5.00   5.00   5.00   5.00   5.00   5.00   5.00   5.00   5.00   5.00   5.00   5.00   5.00   5.00   5.00   5.00   5.00   5.00   5.00   5.00   5.00   5.00   5.00   5.00   5.00   5.00   5.00   5.00   5.00   5.00   5.00   5.00   5.00   5.00   5.00   5.00   5.00   5.00   5.00   5.00   5.00   5.00   5.00   5.00   5.00   5.00   5.00   5.00   5.00   5.00   5.00   5.00   5.00   5.00   5.00   5.00   5.00   5.00   5.00   5.00   5.00   
0.09   0.03   0.13   0.01   0.03   0.02   0.01   0.01   0.16   0.52   0.03   0.10   0.05   0.36   0.02   0.12   0.05   0.02   0.17   0.03   0.09   0.17   0.42   0.03   0.05   0.87   0.01   0.01   0.01   0.00   0.01   0.58   0.55   0.01   0.01   0.02   0.81   0.68   0.05   0.02   0.01   0.07   0.06   0.03   0.80   0.88   0.88   0.59   0.21   0.26   0.01   0.35   0.30   0.85   0.87   0.62   0.59   0.87   0.86   0.71   0.68   0.39   0.32   0.42   0.75   0.55   0.02   0.49   0.20   0.73   0.43   0.09   0.82   0.03   0.33   0.29   0.45   0.94   
0.09   0.03   0.13   0.01   0.03   0.02   0.01   0.01   0.16   0.52   0.03   0.10   0.05   0.36   0.02   0.12   0.05   0.02   0.17   0.03   0.09   0.17   0.42   0.03   0.05   0.87   0.01   0.01   0.01   0.00   0.01   0.58   0.55   0.01   0.01   0.02   0.81   0.68   0.05   0.02   0.01   0.07   0.06   0.03   0.80   0.88   0.88   0.59   0.21   0.26   0.01   0.35   0.30   0.85   0.87   0.62   0.59   0.87   0.86   0.71   0.68   0.39   0.32   0.42   0.75   0.55   0.02   0.49   0.20   0.73   0.43   0.09   0.82   0.03   0.33   0.29   0.45   0.94   
0.50   0.50   0.50   0.50   0.24   0.50   0.50   0.50   0.50   0.50   0.50   0.09   0.50   0.45   0.50   0.26   0.50   0.50   0.20   0.50   0.50   0.21   0.50   0.50   0.50   0.50   0.50   0.50   0.50   0.50   0.50   0.93   0.50   0.50   0.69   0.50   0.50   0.50   0.50   0.50   0.50   0.50   0.50   0.50   0.50   0.50   0.50   0.50   0.50   0.50   0.50   0.50   0.29   0.74   0.14   0.07   0.92   0.61   0.25   0.50   0.50   0.50   0.89   0.21   0.10   0.79   0.50   0.50   0.79   0.25   0.50   0.50   0.50   0.80   0.95   0.75   0.91   0.50   
0.11   0.07   0.02   0.01   0.01   0.08   0.01   0.02   0.05   0.98   0.02   0.01   0.11   0.30   0.01   0.03   0.02   0.11   0.02   0.08   0.06   0.04   0.02   0.05   0.02   0.98   0.02   0.02   0.01   0.02   0.02   0.96   0.88   0.02   0.03   0.02   0.58   0.98   0.02   0.11   0.01   0.01   0.02   0.02   0.88   0.58   0.89   0.84   0.14   0.20   0.02   0.27   0.10   0.93   0.32   0.07   0.94   0.94   0.79   0.33   0.78   0.14   0.83   0.14   0.17   0.85   0.02   0.71   0.31   0.32   0.88   0.58   0.98   0.08   0.91   0.66   0.88   0.99   

5.00   5.00   5.00   5.00   5.00   5.00   5.00   5.00   5.00   5.00   5.00   5.00   5.00   5.00   5.00   5.00   5.00   5.00   5.00   5.00   5.00   5.00   5.00   5.00   5.00   5.00   5.00   5.00   5.00   5.00   5.00   5.00   5.00   5.00   5.00   5.00   5.00   5.00   5.00   5.00   5.00   5.00   5.00   5.00   5.00   5.00   5.00   5.00   5.00   5.00   5.00   5.00   5.00   5.00   5.00   5.00   5.00   5.00   5.00   5.00   5.00   5.00   5.00   5.00   5.00   5.00   5.00   5.00   5.00   5.00   5.00   5.00   5.00   5.00   5.00   5.00   5.00   5.00   
0.09   0.04   0.14   0.01   0.02   0.02   0.01   0.01   0.15   0.53   0.04   0.11   0.06   0.37   0.02   0.13   0.06   0.02   0.16   0.03   0.09   0.15   0.40   0.03   0.06   0.88   0.01   0.01   0.01   0.00   0.01   0.59   0.56   0.01   0.01   0.02   0.82   0.69   0.05   0.03   0.01   0.07   0.06   0.03   0.81   0.89   0.89   0.60   0.22   0.27   0.01   0.36   0.31   0.86   0.88   0.62   0.61   0.86   0.87   0.71   0.69   0.40   0.34   0.43   0.76   0.57   0.01   0.51   0.21   0.75   0.44   0.10   0.83   0.03   0.34   0.30   0.45   0.94   
0.09   0.04   0.14   0.01   0.02   0.02   0.01   0.01   0.15   0.53   0.04   0.11   0.06   0.37   0.02   0.13   0.06   0.02   0.16   0.03   0.09   0.15   0.40   0.03   0.06   0.88   0.01   0.01   0.01   0.00   0.01   0.59   0.56   0.01   0.01   0.02   0.82   0.69   0.05   0.03   0.01   0.07   0.06   0.03   0.81   0.89   0.89   0.60   0.22   0.27   0.01   0.36   0.31   0.86   0.88   0.62   0.61   0.86   0.87   0.71   0.69   0.40   0.34   0.43   0.76   0.57   0.01   0.51   0.21   0.75   0.44   0.10   0.83   0.03   0.34   0.30   0.45   0.94   
0.50   0.50   0.50   0.50   0.50   0.50   0.50   0.50   0.50   0.50   0.50   0.08   0.50   0.47   0.50   0.29   0.50   0.50   0.22   0.50   0.50   0.22   0.50   0.50   0.50   0.50   0.50   0.50   0.50   0.50   0.50   0.93   0.50   0.50   0.66   0.50   0.50   0.50   0.50   0.50   0.50   0.50   0.50   0.50   0.50   0.50   0.50   0.50   0.50   0.50   0.50   0.47   0.36   0.75   0.12   0.06   0.94   0.71   0.29   0.50   0.50   0.50   0.92   0.26   0.09   0.80   0.50   0.50   0.82   0.27   0.50   0.50   0.50   0.83   0.97   0.75   0.93   0.50   
0.11   0.08   0.02   0.01   0.02   0.08   0.01   0.02   0.06   0.98   0.02   0.01   0.11   0.33   0.01   0.04   0.02   0.11   0.03   0.08   0.06   0.04   0.02   0.05   0.02   0.98   0.02   0.02   0.01   0.02   0.02   0.97   0.88   0.02   0.02   0.02   0.58   0.98   0.02   0.11   0.01   0.01   0.02   0.02   0.88   0.58   0.90   0.85   0.14   0.20   0.02   0.26   0.14   0.94   0.30   0.06   0.96   0.96   0.85   0.34   0.78   0.14   0.89   0.19   0.17   0.87   0.02   0.72   0.37   0.37   0.88   0.58   0.98   0.08   0.94   0.67   0.91   0.99   

5.00   5.00   5.00   5.00   5.00   5.00   5.00   5.00   5.00   5.00   5.00   5.00   5.00   5.00   5.00   5.00   5.00   5.00   5.00   5.00   5.00   5.00   5.00   5.00   5.00   5.00   5.00   5.00   5.00   5.00   5.00   5.00   5.00   5.00   5.00   5.00   5.00   5.00   5.00   5.00   5.00   5.00   5.00   5.00   5.00   5.00   5.00   5.00   5.00   5.00   5.00   5.00   5.00   5.00   5.00   5.00   5.00   5.00   5.00   5.00   5.00   5.00   5.00   5.00   5.00   5.00   5.00   5.00   5.00   5.00   5.00   5.00   5.00   5.00   5.00   5.00   5.00   5.00   
0.09   0.04   0.14   0.01   0.02   0.02   0.01   0.01   0.15   0.53   0.04   0.11   0.06   0.37   0.02   0.13   0.06   0.02   0.16   0.03   0.09   0.15   0.40   0.03   0.06   0.88   0.01   0.01   0.01   0.00   0.01   0.59   0.56   0.01   0.01   0.02   0.82   0.69   0.05   0.03   0.01   0.07   0.06   0.03   0.81   0.89   0.89   0.60   0.22   0.27   0.01   0.36   0.31   0.86   0.88   0.62   0.61   0.86   0.87   0.71   0.69   0.40   0.34   0.43   0.76   0.57   0.01   0.51   0.21   0.75   0.44   0.10   0.83   0.03   0.34   0.30   0.45   0.94   
0.09   0.04   0.14   0.01   0.02   0.02   0.01   0.01   0.15   0.53   0.04   0.11   0.06   0.37   0.02   0.13   0.06   0.02   0.16   0.03   0.09   0.15   0.40   0.03   0.06   0.88   0.01   0.01   0.01   0.00   0.01   0.59   0.56   0.01   0.01   0.02   0.82   0.69   0.05   0.03   0.01   0.07   0.06   0.03   0.81   0.89   0.89   0.60   0.22   0.27   0.01   0.36   0.31   0.86   0.88   0.62   0.61   0.86   0.87   0.71   0.69   0.40   0.34   0.43   0.76   0.57   0.01   0.51   0.21   0.75   0.44   0.10   0.83   0.03   0.34   0.30   0.45   0.94   
0.50   0.50   0.50   0.50   0.50   0.50   0.50   0.50   0.50   0.50   0.50   0.08   0.50   0.48   0.50   0.31   0.50   0.50   0.24   0.50   0.50   0.23   0.50   0.50   0.50   0.50   0.50   0.50   0.50   0.50   0.50   0.93   0.50   0.50   0.67   0.50   0.50   0.50   0.50   0.50   0.50   0.50   0.50   0.50   0.50   0.50   0.50   0.50   0.50   0.50   0.50   0.48   0.37   0.76   0.13   0.07   0.94   0.72   0.31   0.50   0.50   0.50   0.93   0.27   0.10   0.81   0.50   0.50   0.82   0.28   0.50   0.50   0.50   0.83   0.97   0.76   0.93   0.50   
0.12   0.08   0.02   0.01   0.02   0.08   0.01   0.02   0.06   0.98   0.02   0.01   0.12   0.38   0.01   0.05   0.02   0.12   0.03   0.08   0.06   0.04   0.02   0.05   0.02   0.98   0.02   0.02   0.01   0.02   0.02   0.97   0.88   0.02   0.03   0.02   0.57   0.98   0.02   0.12   0.01   0.01   0.02   0.02   0.88   0.57   0.90   0.85   0.14   0.21   0.02   0.27   0.14   0.95   0.31   0.07   0.96   0.96   0.87   0.34   0.79   0.14   0.90   0.21   0.19   0.88   0.02   0.73   0.39   0.39   0.88   0.57   0.98   0.08   0.95   0.68   0.91   0.99   

0.00   0.00   0.00   0.00   0.00   0.00   0.00   0.00   0.00   0.00   0.00   0.00   0.00   0.00   0.00   0.00   0.00   0.00   0.00   0.00   0.00   0.00   0.00   0.00   0.00   0.00   0.00   0.00   0.00   0.00   0.00   0.00   1.00   0.00   0.00   0.00   1.00   1.00   0.00   0.00   0.00   0.00   0.00   0.00   1.00   1.00   1.00   1.00   1.00   0.00   0.00   1.00   1.00   1.00   1.00   1.00   1.00   1.00   1.00   1.00   1.00   1.00   1.00   1.00   1.00   1.00   0.00   1.00   1.00   1.00   1.00   1.00   1.00   1.00   1.00   1.00   1.00   1.00   