5.00   5.00   5.00   5.00   5.00   5.00   5.00   5.00   5.00   5.00   5.00   5.00   5.00   5.00   5.00   5.00   5.00   5.00   5.00   5.00   5.00   5.00   5.00   5.00   5.00   5.00   5.00   5.00   5.00   5.00   5.00   5.00   5.00   5.00   5.00   5.00   5.00   5.00   5.00   5.00   5.00   5.00   5.00   5.00   5.00   5.00   5.00   5.00   5.00   5.00   5.00   5.00   5.00   5.00   5.00   5.00   5.00   5.00   5.00   5.00   5.00   5.00   5.00   5.00   5.00   5.00   5.00   5.00   5.00   5.00   5.00   5.00   5.00   5.00   5.00   5.00   5.00   5.00   
0.05   0.05   0.05   0.05   0.05   0.05   0.05   0.05   0.05   0.05   0.05   0.60   0.05   0.05   0.05   0.05   0.05   0.05   0.05   0.05   0.05   0.05   0.05   0.05   0.47   0.05   0.05   0.05   0.05   0.05   0.05   0.05   0.05   0.05   0.60   0.96   0.05   0.05   0.60   0.96   0.05   0.05   0.05   0.05   0.05   0.60   0.05   0.96   0.47   0.05   0.05   0.05   0.47   0.05   0.05   0.05   0.05   0.05   0.96   0.96   0.60   0.60   0.47   0.05   0.05   0.60   0.96   0.05   0.60   0.47   0.47   0.05   0.60   0.96   0.96   0.96   0.05   0.60   
0.05   0.05   0.05   0.05   0.05   0.05   0.05   0.05   0.05   0.05   0.05   0.60   0.05   0.05   0.05   0.05   0.05   0.05   0.05   0.05   0.05   0.05   0.05   0.05   0.47   0.05   0.05   0.05   0.05   0.05   0.05   0.05   0.05   0.05   0.60   0.96   0.05   0.05   0.60   0.96   0.05   0.05   0.05   0.05   0.05   0.60   0.05   0.96   0.47   0.05   0.05   0.05   0.47   0.05   0.05   0.05   0.05   0.05   0.96   0.96   0.60   0.60   0.47   0.05   0.05   0.60   0.96   0.05   0.60   0.47   0.47   0.05   0.60   0.96   0.96   0.96   0.05   0.60   
0.02   0.13   0.19   0.28   0.76   0.65   0.05   0.60   0.01   0.26   0.64   0.62   0.06   0.23   0.23   0.29   0.48   0.19   0.06   0.57   0.61   0.04   0.78   0.41   0.93   0.61   0.08   0.06   0.12   0.13   0.01   0.46   0.04   0.20   0.70   0.89   0.47   0.01   0.59   1.00   0.01   0.12   0.42   0.05   0.03   1.00   0.27   0.98   0.79   0.33   0.03   0.10   0.87   0.02   0.00   0.92   0.27   0.43   0.94   1.00   0.60   0.74   0.98   0.85   0.35   0.82   0.99   0.88   0.29   0.86   0.98   0.94   0.99   0.98   0.52   0.65   0.45   0.93   
0.00   0.01   0.01   0.02   0.79   0.68   0.00   0.63   0.00   0.01   0.67   0.93   0.00   0.01   0.01   0.02   0.03   0.01   0.00   0.60   0.64   0.00   0.80   0.03   0.98   0.64   0.00   0.00   0.01   0.01   0.00   0.03   0.00   0.01   0.95   1.00   0.03   0.00   0.92   1.00   0.00   0.00   0.03   0.00   0.00   1.00   0.01   1.00   0.95   0.02   0.00   0.00   0.97   0.00   0.00   0.93   0.01   0.03   1.00   1.00   0.93   0.96   1.00   0.87   0.02   0.97   1.00   0.89   0.78   0.97   1.00   0.95   1.00   1.00   0.99   0.99   0.03   0.99   

5.00   5.00   5.00   5.00   5.00   5.00   5.00   5.00   5.00   5.00   5.00   5.00   5.00   5.00   5.00   5.00   5.00   5.00   5.00   5.00   5.00   5.00   5.00   5.00   5.00   5.00   5.00   5.00   5.00   5.00   5.00   5.00   5.00   5.00   5.00   5.00   5.00   5.00   5.00   5.00   5.00   5.00   5.00   5.00   5.00   5.00   5.00   5.00   5.00   5.00   5.00   5.00   5.00   5.00   5.00   5.00   5.00   5.00   5.00   5.00   5.00   5.00   5.00   5.00   5.00   5.00   5.00   5.00   5.00   5.00   5.00   5.00   5.00   5.00   5.00   5.00   5.00   5.00   
0.04   0.04   0.04   0.04   0.04   0.04   0.04   0.04   0.04   0.04   0.04   0.76   0.04   0.04   0.04   0.04   0.04   0.04   0.04   0.04   0.04   0.04   0.04   0.04   0.67   0.04   0.04   0.04   0.04   0.04   0.04   0.04   0.04   0.04   0.76   0.97   0.04   0.04   0.76   0.97   0.04   0.04   0.04   0.04   0.04   0.76   0.04   0.97   0.67   0.04   0.04   0.04   0.33   0.04   0.04   0.41   0.04   0.41   0.67   0.67   0.41   0.41   0.33   0.04   0.04   0.76   0.67   0.04   0.76   0.67   0.67   0.41   0.41   0.97   0.97   0.67   0.04   0.76   
0.04   0.04   0.04   0.04   0.04   0.04   0.04   0.04   0.04   0.04   0.04   0.76   0.04   0.04   0.04   0.04   0.04   0.04   0.04   0.04   0.04   0.04   0.04   0.04   0.67   0.04   0.04   0.04   0.04   0.04   0.04   0.04   0.04   0.04   0.76   0.97   0.04   0.04   0.76   0.97   0.04   0.04   0.04   0.04   0.04   0.76   0.04   0.97   0.67   0.04   0.04   0.04   0.33   0.04   0.04   0.41   0.04   0.41   0.67   0.67   0.41   0.41   0.33   0.04   0.04   0.76   0.67   0.04   0.76   0.67   0.67   0.41   0.41   0.97   0.97   0.67   0.04   0.76   
0.50   0.50   0.17   0.25   0.79   0.69   0.50   0.39   0.50   0.16   0.75   0.69   0.50   0.12   0.12   0.22   0.74   0.14   0.50   0.69   0.75   0.50   0.85   0.18   0.99   0.31   0.50   0.50   0.50   0.50   0.50   0.58   0.50   0.18   0.72   0.50   0.30   0.50   0.81   0.50   0.50   0.50   0.37   0.50   0.50   0.50   0.37   0.50   0.90   0.16   0.50   0.50   0.93   0.50   0.50   0.97   0.14   0.30   0.50   0.50   0.49   0.76   0.50   0.92   0.25   0.82   0.50   0.91   0.20   0.97   0.50   0.99   0.50   0.50   0.65   0.71   0.31   0.98   
0.04   0.04   0.01   0.01   0.66   0.54   0.04   0.02   0.04   0.01   0.61   0.95   0.04   0.00   0.00   0.01   0.60   0.01   0.04   0.54   0.61   0.04   0.74   0.01   1.00   0.02   0.04   0.04   0.04   0.04   0.04   0.05   0.04   0.01   0.96   0.98   0.02   0.04   0.98   0.98   0.04   0.04   0.02   0.04   0.04   0.88   0.02   0.98   0.98   0.01   0.04   0.04   0.95   0.04   0.04   0.99   0.01   0.23   0.98   0.98   0.65   0.86   0.81   0.86   0.01   0.98   0.98   0.84   0.70   1.00   0.81   0.99   0.88   0.98   0.99   0.91   0.02   1.00   

5.00   5.00   5.00   5.00   5.00   5.00   5.00   5.00   5.00   5.00   5.00   5.00   5.00   5.00   5.00   5.00   5.00   5.00   5.00   5.00   5.00   5.00   5.00   5.00   5.00   5.00   5.00   5.00   5.00   5.00   5.00   5.00   5.00   5.00   5.00   5.00   5.00   5.00   5.00   5.00   5.00   5.00   5.00   5.00   5.00   5.00   5.00   5.00   5.00   5.00   5.00   5.00   5.00   5.00   5.00   5.00   5.00   5.00   5.00   5.00   5.00   5.00   5.00   5.00   5.00   5.00   5.00   5.00   5.00   5.00   5.00   5.00   5.00   5.00   5.00   5.00   5.00   5.00   
0.06   0.06   0.06   0.06   0.06   0.06   0.06   0.02   0.06   0.06   0.02   0.79   0.06   0.06   0.06   0.06   0.06   0.06   0.06   0.06   0.02   0.06   0.02   0.02   0.70   0.06   0.06   0.06   0.02   0.06   0.06   0.06   0.02   0.06   0.79   0.97   0.06   0.06   0.79   0.97   0.06   0.06   0.02   0.06   0.02   0.79   0.06   0.97   0.70   0.06   0.02   0.06   0.35   0.06   0.02   0.45   0.06   0.45   0.68   0.62   0.44   0.44   0.35   0.06   0.02   0.79   0.68   0.06   0.79   0.70   0.70   0.45   0.44   0.97   0.97   0.68   0.06   0.79   
0.06   0.06   0.06   0.06   0.06   0.06   0.06   0.02   0.06   0.06   0.02   0.79   0.06   0.06   0.06   0.06   0.06   0.06   0.06   0.06   0.02   0.06   0.02   0.02   0.70   0.06   0.06   0.06   0.02   0.06   0.06   0.06   0.02   0.06   0.79   0.97   0.06   0.06   0.79   0.97   0.06   0.06   0.02   0.06   0.02   0.79   0.06   0.97   0.70   0.06   0.02   0.06   0.35   0.06   0.02   0.45   0.06   0.45   0.68   0.62   0.44   0.44   0.35   0.06   0.02   0.79   0.68   0.06   0.79   0.70   0.70   0.45   0.44   0.97   0.97   0.68   0.06   0.79   
0.50   0.50   0.13   0.10   0.71   0.48   0.50   0.45   0.50   0.11   0.54   0.74   0.50   0.50   0.50   0.11   0.59   0.50   0.50   0.66   0.69   0.50   0.82   0.10   0.50   0.31   0.50   0.50   0.50   0.50   0.50   0.50   0.50   0.17   0.83   0.50   0.18   0.50   0.80   0.50   0.50   0.50   0.22   0.50   0.50   0.50   0.28   0.50   0.77   0.07   0.50   0.50   0.91   0.50   0.50   0.97   0.50   0.17   0.50   0.50   0.42   0.71   0.50   0.93   0.28   0.79   0.50   0.82   0.17   0.50   0.50   0.50   0.50   0.50   0.56   0.53   0.32   0.50   
0.03   0.03   0.01   0.00   0.08   0.03   0.03   0.02   0.03   0.00   0.03   0.95   0.03   0.03   0.03   0.00   0.05   0.03   0.03   0.06   0.07   0.03   0.64   0.00   0.84   0.02   0.03   0.03   0.03   0.03   0.03   0.03   0.03   0.01   0.97   0.98   0.01   0.03   0.96   0.98   0.03   0.03   0.01   0.03   0.03   0.84   0.01   0.98   0.95   0.00   0.03   0.03   0.93   0.03   0.03   0.99   0.03   0.11   0.98   0.98   0.24   0.78   0.80   0.84   0.01   0.96   0.98   0.66   0.26   0.84   0.80   0.66   0.84   0.98   0.98   0.79   0.02   0.87   

5.00   5.00   5.00   5.00   5.00   5.00   5.00   5.00   5.00   5.00   5.00   5.00   5.00   5.00   5.00   5.00   5.00   5.00   5.00   5.00   5.00   5.00   5.00   5.00   5.00   5.00   5.00   5.00   5.00   5.00   5.00   5.00   5.00   5.00   5.00   5.00   5.00   5.00   5.00   5.00   5.00   5.00   5.00   5.00   5.00   5.00   5.00   5.00   5.00   5.00   5.00   5.00   5.00   5.00   5.00   5.00   5.00   5.00   5.00   5.00   5.00   5.00   5.00   5.00   5.00   5.00   5.00   5.00   5.00   5.00   5.00   5.00   5.00   5.00   5.00   5.00   5.00   5.00   
0.05   0.05   0.05   0.05   0.05   0.05   0.05   0.02   0.05   0.05   0.02   0.84   0.05   0.05   0.05   0.05   0.05   0.05   0.05   0.05   0.02   0.05   0.02   0.02   0.76   0.05   0.05   0.05   0.02   0.05   0.29   0.05   0.02   0.05   0.64   0.82   0.05   0.05   0.84   0.98   0.05   0.05   0.02   0.05   0.02   0.64   0.05   0.82   0.76   0.05   0.02   0.05   0.27   0.29   0.02   0.35   0.05   0.58   0.56   0.51   0.35   0.58   0.27   0.05   0.02   0.84   0.75   0.05   0.64   0.56   0.56   0.35   0.35   0.98   0.82   0.75   0.05   0.84   
0.05   0.05   0.05   0.05   0.05   0.05   0.05   0.02   0.05   0.05   0.02   0.84   0.05   0.05   0.05   0.05   0.05   0.05   0.05   0.05   0.02   0.05   0.02   0.02   0.76   0.05   0.05   0.05   0.02   0.05   0.29   0.05   0.02   0.05   0.64   0.82   0.05   0.05   0.84   0.98   0.05   0.05   0.02   0.05   0.02   0.64   0.05   0.82   0.76   0.05   0.02   0.05   0.27   0.29   0.02   0.35   0.05   0.58   0.56   0.51   0.35   0.58   0.27   0.05   0.02   0.84   0.75   0.05   0.64   0.56   0.56   0.35   0.35   0.98   0.82   0.75   0.05   0.84   
0.50   0.50   0.50   0.50   0.59   0.50   0.50   0.18   0.50   0.50   0.37   0.67   0.50   0.50   0.50   0.50   0.50   0.50   0.50   0.72   0.73   0.50   0.67   0.50   0.50   0.13   0.50   0.50   0.50   0.50   0.50   0.38   0.50   0.19   0.84   0.50   0.09   0.50   0.91   0.50   0.50   0.50   0.11   0.50   0.50   0.50   0.23   0.50   0.84   0.50   0.50   0.50   0.94   0.50   0.50   0.98   0.50   0.11   0.50   0.50   0.50   0.65   0.50   0.93   0.16   0.85   0.50   0.80   0.16   0.50   0.50   0.50   0.50   0.50   0.50   0.38   0.35   0.50   
0.03   0.03   0.03   0.03   0.04   0.03   0.03   0.01   0.03   0.03   0.02   0.94   0.03   0.03   0.03   0.03   0.03   0.03   0.03   0.07   0.07   0.03   0.05   0.03   0.84   0.00   0.03   0.03   0.03   0.03   0.03   0.02   0.03   0.01   0.93   0.98   0.00   0.03   0.99   0.98   0.03   0.03   0.00   0.03   0.03   0.83   0.01   0.98   0.97   0.03   0.03   0.03   0.93   0.03   0.03   0.98   0.03   0.11   0.98   0.98   0.25   0.79   0.79   0.80   0.01   0.98   0.98   0.11   0.15   0.84   0.79   0.64   0.83   0.98   0.86   0.72   0.02   0.86   

5.00   5.00   5.00   5.00   5.00   5.00   5.00   5.00   5.00   5.00   5.00   5.00   5.00   5.00   5.00   5.00   5.00   5.00   5.00   5.00   5.00   5.00   5.00   5.00   5.00   5.00   5.00   5.00   5.00   5.00   5.00   5.00   5.00   5.00   5.00   5.00   5.00   5.00   5.00   5.00   5.00   5.00   5.00   5.00   5.00   5.00   5.00   5.00   5.00   5.00   5.00   5.00   5.00   5.00   5.00   5.00   5.00   5.00   5.00   5.00   5.00   5.00   5.00   5.00   5.00   5.00   5.00   5.00   5.00   5.00   5.00   5.00   5.00   5.00   5.00   5.00   5.00   5.00   
0.03   0.03   0.03   0.03   0.03   0.03   0.03   0.02   0.03   0.03   0.02   0.78   0.11   0.11   0.11   0.11   0.03   0.03   0.03   0.03   0.02   0.03   0.02   0.02   0.70   0.03   0.03   0.03   0.02   0.03   0.26   0.03   0.02   0.03   0.58   0.76   0.03   0.11   0.85   0.98   0.03   0.03   0.02   0.11   0.08   0.58   0.11   0.76   0.70   0.03   0.08   0.03   0.31   0.26   0.02   0.40   0.03   0.53   0.50   0.54   0.31   0.52   0.24   0.11   0.08   0.78   0.69   0.03   0.66   0.50   0.50   0.32   0.31   0.98   0.76   0.69   0.03   0.85   
0.03   0.03   0.03   0.03   0.03   0.03   0.03   0.02   0.03   0.03   0.02   0.78   0.11   0.11   0.11   0.11   0.03   0.03   0.03   0.03   0.02   0.03   0.02   0.02   0.70   0.03   0.03   0.03   0.02   0.03   0.26   0.03   0.02   0.03   0.58   0.76   0.03   0.11   0.85   0.98   0.03   0.03   0.02   0.11   0.08   0.58   0.11   0.76   0.70   0.03   0.08   0.03   0.31   0.26   0.02   0.40   0.03   0.53   0.50   0.54   0.31   0.52   0.24   0.11   0.08   0.78   0.69   0.03   0.66   0.50   0.50   0.32   0.31   0.98   0.76   0.69   0.03   0.85   
0.50   0.50   0.50   0.50   0.48   0.51   0.50   0.50   0.50   0.50   0.21   0.72   0.50   0.50   0.50   0.50   0.60   0.50   0.50   0.84   0.73   0.50   0.57   0.50   0.50   0.50   0.50   0.50   0.50   0.50   0.50   0.54   0.50   0.04   0.84   0.50   0.50   0.50   0.92   0.50   0.50   0.50   0.50   0.50   0.50   0.50   0.17   0.50   0.88   0.50   0.50   0.50   0.91   0.50   0.50   0.98   0.50   0.13   0.50   0.50   0.51   0.74   0.50   0.83   0.50   0.88   0.50   0.76   0.11   0.50   0.50   0.50   0.50   0.50   0.48   0.44   0.48   0.50   
0.03   0.03   0.03   0.03   0.02   0.03   0.03   0.03   0.03   0.03   0.01   0.94   0.03   0.03   0.03   0.03   0.04   0.03   0.03   0.12   0.06   0.03   0.03   0.03   0.83   0.03   0.03   0.03   0.03   0.03   0.03   0.03   0.03   0.00   0.92   0.98   0.03   0.03   0.99   0.98   0.03   0.03   0.03   0.03   0.03   0.81   0.02   0.98   0.97   0.03   0.03   0.03   0.91   0.03   0.03   0.99   0.03   0.12   0.98   0.98   0.22   0.83   0.79   0.67   0.03   0.98   0.98   0.07   0.13   0.83   0.79   0.62   0.81   0.98   0.81   0.73   0.02   0.85   

5.00   5.00   5.00   5.00   5.00   5.00   5.00   5.00   5.00   5.00   5.00   5.00   5.00   5.00   5.00   5.00   5.00   5.00   5.00   5.00   5.00   5.00   5.00   5.00   5.00   5.00   5.00   5.00   5.00   5.00   5.00   5.00   5.00   5.00   5.00   5.00   5.00   5.00   5.00   5.00   5.00   5.00   5.00   5.00   5.00   5.00   5.00   5.00   5.00   5.00   5.00   5.00   5.00   5.00   5.00   5.00   5.00   5.00   5.00   5.00   5.00   5.00   5.00   5.00   5.00   5.00   5.00   5.00   5.00   5.00   5.00   5.00   5.00   5.00   5.00   5.00   5.00   5.00   
0.03   0.03   0.03   0.03   0.03   0.03   0.03   0.02   0.03   0.03   0.02   0.60   0.08   0.08   0.08   0.08   0.03   0.03   0.03   0.03   0.02   0.03   0.02   0.02   0.77   0.03   0.03   0.03   0.02   0.03   0.21   0.03   0.02   0.03   0.43   0.81   0.03   0.08   0.87   0.78   0.03   0.03   0.02   0.08   0.07   0.43   0.08   0.81   0.77   0.03   0.07   0.03   0.25   0.21   0.02   0.29   0.03   0.63   0.62   0.66   0.23   0.40   0.19   0.08   0.07   0.82   0.55   0.03   0.72   0.39   0.39   0.23   0.23   0.98   0.58   0.76   0.03   0.87   
0.03   0.03   0.03   0.03   0.03   0.03   0.03   0.02   0.03   0.03   0.02   0.60   0.08   0.08   0.08   0.08   0.03   0.03   0.03   0.03   0.02   0.03   0.02   0.02   0.77   0.03   0.03   0.03   0.02   0.03   0.21   0.03   0.02   0.03   0.43   0.81   0.03   0.08   0.87   0.78   0.03   0.03   0.02   0.08   0.07   0.43   0.08   0.81   0.77   0.03   0.07   0.03   0.25   0.21   0.02   0.29   0.03   0.63   0.62   0.66   0.23   0.40   0.19   0.08   0.07   0.82   0.55   0.03   0.72   0.39   0.39   0.23   0.23   0.98   0.58   0.76   0.03   0.87   
0.50   0.50   0.50   0.50   0.41   0.54   0.50   0.50   0.50   0.50   0.50   0.68   0.50   0.50   0.50   0.50   0.49   0.50   0.50   0.86   0.69   0.50   0.44   0.50   0.50   0.50   0.50   0.50   0.50   0.50   0.50   0.53   0.50   0.50   0.80   0.50   0.50   0.50   0.89   0.50   0.50   0.50   0.50   0.50   0.50   0.50   0.20   0.50   0.91   0.50   0.50   0.50   0.93   0.50   0.50   0.98   0.50   0.23   0.50   0.50   0.60   0.75   0.50   0.79   0.50   0.90   0.50   0.65   0.16   0.50   0.50   0.50   0.50   0.50   0.48   0.44   0.53   0.50   
0.03   0.03   0.03   0.03   0.02   0.03   0.03   0.03   0.03   0.03   0.03   0.85   0.03   0.03   0.03   0.03   0.02   0.03   0.03   0.12   0.05   0.03   0.02   0.04   0.84   0.03   0.03   0.03   0.03   0.03   0.03   0.02   0.03   0.02   0.83   0.98   0.03   0.03   0.99   0.98   0.03   0.03   0.03   0.03   0.03   0.81   0.02   0.98   0.98   0.03   0.03   0.03   0.90   0.03   0.03   0.98   0.03   0.32   0.98   0.98   0.22   0.77   0.80   0.55   0.03   0.98   0.98   0.04   0.26   0.84   0.80   0.63   0.81   0.98   0.67   0.75   0.03   0.85   

5.00   5.00   5.00   5.00   5.00   5.00   5.00   5.00   5.00   5.00   5.00   5.00   5.00   5.00   5.00   5.00   5.00   5.00   5.00   5.00   5.00   5.00   5.00   5.00   5.00   5.00   5.00   5.00   5.00   5.00   5.00   5.00   5.00   5.00   5.00   5.00   5.00   5.00   5.00   5.00   5.00   5.00   5.00   5.00   5.00   5.00   5.00   5.00   5.00   5.00   5.00   5.00   5.00   5.00   5.00   5.00   5.00   5.00   5.00   5.00   5.00   5.00   5.00   5.00   5.00   5.00   5.00   5.00   5.00   5.00   5.00   5.00   5.00   5.00   5.00   5.00   5.00   5.00   
0.02   0.02   0.02   0.02   0.02   0.02   0.02   0.02   0.02   0.02   0.02   0.57   0.07   0.07   0.07   0.07   0.02   0.10   0.02   0.02   0.02   0.02   0.09   0.02   0.72   0.02   0.02   0.02   0.02   0.02   0.19   0.10   0.02   0.02   0.40   0.75   0.02   0.07   0.82   0.81   0.02   0.02   0.02   0.07   0.06   0.49   0.07   0.75   0.72   0.10   0.06   0.02   0.22   0.19   0.02   0.27   0.10   0.59   0.57   0.61   0.21   0.46   0.17   0.15   0.06   0.85   0.52   0.02   0.67   0.44   0.36   0.30   0.21   0.94   0.63   0.78   0.02   0.89   
0.02   0.02   0.02   0.02   0.02   0.02   0.02   0.02   0.02   0.02   0.02   0.57   0.07   0.07   0.07   0.07   0.02   0.10   0.02   0.02   0.02   0.02   0.09   0.02   0.72   0.02   0.02   0.02   0.02   0.02   0.19   0.10   0.02   0.02   0.40   0.75   0.02   0.07   0.82   0.81   0.02   0.02   0.02   0.07   0.06   0.49   0.07   0.75   0.72   0.10   0.06   0.02   0.22   0.19   0.02   0.27   0.10   0.59   0.57   0.61   0.21   0.46   0.17   0.15   0.06   0.85   0.52   0.02   0.67   0.44   0.36   0.30   0.21   0.94   0.63   0.78   0.02   0.89   
0.50   0.50   0.50   0.50   0.37   0.50   0.50   0.50   0.50   0.50   0.50   0.65   0.50   0.50   0.50   0.50   0.45   0.50   0.50   0.86   0.67   0.50   0.40   0.50   0.50   0.50   0.50   0.50   0.50   0.50   0.50   0.49   0.50   0.50   0.79   0.50   0.50   0.50   0.89   0.50   0.50   0.50   0.50   0.50   0.50   0.50   0.16   0.50   0.91   0.50   0.50   0.50   0.93   0.50   0.50   0.98   0.50   0.19   0.50   0.50   0.57   0.74   0.50   0.78   0.50   0.90   0.50   0.62   0.13   0.50   0.50   0.50   0.50   0.50   0.44   0.40   0.49   0.50   
0.03   0.03   0.03   0.03   0.01   0.02   0.03   0.03   0.03   0.03   0.03   0.81   0.03   0.03   0.03   0.03   0.01   0.03   0.03   0.10   0.04   0.03   0.04   0.03   0.83   0.03   0.03   0.03   0.03   0.03   0.03   0.06   0.03   0.02   0.79   0.98   0.03   0.03   0.98   0.98   0.03   0.03   0.03   0.03   0.03   0.80   0.01   0.98   0.98   0.03   0.03   0.03   0.89   0.03   0.03   0.97   0.03   0.21   0.98   0.98   0.19   0.77   0.78   0.58   0.03   0.98   0.98   0.03   0.16   0.83   0.78   0.61   0.80   0.98   0.65   0.76   0.02   0.84   

5.00   5.00   5.00   5.00   5.00   5.00   5.00   5.00   5.00   5.00   5.00   5.00   5.00   5.00   5.00   5.00   5.00   5.00   5.00   5.00   5.00   5.00   5.00   5.00   5.00   5.00   5.00   5.00   5.00   5.00   5.00   5.00   5.00   5.00   5.00   5.00   5.00   5.00   5.00   5.00   5.00   5.00   5.00   5.00   5.00   5.00   5.00   5.00   5.00   5.00   5.00   5.00   5.00   5.00   5.00   5.00   5.00   5.00   5.00   5.00   5.00   5.00   5.00   5.00   5.00   5.00   5.00   5.00   5.00   5.00   5.00   5.00   5.00   5.00   5.00   5.00   5.00   5.00   
0.02   0.02   0.02   0.02   0.17   0.17   0.02   0.01   0.02   0.02   0.01   0.69   0.04   0.04   0.04   0.04   0.17   0.09   0.02   0.17   0.01   0.02   0.06   0.01   0.78   0.02   0.02   0.02   0.01   0.02   0.15   0.24   0.01   0.02   0.56   0.85   0.02   0.04   0.87   0.87   0.02   0.02   0.01   0.04   0.03   0.64   0.04   0.85   0.78   0.24   0.03   0.02   0.17   0.15   0.01   0.22   0.09   0.68   0.68   0.68   0.37   0.59   0.30   0.28   0.03   0.90   0.64   0.17   0.77   0.57   0.49   0.44   0.37   0.96   0.75   0.85   0.02   0.92   
0.02   0.02   0.02   0.02   0.17   0.17   0.02   0.01   0.02   0.02   0.01   0.69   0.04   0.04   0.04   0.04   0.17   0.09   0.02   0.17   0.01   0.02   0.06   0.01   0.78   0.02   0.02   0.02   0.01   0.02   0.15   0.24   0.01   0.02   0.56   0.85   0.02   0.04   0.87   0.87   0.02   0.02   0.01   0.04   0.03   0.64   0.04   0.85   0.78   0.24   0.03   0.02   0.17   0.15   0.01   0.22   0.09   0.68   0.68   0.68   0.37   0.59   0.30   0.28   0.03   0.90   0.64   0.17   0.77   0.57   0.49   0.44   0.37   0.96   0.75   0.85   0.02   0.92   
0.50   0.50   0.50   0.50   0.40   0.53   0.50   0.50   0.50   0.50   0.50   0.67   0.50   0.50   0.50   0.50   0.48   0.50   0.50   0.85   0.68   0.50   0.43   0.50   0.50   0.50   0.50   0.50   0.50   0.50   0.50   0.52   0.50   0.50   0.79   0.50   0.50   0.50   0.89   0.50   0.50   0.50   0.50   0.50   0.50   0.50   0.19   0.50   0.90   0.50   0.50   0.50   0.92   0.50   0.50   0.98   0.50   0.23   0.50   0.50   0.59   0.74   0.50   0.78   0.50   0.89   0.50   0.63   0.16   0.50   0.50   0.50   0.50   0.50   0.47   0.43   0.52   0.50   
0.03   0.03   0.03   0.03   0.02   0.03   0.03   0.03   0.03   0.03   0.02   0.84   0.03   0.03   0.03   0.03   0.03   0.03   0.03   0.16   0.02   0.03   0.03   0.03   0.83   0.03   0.03   0.03   0.03   0.03   0.03   0.08   0.03   0.02   0.82   0.98   0.03   0.03   0.99   0.98   0.03   0.03   0.03   0.03   0.03   0.81   0.01   0.98   0.98   0.03   0.03   0.03   0.87   0.03   0.03   0.96   0.03   0.28   0.98   0.98   0.23   0.81   0.79   0.61   0.03   0.99   0.98   0.05   0.22   0.83   0.79   0.62   0.81   0.98   0.72   0.81   0.01   0.85   

5.00   5.00   5.00   5.00   5.00   5.00   5.00   5.00   5.00   5.00   5.00   5.00   5.00   5.00   5.00   5.00   5.00   5.00   5.00   5.00   5.00   5.00   5.00   5.00   5.00   5.00   5.00   5.00   5.00   5.00   5.00   5.00   5.00   5.00   5.00   5.00   5.00   5.00   5.00   5.00   5.00   5.00   5.00   5.00   5.00   5.00   5.00   5.00   5.00   5.00   5.00   5.00   5.00   5.00   5.00   5.00   5.00   5.00   5.00   5.00   5.00   5.00   5.00   5.00   5.00   5.00   5.00   5.00   5.00   5.00   5.00   5.00   5.00   5.00   5.00   5.00   5.00   5.00   
0.02   0.02   0.02   0.02   0.14   0.27   0.02   0.01   0.02   0.02   0.01   0.59   0.04   0.04   0.04   0.04   0.14   0.07   0.02   0.14   0.01   0.02   0.06   0.01   0.81   0.02   0.02   0.02   0.01   0.02   0.12   0.21   0.01   0.02   0.62   0.75   0.02   0.04   0.89   0.77   0.02   0.02   0.01   0.04   0.02   0.69   0.04   0.87   0.81   0.35   0.13   0.13   0.13   0.12   0.01   0.18   0.19   0.73   0.74   0.74   0.46   0.65   0.25   0.23   0.02   0.92   0.69   0.14   0.81   0.48   0.55   0.37   0.32   0.96   0.78   0.88   0.13   0.94   
0.02   0.02   0.02   0.02   0.14   0.27   0.02   0.01   0.02   0.02   0.01   0.59   0.04   0.04   0.04   0.04   0.14   0.07   0.02   0.14   0.01   0.02   0.06   0.01   0.81   0.02   0.02   0.02   0.01   0.02   0.12   0.21   0.01   0.02   0.62   0.75   0.02   0.04   0.89   0.77   0.02   0.02   0.01   0.04   0.02   0.69   0.04   0.87   0.81   0.35   0.13   0.13   0.13   0.12   0.01   0.18   0.19   0.73   0.74   0.74   0.46   0.65   0.25   0.23   0.02   0.92   0.69   0.14   0.81   0.48   0.55   0.37   0.32   0.96   0.78   0.88   0.13   0.94   
0.50   0.50   0.50   0.50   0.43   0.57   0.50   0.50   0.50   0.50   0.50   0.72   0.50   0.50   0.50   0.50   0.52   0.50   0.50   0.89   0.73   0.50   0.47   0.50   0.50   0.50   0.50   0.50   0.50   0.50   0.50   0.56   0.50   0.50   0.84   0.50   0.50   0.50   0.92   0.50   0.50   0.50   0.50   0.50   0.50   0.50   0.20   0.50   0.93   0.50   0.50   0.50   0.95   0.50   0.50   0.99   0.50   0.24   0.50   0.50   0.64   0.79   0.50   0.83   0.50   0.92   0.50   0.68   0.16   0.50   0.50   0.50   0.50   0.50   0.51   0.47   0.57   0.50   
0.54   0.54   0.03   0.03   0.04   0.22   0.54   0.05   0.54   0.03   0.04   0.84   0.54   0.04   0.04   0.03   0.05   0.04   0.54   0.64   0.04   0.54   0.05   0.05   0.88   0.03   0.54   0.54   0.54   0.54   0.54   0.13   0.54   0.02   0.91   0.98   0.03   0.54   0.99   0.98   0.54   0.54   0.05   0.54   0.54   0.87   0.01   0.98   0.99   0.03   0.54   0.54   0.89   0.54   0.54   0.97   0.04   0.41   0.98   0.98   0.48   0.90   0.86   0.66   0.05   0.99   0.98   0.09   0.30   0.88   0.86   0.71   0.87   0.98   0.81   0.88   0.15   0.89   

5.00   5.00   5.00   5.00   5.00   5.00   5.00   5.00   5.00   5.00   5.00   5.00   5.00   5.00   5.00   5.00   5.00   5.00   5.00   5.00   5.00   5.00   5.00   5.00   5.00   5.00   5.00   5.00   5.00   5.00   5.00   5.00   5.00   5.00   5.00   5.00   5.00   5.00   5.00   5.00   5.00   5.00   5.00   5.00   5.00   5.00   5.00   5.00   5.00   5.00   5.00   5.00   5.00   5.00   5.00   5.00   5.00   5.00   5.00   5.00   5.00   5.00   5.00   5.00   5.00   5.00   5.00   5.00   5.00   5.00   5.00   5.00   5.00   5.00   5.00   5.00   5.00   5.00   
0.02   0.02   0.02   0.02   0.13   0.26   0.02   0.01   0.02   0.02   0.01   0.52   0.03   0.03   0.03   0.03   0.22   0.06   0.02   0.22   0.01   0.02   0.13   0.01   0.83   0.02   0.02   0.02   0.01   0.02   0.10   0.18   0.01   0.02   0.67   0.67   0.02   0.03   0.91   0.69   0.02   0.02   0.08   0.03   0.02   0.73   0.03   0.89   0.74   0.43   0.14   0.22   0.11   0.10   0.01   0.25   0.28   0.75   0.77   0.77   0.42   0.59   0.22   0.20   0.02   0.85   0.62   0.13   0.83   0.43   0.60   0.43   0.38   0.97   0.80   0.89   0.22   0.94   
0.02   0.02   0.02   0.02   0.13   0.26   0.02   0.01   0.02   0.02   0.01   0.52   0.03   0.03   0.03   0.03   0.22   0.06   0.02   0.22   0.01   0.02   0.13   0.01   0.83   0.02   0.02   0.02   0.01   0.02   0.10   0.18   0.01   0.02   0.67   0.67   0.02   0.03   0.91   0.69   0.02   0.02   0.08   0.03   0.02   0.73   0.03   0.89   0.74   0.43   0.14   0.22   0.11   0.10   0.01   0.25   0.28   0.75   0.77   0.77   0.42   0.59   0.22   0.20   0.02   0.85   0.62   0.13   0.83   0.43   0.60   0.43   0.38   0.97   0.80   0.89   0.22   0.94   
0.50   0.50   0.50   0.50   0.32   0.53   0.50   0.50   0.50   0.50   0.50   0.78   0.50   0.50   0.50   0.50   0.44   0.50   0.50   0.86   0.65   0.50   0.43   0.50   0.50   0.50   0.50   0.50   0.50   0.50   0.50   0.56   0.50   0.50   0.81   0.50   0.50   0.50   0.93   0.50   0.50   0.50   0.50   0.50   0.50   0.50   0.13   0.50   0.92   0.50   0.50   0.50   0.93   0.50   0.50   0.98   0.50   0.22   0.50   0.50   0.62   0.80   0.50   0.78   0.50   0.50   0.50   0.69   0.17   0.50   0.50   0.50   0.50   0.50   0.50   0.45   0.50   0.50   
0.54   0.54   0.03   0.03   0.02   0.17   0.54   0.06   0.54   0.03   0.05   0.87   0.54   0.04   0.04   0.03   0.08   0.04   0.54   0.66   0.03   0.54   0.08   0.06   0.88   0.03   0.54   0.54   0.54   0.54   0.54   0.10   0.54   0.02   0.91   0.98   0.03   0.54   0.99   0.98   0.54   0.54   0.06   0.54   0.54   0.88   0.00   0.98   0.99   0.03   0.54   0.54   0.83   0.54   0.54   0.98   0.04   0.42   0.98   0.98   0.43   0.89   0.86   0.54   0.06   0.94   0.98   0.08   0.36   0.88   0.86   0.71   0.88   0.98   0.83   0.88   0.18   0.90   

5.00   5.00   5.00   5.00   5.00   5.00   5.00   5.00   5.00   5.00   5.00   5.00   5.00   5.00   5.00   5.00   5.00   5.00   5.00   5.00   5.00   5.00   5.00   5.00   5.00   5.00   5.00   5.00   5.00   5.00   5.00   5.00   5.00   5.00   5.00   5.00   5.00   5.00   5.00   5.00   5.00   5.00   5.00   5.00   5.00   5.00   5.00   5.00   5.00   5.00   5.00   5.00   5.00   5.00   5.00   5.00   5.00   5.00   5.00   5.00   5.00   5.00   5.00   5.00   5.00   5.00   5.00   5.00   5.00   5.00   5.00   5.00   5.00   5.00   5.00   5.00   5.00   5.00   
0.02   0.11   0.02   0.02   0.11   0.22   0.02   0.01   0.02   0.02   0.01   0.59   0.03   0.03   0.03   0.03   0.19   0.06   0.02   0.19   0.01   0.02   0.11   0.01   0.85   0.02   0.02   0.02   0.01   0.02   0.09   0.27   0.01   0.02   0.70   0.73   0.02   0.03   0.91   0.74   0.02   0.02   0.07   0.03   0.02   0.75   0.03   0.90   0.78   0.36   0.11   0.18   0.11   0.09   0.01   0.23   0.23   0.78   0.69   0.78   0.36   0.51   0.31   0.29   0.02   0.87   0.55   0.11   0.75   0.40   0.55   0.39   0.33   0.97   0.83   0.81   0.18   0.87   
0.02   0.11   0.02   0.02   0.11   0.22   0.02   0.01   0.02   0.02   0.01   0.59   0.03   0.03   0.03   0.03   0.19   0.06   0.02   0.19   0.01   0.02   0.11   0.01   0.85   0.02   0.02   0.02   0.01   0.02   0.09   0.27   0.01   0.02   0.70   0.73   0.02   0.03   0.91   0.74   0.02   0.02   0.07   0.03   0.02   0.75   0.03   0.90   0.78   0.36   0.11   0.18   0.11   0.09   0.01   0.23   0.23   0.78   0.69   0.78   0.36   0.51   0.31   0.29   0.02   0.87   0.55   0.11   0.75   0.40   0.55   0.39   0.33   0.97   0.83   0.81   0.18   0.87   
0.50   0.50   0.50   0.50   0.40   0.60   0.50   0.50   0.50   0.50   0.50   0.75   0.50   0.50   0.50   0.50   0.44   0.50   0.50   0.88   0.66   0.50   0.49   0.50   0.50   0.50   0.50   0.50   0.50   0.50   0.50   0.63   0.50   0.50   0.80   0.50   0.50   0.50   0.50   0.50   0.50   0.50   0.50   0.50   0.50   0.50   0.50   0.50   0.96   0.50   0.50   0.50   0.92   0.50   0.50   0.99   0.50   0.21   0.50   0.50   0.69   0.77   0.50   0.72   0.50   0.50   0.50   0.81   0.19   0.50   0.50   0.50   0.50   0.50   0.59   0.51   0.49   0.50   
0.03   0.03   0.04   0.04   0.02   0.15   0.03   0.02   0.03   0.04   0.02   0.86   0.03   0.03   0.03   0.04   0.05   0.03   0.03   0.61   0.01   0.03   0.05   0.03   0.84   0.03   0.03   0.03   0.03   0.03   0.03   0.24   0.03   0.03   0.91   0.98   0.03   0.03   0.93   0.98   0.03   0.03   0.02   0.03   0.03   0.84   0.02   0.98   0.99   0.04   0.03   0.03   0.76   0.03   0.03   0.97   0.03   0.40   0.98   0.98   0.41   0.82   0.79   0.55   0.02   0.93   0.98   0.11   0.29   0.84   0.79   0.65   0.84   0.98   0.88   0.83   0.11   0.87   

5.00   5.00   5.00   5.00   5.00   5.00   5.00   5.00   5.00   5.00   5.00   5.00   5.00   5.00   5.00   5.00   5.00   5.00   5.00   5.00   5.00   5.00   5.00   5.00   5.00   5.00   5.00   5.00   5.00   5.00   5.00   5.00   5.00   5.00   5.00   5.00   5.00   5.00   5.00   5.00   5.00   5.00   5.00   5.00   5.00   5.00   5.00   5.00   5.00   5.00   5.00   5.00   5.00   5.00   5.00   5.00   5.00   5.00   5.00   5.00   5.00   5.00   5.00   5.00   5.00   5.00   5.00   5.00   5.00   5.00   5.00   5.00   5.00   5.00   5.00   5.00   5.00   5.00   
0.02   0.11   0.02   0.02   0.11   0.22   0.02   0.01   0.02   0.02   0.01   0.59   0.03   0.03   0.03   0.03   0.19   0.06   0.02   0.19   0.01   0.02   0.11   0.01   0.85   0.02   0.02   0.02   0.01   0.02   0.09   0.27   0.01   0.02   0.70   0.73   0.02   0.03   0.91   0.74   0.02   0.02   0.07   0.03   0.02   0.75   0.03   0.90   0.78   0.36   0.11   0.18   0.11   0.09   0.01   0.23   0.23   0.78   0.69   0.79   0.36   0.52   0.31   0.29   0.02   0.87   0.55   0.11   0.75   0.40   0.55   0.39   0.33   0.97   0.83   0.81   0.18   0.87   
0.02   0.11   0.02   0.02   0.11   0.22   0.02   0.01   0.02   0.02   0.01   0.59   0.03   0.03   0.03   0.03   0.19   0.06   0.02   0.19   0.01   0.02   0.11   0.01   0.85   0.02   0.02   0.02   0.01   0.02   0.09   0.27   0.01   0.02   0.70   0.73   0.02   0.03   0.91   0.74   0.02   0.02   0.07   0.03   0.02   0.75   0.03   0.90   0.78   0.36   0.11   0.18   0.11   0.09   0.01   0.23   0.23   0.78   0.69   0.79   0.36   0.52   0.31   0.29   0.02   0.87   0.55   0.11   0.75   0.40   0.55   0.39   0.33   0.97   0.83   0.81   0.18   0.87   
0.50   0.50   0.50   0.50   0.37   0.59   0.50   0.50   0.50   0.50   0.50   0.75   0.50   0.50   0.50   0.50   0.42   0.50   0.50   0.89   0.65   0.50   0.47   0.50   0.50   0.50   0.50   0.50   0.50   0.50   0.50   0.62   0.50   0.50   0.80   0.50   0.50   0.50   0.50   0.50   0.50   0.50   0.50   0.50   0.50   0.50   0.50   0.50   0.96   0.50   0.50   0.50   0.92   0.50   0.50   0.99   0.50   0.18   0.50   0.50   0.69   0.77   0.50   0.71   0.50   0.50   0.50   0.82   0.16   0.50   0.50   0.50   0.50   0.50   0.58   0.50   0.47   0.50   
0.03   0.03   0.04   0.04   0.02   0.14   0.03   0.02   0.03   0.04   0.02   0.86   0.03   0.03   0.03   0.04   0.04   0.03   0.03   0.61   0.01   0.03   0.04   0.02   0.83   0.04   0.03   0.03   0.03   0.03   0.03   0.21   0.03   0.03   0.91   0.98   0.04   0.03   0.93   0.98   0.03   0.03   0.02   0.03   0.03   0.84   0.02   0.98   0.99   0.04   0.03   0.03   0.78   0.03   0.03   0.98   0.03   0.35   0.98   0.98   0.58   0.83   0.78   0.53   0.02   0.93   0.98   0.11   0.25   0.83   0.78   0.64   0.84   0.98   0.87   0.83   0.10   0.87   

5.00   5.00   5.00   5.00   5.00   5.00   5.00   5.00   5.00   5.00   5.00   5.00   5.00   5.00   5.00   5.00   5.00   5.00   5.00   5.00   5.00   5.00   5.00   5.00   5.00   5.00   5.00   5.00   5.00   5.00   5.00   5.00   5.00   5.00   5.00   5.00   5.00   5.00   5.00   5.00   5.00   5.00   5.00   5.00   5.00   5.00   5.00   5.00   5.00   5.00   5.00   5.00   5.00   5.00   5.00   5.00   5.00   5.00   5.00   5.00   5.00   5.00   5.00   5.00   5.00   5.00   5.00   5.00   5.00   5.00   5.00   5.00   5.00   5.00   5.00   5.00   5.00   5.00   
0.02   0.20   0.02   0.02   0.10   0.19   0.02   0.01   0.02   0.02   0.09   0.63   0.02   0.02   0.02   0.02   0.16   0.05   0.02   0.16   0.01   0.02   0.10   0.01   0.87   0.02   0.02   0.02   0.01   0.02   0.08   0.25   0.01   0.02   0.73   0.76   0.02   0.02   0.92   0.68   0.02   0.02   0.06   0.02   0.02   0.78   0.02   0.91   0.81   0.31   0.09   0.15   0.09   0.08   0.01   0.30   0.20   0.81   0.61   0.72   0.31   0.45   0.29   0.27   0.02   0.89   0.48   0.10   0.68   0.36   0.49   0.35   0.28   0.91   0.84   0.80   0.15   0.79   
0.02   0.20   0.02   0.02   0.10   0.19   0.02   0.01   0.02   0.02   0.09   0.63   0.02   0.02   0.02   0.02   0.16   0.05   0.02   0.16   0.01   0.02   0.10   0.01   0.87   0.02   0.02   0.02   0.01   0.02   0.08   0.25   0.01   0.02   0.73   0.76   0.02   0.02   0.92   0.68   0.02   0.02   0.06   0.02   0.02   0.78   0.02   0.91   0.81   0.31   0.09   0.15   0.09   0.08   0.01   0.30   0.20   0.81   0.61   0.72   0.31   0.45   0.29   0.27   0.02   0.89   0.48   0.10   0.68   0.36   0.49   0.35   0.28   0.91   0.84   0.80   0.15   0.79   
0.50   0.50   0.50   0.50   0.42   0.60   0.50   0.50   0.50   0.50   0.50   0.80   0.50   0.50   0.50   0.50   0.41   0.50   0.50   0.93   0.63   0.50   0.46   0.50   0.50   0.50   0.50   0.50   0.50   0.50   0.50   0.62   0.50   0.50   0.79   0.50   0.50   0.50   0.50   0.50   0.50   0.50   0.50   0.50   0.50   0.50   0.50   0.50   0.50   0.50   0.50   0.50   0.95   0.50   0.50   0.99   0.50   0.30   0.50   0.50   0.70   0.79   0.50   0.74   0.50   0.50   0.50   0.79   0.32   0.50   0.50   0.50   0.50   0.50   0.61   0.49   0.57   0.50   
0.03   0.03   0.04   0.04   0.02   0.13   0.03   0.02   0.03   0.04   0.02   0.92   0.03   0.03   0.03   0.04   0.04   0.03   0.03   0.71   0.01   0.03   0.04   0.02   0.86   0.03   0.03   0.03   0.03   0.03   0.03   0.19   0.03   0.03   0.93   0.98   0.03   0.03   0.94   0.98   0.03   0.03   0.02   0.03   0.03   0.86   0.02   0.98   0.89   0.04   0.03   0.03   0.82   0.03   0.03   0.99   0.03   0.74   0.98   0.98   0.37   0.79   0.82   0.51   0.02   0.94   0.98   0.09   0.51   0.86   0.82   0.68   0.86   0.98   0.91   0.84   0.13   0.88   

5.00   5.00   5.00   5.00   5.00   5.00   5.00   5.00   5.00   5.00   5.00   5.00   5.00   5.00   5.00   5.00   5.00   5.00   5.00   5.00   5.00   5.00   5.00   5.00   5.00   5.00   5.00   5.00   5.00   5.00   5.00   5.00   5.00   5.00   5.00   5.00   5.00   5.00   5.00   5.00   5.00   5.00   5.00   5.00   5.00   5.00   5.00   5.00   5.00   5.00   5.00   5.00   5.00   5.00   5.00   5.00   5.00   5.00   5.00   5.00   5.00   5.00   5.00   5.00   5.00   5.00   5.00   5.00   5.00   5.00   5.00   5.00   5.00   5.00   5.00   5.00   5.00   5.00   
0.01   0.19   0.01   0.01   0.09   0.17   0.03   0.01   0.01   0.01   0.09   0.62   0.02   0.02   0.02   0.02   0.15   0.05   0.01   0.15   0.03   0.01   0.10   0.01   0.86   0.01   0.01   0.01   0.01   0.01   0.10   0.24   0.01   0.01   0.71   0.74   0.01   0.02   0.90   0.69   0.03   0.01   0.06   0.02   0.02   0.78   0.02   0.90   0.82   0.30   0.09   0.15   0.09   0.10   0.01   0.29   0.19   0.79   0.59   0.69   0.29   0.43   0.28   0.26   0.02   0.88   0.46   0.09   0.65   0.35   0.47   0.37   0.27   0.89   0.82   0.79   0.15   0.77   
0.01   0.19   0.01   0.01   0.09   0.17   0.03   0.01   0.01   0.01   0.09   0.62   0.02   0.02   0.02   0.02   0.15   0.05   0.01   0.15   0.03   0.01   0.10   0.01   0.86   0.01   0.01   0.01   0.01   0.01   0.10   0.24   0.01   0.01   0.71   0.74   0.01   0.02   0.90   0.69   0.03   0.01   0.06   0.02   0.02   0.78   0.02   0.90   0.82   0.30   0.09   0.15   0.09   0.10   0.01   0.29   0.19   0.79   0.59   0.69   0.29   0.43   0.28   0.26   0.02   0.88   0.46   0.09   0.65   0.35   0.47   0.37   0.27   0.89   0.82   0.79   0.15   0.77   
0.50   0.50   0.50   0.50   0.37   0.56   0.50   0.50   0.50   0.50   0.50   0.78   0.50   0.50   0.50   0.50   0.36   0.50   0.50   0.93   0.59   0.50   0.41   0.50   0.50   0.50   0.50   0.50   0.50   0.50   0.50   0.58   0.50   0.50   0.78   0.50   0.50   0.50   0.50   0.50   0.50   0.50   0.50   0.50   0.50   0.50   0.50   0.50   0.50   0.50   0.50   0.50   0.95   0.50   0.50   0.99   0.50   0.24   0.50   0.50   0.67   0.77   0.50   0.71   0.50   0.50   0.50   0.78   0.27   0.50   0.50   0.50   0.50   0.50   0.57   0.43   0.53   0.50   
0.55   0.55   0.03   0.03   0.02   0.13   0.55   0.06   0.55   0.03   0.05   0.91   0.55   0.04   0.04   0.03   0.04   0.04   0.55   0.73   0.05   0.55   0.06   0.07   0.89   0.03   0.55   0.55   0.55   0.55   0.55   0.20   0.55   0.02   0.92   0.98   0.03   0.55   0.93   0.98   0.55   0.55   0.06   0.55   0.55   0.88   0.02   0.98   0.89   0.03   0.55   0.55   0.84   0.55   0.55   0.99   0.04   0.68   0.98   0.98   0.36   0.78   0.87   0.50   0.06   0.94   0.98   0.10   0.31   0.89   0.87   0.73   0.88   0.98   0.89   0.80   0.12   0.90   

5.00   5.00   5.00   5.00   5.00   5.00   5.00   5.00   5.00   5.00   5.00   5.00   5.00   5.00   5.00   5.00   5.00   5.00   5.00   5.00   5.00   5.00   5.00   5.00   5.00   5.00   5.00   5.00   5.00   5.00   5.00   5.00   5.00   5.00   5.00   5.00   5.00   5.00   5.00   5.00   5.00   5.00   5.00   5.00   5.00   5.00   5.00   5.00   5.00   5.00   5.00   5.00   5.00   5.00   5.00   5.00   5.00   5.00   5.00   5.00   5.00   5.00   5.00   5.00   5.00   5.00   5.00   5.00   5.00   5.00   5.00   5.00   5.00   5.00   5.00   5.00   5.00   5.00   
0.02   0.20   0.01   0.02   0.10   0.17   0.04   0.01   0.01   0.01   0.08   0.61   0.03   0.02   0.03   0.02   0.16   0.06   0.01   0.16   0.02   0.01   0.09   0.01   0.84   0.01   0.01   0.01   0.01   0.02   0.11   0.26   0.01   0.02   0.70   0.75   0.02   0.03   0.91   0.71   0.04   0.02   0.05   0.02   0.02   0.79   0.03   0.90   0.82   0.31   0.08   0.15   0.10   0.09   0.01   0.30   0.20   0.78   0.60   0.71   0.31   0.45   0.29   0.27   0.02   0.88   0.48   0.10   0.67   0.37   0.48   0.36   0.26   0.90   0.83   0.79   0.15   0.79   
0.02   0.20   0.01   0.02   0.10   0.17   0.04   0.01   0.01   0.01   0.08   0.61   0.03   0.02   0.03   0.02   0.16   0.06   0.01   0.16   0.02   0.01   0.09   0.01   0.84   0.01   0.01   0.01   0.01   0.02   0.11   0.26   0.01   0.02   0.70   0.75   0.02   0.03   0.91   0.71   0.04   0.02   0.05   0.02   0.02   0.79   0.03   0.90   0.82   0.31   0.08   0.15   0.10   0.09   0.01   0.30   0.20   0.78   0.60   0.71   0.31   0.45   0.29   0.27   0.02   0.88   0.48   0.10   0.67   0.37   0.48   0.36   0.26   0.90   0.83   0.79   0.15   0.79   
0.50   0.50   0.50   0.50   0.41   0.60   0.50   0.50   0.50   0.50   0.50   0.80   0.50   0.50   0.50   0.50   0.40   0.50   0.50   0.94   0.63   0.50   0.45   0.50   0.50   0.50   0.50   0.50   0.50   0.50   0.50   0.62   0.50   0.50   0.80   0.50   0.50   0.50   0.50   0.50   0.50   0.50   0.50   0.50   0.50   0.50   0.50   0.50   0.50   0.50   0.50   0.50   0.95   0.50   0.50   0.99   0.50   0.28   0.50   0.50   0.70   0.80   0.50   0.74   0.50   0.50   0.50   0.80   0.30   0.50   0.50   0.50   0.50   0.50   0.60   0.47   0.57   0.50   
0.55   0.55   0.03   0.03   0.02   0.19   0.55   0.08   0.55   0.03   0.07   0.92   0.55   0.04   0.04   0.03   0.04   0.04   0.55   0.72   0.13   0.55   0.10   0.09   0.89   0.03   0.55   0.55   0.55   0.55   0.55   0.20   0.55   0.02   0.93   0.98   0.03   0.55   0.93   0.98   0.55   0.55   0.08   0.55   0.55   0.88   0.02   0.98   0.89   0.03   0.55   0.55   0.83   0.55   0.55   0.99   0.04   0.73   0.98   0.98   0.35   0.77   0.87   0.50   0.08   0.94   0.98   0.09   0.31   0.89   0.87   0.73   0.88   0.98   0.88   0.79   0.13   0.90   

5.00   5.00   5.00   5.00   5.00   5.00   5.00   5.00   5.00   5.00   5.00   5.00   5.00   5.00   5.00   5.00   5.00   5.00   5.00   5.00   5.00   5.00   5.00   5.00   5.00   5.00   5.00   5.00   5.00   5.00   5.00   5.00   5.00   5.00   5.00   5.00   5.00   5.00   5.00   5.00   5.00   5.00   5.00   5.00   5.00   5.00   5.00   5.00   5.00   5.00   5.00   5.00   5.00   5.00   5.00   5.00   5.00   5.00   5.00   5.00   5.00   5.00   5.00   5.00   5.00   5.00   5.00   5.00   5.00   5.00   5.00   5.00   5.00   5.00   5.00   5.00   5.00   5.00   
0.01   0.18   0.01   0.01   0.14   0.21   0.03   0.01   0.04   0.01   0.11   0.65   0.02   0.05   0.06   0.01   0.14   0.04   0.01   0.14   0.01   0.01   0.07   0.01   0.86   0.04   0.01   0.01   0.01   0.01   0.15   0.30   0.04   0.01   0.73   0.71   0.01   0.06   0.92   0.74   0.07   0.01   0.04   0.05   0.02   0.81   0.02   0.91   0.84   0.35   0.08   0.19   0.14   0.13   0.01   0.34   0.18   0.80   0.64   0.73   0.36   0.50   0.33   0.32   0.05   0.89   0.53   0.09   0.70   0.41   0.53   0.40   0.31   0.92   0.85   0.81   0.19   0.81   
0.01   0.18   0.01   0.01   0.14   0.21   0.03   0.01   0.04   0.01   0.11   0.65   0.02   0.05   0.06   0.01   0.14   0.04   0.01   0.14   0.01   0.01   0.07   0.01   0.86   0.04   0.01   0.01   0.01   0.01   0.15   0.30   0.04   0.01   0.73   0.71   0.01   0.06   0.92   0.74   0.07   0.01   0.04   0.05   0.02   0.81   0.02   0.91   0.84   0.35   0.08   0.19   0.14   0.13   0.01   0.34   0.18   0.80   0.64   0.73   0.36   0.50   0.33   0.32   0.05   0.89   0.53   0.09   0.70   0.41   0.53   0.40   0.31   0.92   0.85   0.81   0.19   0.81   
0.50   0.50   0.50   0.50   0.40   0.60   0.50   0.50   0.50   0.50   0.50   0.81   0.50   0.50   0.50   0.50   0.39   0.50   0.50   0.94   0.64   0.50   0.44   0.50   0.50   0.50   0.50   0.50   0.50   0.50   0.50   0.62   0.50   0.50   0.81   0.50   0.50   0.50   0.50   0.50   0.50   0.50   0.50   0.50   0.50   0.50   0.50   0.50   0.50   0.50   0.50   0.50   0.96   0.50   0.50   0.99   0.50   0.26   0.50   0.50   0.71   0.81   0.50   0.75   0.50   0.50   0.50   0.81   0.29   0.50   0.50   0.50   0.50   0.50   0.61   0.47   0.57   0.50   
0.55   0.55   0.03   0.03   0.04   0.24   0.55   0.06   0.55   0.03   0.05   0.94   0.55   0.04   0.04   0.03   0.03   0.04   0.55   0.72   0.08   0.55   0.07   0.07   0.89   0.03   0.55   0.55   0.55   0.55   0.55   0.26   0.55   0.02   0.94   0.98   0.03   0.55   0.94   0.98   0.55   0.55   0.06   0.55   0.55   0.88   0.02   0.98   0.90   0.03   0.55   0.55   0.88   0.55   0.55   0.99   0.04   0.74   0.98   0.98   0.44   0.82   0.87   0.57   0.06   0.94   0.98   0.09   0.34   0.89   0.87   0.73   0.88   0.98   0.90   0.82   0.17   0.90   

5.00   5.00   5.00   5.00   5.00   5.00   5.00   5.00   5.00   5.00   5.00   5.00   5.00   5.00   5.00   5.00   5.00   5.00   5.00   5.00   5.00   5.00   5.00   5.00   5.00   5.00   5.00   5.00   5.00   5.00   5.00   5.00   5.00   5.00   5.00   5.00   5.00   5.00   5.00   5.00   5.00   5.00   5.00   5.00   5.00   5.00   5.00   5.00   5.00   5.00   5.00   5.00   5.00   5.00   5.00   5.00   5.00   5.00   5.00   5.00   5.00   5.00   5.00   5.00   5.00   5.00   5.00   5.00   5.00   5.00   5.00   5.00   5.00   5.00   5.00   5.00   5.00   5.00   
0.01   0.15   0.01   0.01   0.13   0.19   0.03   0.01   0.04   0.01   0.09   0.67   0.02   0.04   0.06   0.01   0.13   0.04   0.01   0.13   0.01   0.01   0.07   0.01   0.86   0.04   0.01   0.01   0.01   0.01   0.14   0.26   0.04   0.01   0.66   0.73   0.01   0.06   0.85   0.77   0.06   0.01   0.04   0.04   0.02   0.82   0.02   0.84   0.77   0.32   0.07   0.27   0.21   0.12   0.01   0.30   0.25   0.80   0.68   0.77   0.43   0.56   0.30   0.37   0.05   0.90   0.59   0.08   0.73   0.46   0.48   0.35   0.38   0.93   0.86   0.84   0.27   0.83   
0.01   0.15   0.01   0.01   0.13   0.19   0.03   0.01   0.04   0.01   0.09   0.67   0.02   0.04   0.06   0.01   0.13   0.04   0.01   0.13   0.01   0.01   0.07   0.01   0.86   0.04   0.01   0.01   0.01   0.01   0.14   0.26   0.04   0.01   0.66   0.73   0.01   0.06   0.85   0.77   0.06   0.01   0.04   0.04   0.02   0.82   0.02   0.84   0.77   0.32   0.07   0.27   0.21   0.12   0.01   0.30   0.25   0.80   0.68   0.77   0.43   0.56   0.30   0.37   0.05   0.90   0.59   0.08   0.73   0.46   0.48   0.35   0.38   0.93   0.86   0.84   0.27   0.83   
0.50   0.50   0.50   0.50   0.38   0.57   0.50   0.50   0.50   0.50   0.50   0.78   0.50   0.50   0.50   0.50   0.38   0.50   0.50   0.93   0.61   0.50   0.42   0.50   0.50   0.50   0.50   0.50   0.50   0.50   0.50   0.59   0.50   0.50   0.78   0.50   0.50   0.50   0.50   0.50   0.50   0.50   0.50   0.50   0.50   0.50   0.50   0.50   0.50   0.50   0.50   0.50   0.95   0.50   0.50   0.99   0.50   0.26   0.50   0.50   0.68   0.78   0.50   0.72   0.50   0.50   0.50   0.78   0.28   0.50   0.50   0.50   0.50   0.50   0.58   0.45   0.54   0.50   
0.56   0.56   0.03   0.03   0.03   0.19   0.56   0.05   0.56   0.03   0.04   0.94   0.56   0.04   0.04   0.03   0.02   0.04   0.56   0.62   0.04   0.56   0.04   0.06   0.89   0.03   0.56   0.56   0.56   0.56   0.56   0.20   0.56   0.03   0.91   0.98   0.03   0.56   0.94   0.98   0.56   0.56   0.05   0.56   0.56   0.89   0.02   0.98   0.90   0.03   0.56   0.56   0.90   0.56   0.56   0.99   0.04   0.76   0.98   0.98   0.63   0.84   0.87   0.61   0.05   0.94   0.98   0.06   0.40   0.89   0.87   0.73   0.89   0.98   0.91   0.84   0.24   0.90   

5.00   5.00   5.00   5.00   5.00   5.00   5.00   5.00   5.00   5.00   5.00   5.00   5.00   5.00   5.00   5.00   5.00   5.00   5.00   5.00   5.00   5.00   5.00   5.00   5.00   5.00   5.00   5.00   5.00   5.00   5.00   5.00   5.00   5.00   5.00   5.00   5.00   5.00   5.00   5.00   5.00   5.00   5.00   5.00   5.00   5.00   5.00   5.00   5.00   5.00   5.00   5.00   5.00   5.00   5.00   5.00   5.00   5.00   5.00   5.00   5.00   5.00   5.00   5.00   5.00   5.00   5.00   5.00   5.00   5.00   5.00   5.00   5.00   5.00   5.00   5.00   5.00   5.00   
0.02   0.16   0.02   0.02   0.11   0.22   0.04   0.01   0.05   0.01   0.10   0.69   0.01   0.05   0.07   0.01   0.15   0.03   0.01   0.15   0.02   0.02   0.08   0.02   0.87   0.03   0.00   0.00   0.01   0.01   0.12   0.25   0.03   0.01   0.65   0.75   0.01   0.04   0.86   0.78   0.05   0.02   0.03   0.03   0.01   0.84   0.01   0.86   0.79   0.34   0.09   0.29   0.23   0.13   0.01   0.31   0.27   0.82   0.71   0.79   0.45   0.58   0.32   0.39   0.04   0.91   0.61   0.10   0.75   0.49   0.50   0.38   0.36   0.93   0.88   0.86   0.29   0.85   
0.02   0.16   0.02   0.02   0.11   0.22   0.04   0.01   0.05   0.01   0.10   0.69   0.01   0.05   0.07   0.01   0.15   0.03   0.01   0.15   0.02   0.02   0.08   0.02   0.87   0.03   0.00   0.00   0.01   0.01   0.12   0.25   0.03   0.01   0.65   0.75   0.01   0.04   0.86   0.78   0.05   0.02   0.03   0.03   0.01   0.84   0.01   0.86   0.79   0.34   0.09   0.29   0.23   0.13   0.01   0.31   0.27   0.82   0.71   0.79   0.45   0.58   0.32   0.39   0.04   0.91   0.61   0.10   0.75   0.49   0.50   0.38   0.36   0.93   0.88   0.86   0.29   0.85   
0.50   0.50   0.50   0.50   0.40   0.58   0.50   0.50   0.50   0.50   0.50   0.77   0.50   0.50   0.50   0.50   0.39   0.50   0.50   0.92   0.61   0.50   0.44   0.50   0.50   0.50   0.50   0.50   0.50   0.50   0.50   0.59   0.50   0.50   0.77   0.50   0.50   0.50   0.50   0.50   0.50   0.50   0.50   0.50   0.50   0.50   0.50   0.50   0.50   0.50   0.50   0.50   0.94   0.50   0.50   0.99   0.50   0.28   0.50   0.50   0.68   0.77   0.50   0.71   0.50   0.50   0.50   0.77   0.30   0.50   0.50   0.50   0.50   0.50   0.58   0.46   0.55   0.50   
0.55   0.55   0.03   0.03   0.04   0.18   0.55   0.06   0.55   0.03   0.05   0.93   0.55   0.04   0.04   0.03   0.02   0.04   0.55   0.55   0.05   0.55   0.04   0.06   0.89   0.03   0.55   0.55   0.55   0.55   0.55   0.23   0.55   0.03   0.91   0.98   0.03   0.55   0.94   0.98   0.55   0.55   0.06   0.55   0.55   0.88   0.02   0.98   0.90   0.03   0.55   0.55   0.86   0.55   0.55   0.98   0.04   0.76   0.98   0.98   0.47   0.81   0.87   0.58   0.06   0.94   0.98   0.05   0.39   0.89   0.87   0.73   0.88   0.98   0.90   0.83   0.23   0.90   

5.00   5.00   5.00   5.00   5.00   5.00   5.00   5.00   5.00   5.00   5.00   5.00   5.00   5.00   5.00   5.00   5.00   5.00   5.00   5.00   5.00   5.00   5.00   5.00   5.00   5.00   5.00   5.00   5.00   5.00   5.00   5.00   5.00   5.00   5.00   5.00   5.00   5.00   5.00   5.00   5.00   5.00   5.00   5.00   5.00   5.00   5.00   5.00   5.00   5.00   5.00   5.00   5.00   5.00   5.00   5.00   5.00   5.00   5.00   5.00   5.00   5.00   5.00   5.00   5.00   5.00   5.00   5.00   5.00   5.00   5.00   5.00   5.00   5.00   5.00   5.00   5.00   5.00   
0.02   0.16   0.01   0.02   0.10   0.20   0.04   0.01   0.04   0.01   0.14   0.66   0.01   0.05   0.06   0.01   0.14   0.03   0.01   0.17   0.05   0.01   0.11   0.02   0.88   0.02   0.00   0.00   0.01   0.01   0.11   0.23   0.03   0.01   0.66   0.72   0.01   0.04   0.87   0.75   0.05   0.02   0.03   0.03   0.01   0.82   0.01   0.86   0.77   0.32   0.08   0.27   0.21   0.13   0.01   0.30   0.26   0.80   0.67   0.75   0.42   0.59   0.30   0.37   0.03   0.89   0.58   0.09   0.72   0.46   0.48   0.36   0.34   0.91   0.88   0.83   0.27   0.82   
0.02   0.16   0.01   0.02   0.10   0.20   0.04   0.01   0.04   0.01   0.14   0.66   0.01   0.05   0.06   0.01   0.14   0.03   0.01   0.17   0.05   0.01   0.11   0.02   0.88   0.02   0.00   0.00   0.01   0.01   0.11   0.23   0.03   0.01   0.66   0.72   0.01   0.04   0.87   0.75   0.05   0.02   0.03   0.03   0.01   0.82   0.01   0.86   0.77   0.32   0.08   0.27   0.21   0.13   0.01   0.30   0.26   0.80   0.67   0.75   0.42   0.59   0.30   0.37   0.03   0.89   0.58   0.09   0.72   0.46   0.48   0.36   0.34   0.91   0.88   0.83   0.27   0.82   
0.50   0.50   0.50   0.50   0.43   0.62   0.50   0.50   0.50   0.50   0.50   0.82   0.50   0.50   0.50   0.50   0.42   0.50   0.50   0.94   0.65   0.50   0.47   0.50   0.50   0.50   0.50   0.50   0.50   0.50   0.50   0.64   0.50   0.50   0.81   0.50   0.50   0.50   0.50   0.50   0.50   0.50   0.50   0.50   0.50   0.50   0.50   0.50   0.50   0.50   0.50   0.50   0.96   0.50   0.50   0.99   0.50   0.29   0.50   0.50   0.72   0.81   0.50   0.76   0.50   0.50   0.50   0.82   0.32   0.50   0.50   0.50   0.50   0.50   0.63   0.50   0.59   0.50   
0.55   0.55   0.03   0.03   0.04   0.19   0.55   0.06   0.55   0.03   0.05   0.94   0.55   0.04   0.04   0.03   0.02   0.04   0.55   0.68   0.08   0.55   0.07   0.07   0.89   0.03   0.55   0.55   0.55   0.55   0.55   0.24   0.55   0.02   0.93   0.98   0.03   0.55   0.94   0.98   0.55   0.55   0.06   0.55   0.55   0.88   0.02   0.98   0.90   0.03   0.55   0.55   0.90   0.55   0.55   0.99   0.04   0.75   0.98   0.98   0.49   0.85   0.87   0.61   0.06   0.94   0.98   0.05   0.38   0.89   0.87   0.73   0.88   0.98   0.91   0.83   0.23   0.90   

5.00   5.00   5.00   5.00   5.00   5.00   5.00   5.00   5.00   5.00   5.00   5.00   5.00   5.00   5.00   5.00   5.00   5.00   5.00   5.00   5.00   5.00   5.00   5.00   5.00   5.00   5.00   5.00   5.00   5.00   5.00   5.00   5.00   5.00   5.00   5.00   5.00   5.00   5.00   5.00   5.00   5.00   5.00   5.00   5.00   5.00   5.00   5.00   5.00   5.00   5.00   5.00   5.00   5.00   5.00   5.00   5.00   5.00   5.00   5.00   5.00   5.00   5.00   5.00   5.00   5.00   5.00   5.00   5.00   5.00   5.00   5.00   5.00   5.00   5.00   5.00   5.00   5.00   
0.02   0.16   0.01   0.02   0.10   0.20   0.04   0.01   0.04   0.01   0.14   0.66   0.01   0.05   0.06   0.01   0.14   0.03   0.01   0.17   0.05   0.01   0.11   0.02   0.88   0.02   0.00   0.00   0.01   0.01   0.11   0.23   0.03   0.01   0.66   0.72   0.01   0.04   0.87   0.75   0.05   0.02   0.03   0.03   0.01   0.82   0.01   0.86   0.77   0.32   0.08   0.27   0.21   0.13   0.01   0.30   0.26   0.80   0.67   0.75   0.42   0.59   0.30   0.37   0.03   0.89   0.58   0.09   0.72   0.46   0.48   0.36   0.34   0.91   0.88   0.83   0.27   0.82   
0.02   0.16   0.01   0.02   0.10   0.20   0.04   0.01   0.04   0.01   0.14   0.66   0.01   0.05   0.06   0.01   0.14   0.03   0.01   0.17   0.05   0.01   0.11   0.02   0.88   0.02   0.00   0.00   0.01   0.01   0.11   0.23   0.03   0.01   0.66   0.72   0.01   0.04   0.87   0.75   0.05   0.02   0.03   0.03   0.01   0.82   0.01   0.86   0.77   0.32   0.08   0.27   0.21   0.13   0.01   0.30   0.26   0.80   0.67   0.75   0.42   0.59   0.30   0.37   0.03   0.89   0.58   0.09   0.72   0.46   0.48   0.36   0.34   0.91   0.88   0.83   0.27   0.82   
0.50   0.50   0.50   0.50   0.42   0.61   0.50   0.50   0.50   0.50   0.50   0.81   0.50   0.50   0.50   0.50   0.41   0.50   0.50   0.94   0.64   0.50   0.46   0.50   0.50   0.50   0.50   0.50   0.50   0.50   0.50   0.63   0.50   0.50   0.80   0.50   0.50   0.50   0.50   0.50   0.50   0.50   0.50   0.50   0.50   0.50   0.50   0.50   0.50   0.50   0.50   0.50   0.95   0.50   0.50   0.99   0.50   0.29   0.50   0.50   0.71   0.80   0.50   0.75   0.50   0.50   0.50   0.81   0.31   0.50   0.50   0.50   0.50   0.50   0.61   0.49   0.58   0.50   
0.55   0.55   0.03   0.03   0.04   0.18   0.55   0.06   0.55   0.03   0.05   0.93   0.55   0.04   0.04   0.03   0.02   0.04   0.55   0.66   0.08   0.55   0.06   0.07   0.89   0.03   0.55   0.55   0.55   0.55   0.55   0.23   0.55   0.02   0.93   0.98   0.03   0.55   0.94   0.98   0.55   0.55   0.06   0.55   0.55   0.88   0.02   0.98   0.90   0.03   0.55   0.55   0.89   0.55   0.55   0.99   0.04   0.74   0.98   0.98   0.47   0.84   0.87   0.60   0.06   0.94   0.98   0.05   0.38   0.89   0.87   0.73   0.88   0.98   0.91   0.82   0.22   0.90   

0.00   0.00   0.00   0.00   0.00   0.00   0.00   0.00   0.00   0.00   0.00   0.00   0.00   0.00   0.00   0.00   0.00   0.00   0.00   0.00   0.00   0.00   0.00   0.00   0.00   0.00   0.00   0.00   0.00   0.00   0.00   1.00   0.00   0.00   0.00   1.00   0.00   0.00   1.00   1.00   0.00   0.00   0.00   0.00   0.00   1.00   0.00   1.00   1.00   1.00   0.00   0.00   1.00   0.00   0.00   1.00   1.00   1.00   1.00   1.00   1.00   1.00   1.00   1.00   0.00   1.00   1.00   1.00   1.00   1.00   1.00   1.00   1.00   1.00   1.00   1.00   1.00   1.00   