5.00   5.00   5.00   5.00   5.00   5.00   5.00   5.00   5.00   5.00   5.00   5.00   5.00   5.00   5.00   5.00   5.00   5.00   5.00   5.00   5.00   5.00   5.00   5.00   5.00   5.00   5.00   5.00   5.00   5.00   5.00   5.00   5.00   5.00   5.00   5.00   5.00   5.00   5.00   5.00   5.00   5.00   5.00   5.00   5.00   5.00   5.00   5.00   5.00   5.00   5.00   5.00   5.00   5.00   5.00   5.00   5.00   5.00   5.00   5.00   5.00   5.00   5.00   5.00   5.00   5.00   5.00   5.00   5.00   5.00   5.00   5.00   5.00   5.00   5.00   5.00   5.00   5.00   
0.05   0.05   0.05   0.05   0.05   0.05   0.05   0.05   0.05   0.05   0.60   0.05   0.05   0.05   0.05   0.05   0.05   0.05   0.05   0.05   0.05   0.05   0.05   0.05   0.05   0.96   0.05   0.05   0.05   0.05   0.05   0.05   0.05   0.05   0.05   0.60   0.96   0.96   0.96   0.05   0.05   0.05   0.96   0.96   0.60   0.96   0.05   0.05   0.05   0.05   0.60   0.60   0.96   0.96   0.05   0.05   0.60   0.05   0.46   0.60   0.05   0.46   0.96   0.60   0.05   0.46   0.05   0.60   0.05   0.05   0.60   0.96   0.60   0.96   0.46   0.05   0.96   0.60   
0.05   0.05   0.05   0.05   0.05   0.05   0.05   0.05   0.05   0.05   0.60   0.05   0.05   0.05   0.05   0.05   0.05   0.05   0.05   0.05   0.05   0.05   0.05   0.05   0.05   0.96   0.05   0.05   0.05   0.05   0.05   0.05   0.05   0.05   0.05   0.60   0.96   0.96   0.96   0.05   0.05   0.05   0.96   0.96   0.60   0.96   0.05   0.05   0.05   0.05   0.60   0.60   0.96   0.96   0.05   0.05   0.60   0.05   0.46   0.60   0.05   0.46   0.96   0.60   0.05   0.46   0.05   0.60   0.05   0.05   0.60   0.96   0.60   0.96   0.46   0.05   0.96   0.60   
0.30   0.27   0.38   0.65   0.34   0.38   0.42   0.08   0.20   0.42   0.65   0.36   0.45   0.32   0.42   0.58   0.56   0.49   0.37   0.56   0.41   0.17   0.42   0.49   0.34   0.55   0.21   0.18   0.29   0.46   0.31   0.16   0.69   0.28   0.51   0.51   0.69   0.54   0.72   0.17   0.57   0.10   0.88   0.73   0.66   0.88   0.24   0.29   0.16   0.13   0.84   0.74   0.68   0.73   0.28   0.46   0.79   0.46   0.46   0.74   0.47   0.71   0.73   0.71   0.69   0.82   0.42   0.58   0.60   0.43   0.73   0.74   0.45   0.88   0.80   0.68   0.61   0.58   
0.02   0.01   0.02   0.60   0.02   0.02   0.03   0.00   0.01   0.03   0.93   0.02   0.03   0.02   0.03   0.54   0.51   0.04   0.02   0.51   0.03   0.01   0.03   0.04   0.02   0.98   0.01   0.01   0.02   0.03   0.02   0.01   0.65   0.02   0.04   0.88   0.99   0.98   0.99   0.01   0.52   0.00   1.00   0.99   0.93   1.00   0.01   0.02   0.01   0.01   0.97   0.95   0.99   0.99   0.02   0.03   0.96   0.03   0.71   0.95   0.03   0.88   0.99   0.94   0.65   0.93   0.03   0.90   0.55   0.03   0.95   0.99   0.85   1.00   0.92   0.64   0.99   0.90   

5.00   5.00   5.00   5.00   5.00   5.00   5.00   5.00   5.00   5.00   5.00   5.00   5.00   5.00   5.00   5.00   5.00   5.00   5.00   5.00   5.00   5.00   5.00   5.00   5.00   5.00   5.00   5.00   5.00   5.00   5.00   5.00   5.00   5.00   5.00   5.00   5.00   5.00   5.00   5.00   5.00   5.00   5.00   5.00   5.00   5.00   5.00   5.00   5.00   5.00   5.00   5.00   5.00   5.00   5.00   5.00   5.00   5.00   5.00   5.00   5.00   5.00   5.00   5.00   5.00   5.00   5.00   5.00   5.00   5.00   5.00   5.00   5.00   5.00   5.00   5.00   5.00   5.00   
0.03   0.22   0.03   0.03   0.03   0.03   0.22   0.03   0.03   0.22   0.51   0.03   0.03   0.22   0.03   0.03   0.03   0.03   0.03   0.03   0.03   0.03   0.22   0.03   0.03   0.97   0.03   0.03   0.03   0.03   0.03   0.03   0.03   0.03   0.03   0.51   0.97   0.84   0.97   0.03   0.03   0.22   0.97   0.84   0.69   0.84   0.03   0.03   0.22   0.03   0.51   0.69   0.84   0.97   0.03   0.22   0.69   0.22   0.40   0.69   0.03   0.40   0.84   0.51   0.03   0.40   0.03   0.51   0.03   0.22   0.51   0.84   0.51   0.97   0.55   0.03   0.84   0.69   
0.03   0.22   0.03   0.03   0.03   0.03   0.22   0.03   0.03   0.22   0.51   0.03   0.03   0.22   0.03   0.03   0.03   0.03   0.03   0.03   0.03   0.03   0.22   0.03   0.03   0.97   0.03   0.03   0.03   0.03   0.03   0.03   0.03   0.03   0.03   0.51   0.97   0.84   0.97   0.03   0.03   0.22   0.97   0.84   0.69   0.84   0.03   0.03   0.22   0.03   0.51   0.69   0.84   0.97   0.03   0.22   0.69   0.22   0.40   0.69   0.03   0.40   0.84   0.51   0.03   0.40   0.03   0.51   0.03   0.22   0.51   0.84   0.51   0.97   0.55   0.03   0.84   0.69   
0.17   0.15   0.29   0.77   0.22   0.28   0.38   0.50   0.11   0.39   0.76   0.28   0.42   0.22   0.37   0.68   0.65   0.57   0.32   0.62   0.39   0.06   0.38   0.50   0.23   0.74   0.09   0.06   0.14   0.49   0.23   0.06   0.85   0.15   0.54   0.62   0.86   0.69   0.86   0.06   0.67   0.50   0.50   0.90   0.78   0.50   0.14   0.18   0.06   0.50   0.96   0.89   0.82   0.90   0.17   0.46   0.92   0.45   0.51   0.88   0.49   0.87   0.87   0.84   0.84   0.96   0.36   0.65   0.70   0.41   0.87   0.50   0.45   0.50   0.94   0.84   0.75   0.75   
0.01   0.03   0.01   0.65   0.01   0.01   0.09   0.04   0.00   0.09   0.92   0.01   0.02   0.04   0.02   0.06   0.05   0.04   0.01   0.05   0.02   0.00   0.08   0.03   0.01   0.99   0.00   0.00   0.00   0.03   0.01   0.00   0.75   0.01   0.03   0.86   1.00   0.98   1.00   0.00   0.06   0.04   0.98   0.99   0.96   0.98   0.00   0.01   0.01   0.04   0.99   0.98   0.99   1.00   0.01   0.11   0.99   0.11   0.64   0.98   0.03   0.91   0.99   0.95   0.75   0.97   0.02   0.88   0.57   0.09   0.96   0.98   0.76   0.98   0.97   0.75   0.98   0.95   

5.00   5.00   5.00   5.00   5.00   5.00   5.00   5.00   5.00   5.00   5.00   5.00   5.00   5.00   5.00   5.00   5.00   5.00   5.00   5.00   5.00   5.00   5.00   5.00   5.00   5.00   5.00   5.00   5.00   5.00   5.00   5.00   5.00   5.00   5.00   5.00   5.00   5.00   5.00   5.00   5.00   5.00   5.00   5.00   5.00   5.00   5.00   5.00   5.00   5.00   5.00   5.00   5.00   5.00   5.00   5.00   5.00   5.00   5.00   5.00   5.00   5.00   5.00   5.00   5.00   5.00   5.00   5.00   5.00   5.00   5.00   5.00   5.00   5.00   5.00   5.00   5.00   5.00   
0.03   0.19   0.03   0.03   0.03   0.03   0.19   0.03   0.03   0.32   0.44   0.03   0.03   0.19   0.15   0.03   0.03   0.03   0.03   0.15   0.15   0.03   0.19   0.15   0.03   0.99   0.03   0.03   0.03   0.03   0.03   0.03   0.03   0.03   0.03   0.56   0.99   0.77   0.93   0.03   0.03   0.19   0.93   0.77   0.71   0.77   0.03   0.03   0.19   0.03   0.44   0.60   0.88   0.93   0.03   0.19   0.60   0.19   0.37   0.60   0.03   0.37   0.77   0.44   0.03   0.37   0.03   0.44   0.03   0.19   0.44   0.77   0.44   0.93   0.51   0.03   0.77   0.60   
0.03   0.19   0.03   0.03   0.03   0.03   0.19   0.03   0.03   0.32   0.44   0.03   0.03   0.19   0.15   0.03   0.03   0.03   0.03   0.15   0.15   0.03   0.19   0.15   0.03   0.99   0.03   0.03   0.03   0.03   0.03   0.03   0.03   0.03   0.03   0.56   0.99   0.77   0.93   0.03   0.03   0.19   0.93   0.77   0.71   0.77   0.03   0.03   0.19   0.03   0.44   0.60   0.88   0.93   0.03   0.19   0.60   0.19   0.37   0.60   0.03   0.37   0.77   0.44   0.03   0.37   0.03   0.44   0.03   0.19   0.44   0.77   0.44   0.93   0.51   0.03   0.77   0.60   
0.50   0.05   0.12   0.82   0.23   0.15   0.24   0.50   0.50   0.24   0.87   0.10   0.41   0.09   0.32   0.60   0.65   0.43   0.28   0.79   0.39   0.50   0.47   0.34   0.14   0.50   0.50   0.50   0.50   0.29   0.22   0.50   0.94   0.50   0.30   0.74   0.50   0.89   0.50   0.50   0.68   0.50   0.50   0.50   0.91   0.50   0.50   0.50   0.04   0.50   0.99   0.94   0.94   0.50   0.50   0.32   0.95   0.34   0.56   0.88   0.19   0.95   0.92   0.91   0.87   0.98   0.26   0.60   0.80   0.36   0.91   0.50   0.70   0.50   0.94   0.91   0.85   0.88   
0.03   0.01   0.00   0.67   0.01   0.01   0.06   0.04   0.03   0.10   0.94   0.00   0.02   0.02   0.07   0.04   0.05   0.02   0.01   0.73   0.09   0.03   0.14   0.08   0.00   0.98   0.03   0.03   0.03   0.01   0.01   0.03   0.86   0.03   0.01   0.92   0.98   0.98   0.98   0.03   0.06   0.04   0.97   0.92   0.99   0.97   0.03   0.03   0.01   0.04   1.00   0.99   1.00   0.98   0.03   0.08   0.99   0.09   0.62   0.97   0.01   0.96   0.99   0.96   0.75   0.98   0.01   0.79   0.63   0.09   0.96   0.97   0.85   0.97   0.97   0.82   0.98   0.97   

5.00   5.00   5.00   5.00   5.00   5.00   5.00   5.00   5.00   5.00   5.00   5.00   5.00   5.00   5.00   5.00   5.00   5.00   5.00   5.00   5.00   5.00   5.00   5.00   5.00   5.00   5.00   5.00   5.00   5.00   5.00   5.00   5.00   5.00   5.00   5.00   5.00   5.00   5.00   5.00   5.00   5.00   5.00   5.00   5.00   5.00   5.00   5.00   5.00   5.00   5.00   5.00   5.00   5.00   5.00   5.00   5.00   5.00   5.00   5.00   5.00   5.00   5.00   5.00   5.00   5.00   5.00   5.00   5.00   5.00   5.00   5.00   5.00   5.00   5.00   5.00   5.00   5.00   
0.03   0.08   0.03   0.30   0.03   0.03   0.08   0.03   0.03   0.16   0.69   0.03   0.03   0.08   0.38   0.03   0.30   0.03   0.03   0.38   0.09   0.03   0.08   0.09   0.03   0.99   0.03   0.03   0.03   0.03   0.03   0.03   0.30   0.03   0.03   0.77   0.99   0.91   0.97   0.03   0.03   0.08   0.97   0.91   0.84   0.91   0.03   0.03   0.08   0.03   0.69   0.76   0.97   0.97   0.30   0.08   0.76   0.08   0.26   0.45   0.03   0.53   0.91   0.69   0.30   0.53   0.30   0.69   0.30   0.08   0.69   0.91   0.69   0.97   0.60   0.30   0.91   0.76   
0.03   0.08   0.03   0.30   0.03   0.03   0.08   0.03   0.03   0.16   0.69   0.03   0.03   0.08   0.38   0.03   0.30   0.03   0.03   0.38   0.09   0.03   0.08   0.09   0.03   0.99   0.03   0.03   0.03   0.03   0.03   0.03   0.30   0.03   0.03   0.77   0.99   0.91   0.97   0.03   0.03   0.08   0.97   0.91   0.84   0.91   0.03   0.03   0.08   0.03   0.69   0.76   0.97   0.97   0.30   0.08   0.76   0.08   0.26   0.45   0.03   0.53   0.91   0.69   0.30   0.53   0.30   0.69   0.30   0.08   0.69   0.91   0.69   0.97   0.60   0.30   0.91   0.76   
0.50   0.02   0.50   0.88   0.22   0.50   0.21   0.50   0.50   0.13   0.91   0.50   0.47   0.07   0.32   0.59   0.68   0.40   0.27   0.90   0.47   0.50   0.52   0.26   0.50   0.50   0.50   0.50   0.50   0.24   0.20   0.50   0.97   0.50   0.30   0.82   0.50   0.97   0.50   0.50   0.79   0.50   0.50   0.50   0.98   0.50   0.50   0.50   0.03   0.50   0.50   0.97   0.50   0.50   0.50   0.25   0.98   0.28   0.69   0.94   0.50   0.99   0.94   0.95   0.93   1.00   0.13   0.73   0.79   0.46   0.91   0.50   0.80   0.50   0.97   0.96   0.95   0.96   
0.03   0.00   0.03   0.90   0.01   0.03   0.02   0.04   0.03   0.02   0.98   0.03   0.02   0.01   0.21   0.03   0.72   0.02   0.01   0.93   0.06   0.03   0.07   0.03   0.03   0.99   0.03   0.03   0.03   0.01   0.01   0.03   0.97   0.03   0.01   0.97   0.99   1.00   0.99   0.03   0.09   0.04   0.98   0.96   1.00   0.98   0.03   0.03   0.00   0.04   0.81   1.00   0.98   0.99   0.03   0.02   1.00   0.03   0.63   0.96   0.03   0.99   1.00   0.99   0.94   1.00   0.06   0.93   0.82   0.06   0.98   0.98   0.95   0.98   0.99   0.97   1.00   0.99   

5.00   5.00   5.00   5.00   5.00   5.00   5.00   5.00   5.00   5.00   5.00   5.00   5.00   5.00   5.00   5.00   5.00   5.00   5.00   5.00   5.00   5.00   5.00   5.00   5.00   5.00   5.00   5.00   5.00   5.00   5.00   5.00   5.00   5.00   5.00   5.00   5.00   5.00   5.00   5.00   5.00   5.00   5.00   5.00   5.00   5.00   5.00   5.00   5.00   5.00   5.00   5.00   5.00   5.00   5.00   5.00   5.00   5.00   5.00   5.00   5.00   5.00   5.00   5.00   5.00   5.00   5.00   5.00   5.00   5.00   5.00   5.00   5.00   5.00   5.00   5.00   5.00   5.00   
0.03   0.06   0.03   0.32   0.03   0.03   0.09   0.03   0.03   0.17   0.71   0.03   0.03   0.09   0.40   0.03   0.32   0.03   0.03   0.40   0.10   0.03   0.09   0.10   0.03   0.98   0.02   0.02   0.03   0.03   0.02   0.03   0.32   0.03   0.03   0.79   0.99   0.92   0.97   0.02   0.03   0.09   0.97   0.92   0.85   0.92   0.03   0.03   0.09   0.03   0.71   0.78   0.97   0.97   0.29   0.09   0.78   0.06   0.26   0.46   0.02   0.55   0.92   0.71   0.32   0.55   0.32   0.71   0.32   0.09   0.71   0.92   0.71   0.97   0.61   0.32   0.92   0.78   
0.03   0.06   0.03   0.32   0.03   0.03   0.09   0.03   0.03   0.17   0.71   0.03   0.03   0.09   0.40   0.03   0.32   0.03   0.03   0.40   0.10   0.03   0.09   0.10   0.03   0.98   0.02   0.02   0.03   0.03   0.02   0.03   0.32   0.03   0.03   0.79   0.99   0.92   0.97   0.02   0.03   0.09   0.97   0.92   0.85   0.92   0.03   0.03   0.09   0.03   0.71   0.78   0.97   0.97   0.29   0.09   0.78   0.06   0.26   0.46   0.02   0.55   0.92   0.71   0.32   0.55   0.32   0.71   0.32   0.09   0.71   0.92   0.71   0.97   0.61   0.32   0.92   0.78   
0.50   0.50   0.50   0.86   0.15   0.50   0.17   0.50   0.50   0.11   0.94   0.50   0.34   0.50   0.54   0.54   0.82   0.34   0.25   0.91   0.49   0.50   0.28   0.28   0.50   0.50   0.50   0.50   0.50   0.35   0.50   0.50   0.96   0.50   0.36   0.80   0.50   0.50   0.50   0.50   0.84   0.50   0.50   0.50   0.50   0.50   0.50   0.50   0.50   0.50   0.50   0.50   0.50   0.50   0.50   0.29   0.50   0.23   0.85   0.98   0.50   0.50   0.50   0.96   0.94   0.50   0.37   0.68   0.88   0.35   0.96   0.50   0.90   0.50   0.96   0.97   0.50   0.50   
0.03   0.08   0.03   0.90   0.00   0.03   0.02   0.04   0.03   0.02   0.99   0.03   0.01   0.08   0.68   0.03   0.86   0.01   0.01   0.95   0.08   0.03   0.03   0.03   0.03   0.99   0.03   0.03   0.03   0.01   0.02   0.03   0.97   0.03   0.01   0.97   0.99   0.96   0.99   0.03   0.61   0.04   0.98   0.97   0.92   0.98   0.03   0.03   0.08   0.04   0.82   0.89   0.98   0.99   0.03   0.03   0.89   0.03   0.81   0.99   0.03   0.75   0.96   0.99   0.96   0.75   0.24   0.92   0.91   0.04   0.99   0.98   0.98   0.98   0.99   0.98   0.96   0.89   

5.00   5.00   5.00   5.00   5.00   5.00   5.00   5.00   5.00   5.00   5.00   5.00   5.00   5.00   5.00   5.00   5.00   5.00   5.00   5.00   5.00   5.00   5.00   5.00   5.00   5.00   5.00   5.00   5.00   5.00   5.00   5.00   5.00   5.00   5.00   5.00   5.00   5.00   5.00   5.00   5.00   5.00   5.00   5.00   5.00   5.00   5.00   5.00   5.00   5.00   5.00   5.00   5.00   5.00   5.00   5.00   5.00   5.00   5.00   5.00   5.00   5.00   5.00   5.00   5.00   5.00   5.00   5.00   5.00   5.00   5.00   5.00   5.00   5.00   5.00   5.00   5.00   5.00   
0.02   0.06   0.02   0.24   0.02   0.02   0.06   0.02   0.02   0.15   0.79   0.02   0.02   0.06   0.34   0.02   0.24   0.02   0.02   0.34   0.09   0.02   0.06   0.09   0.02   0.99   0.02   0.02   0.02   0.02   0.02   0.02   0.24   0.02   0.02   0.87   0.92   0.79   0.85   0.02   0.02   0.06   0.85   0.79   0.91   0.79   0.02   0.02   0.06   0.02   0.79   0.85   0.98   0.97   0.43   0.06   0.67   0.06   0.19   0.41   0.02   0.43   0.94   0.79   0.24   0.43   0.24   0.61   0.24   0.06   0.79   0.79   0.61   0.85   0.49   0.24   0.79   0.67   
0.02   0.06   0.02   0.24   0.02   0.02   0.06   0.02   0.02   0.15   0.79   0.02   0.02   0.06   0.34   0.02   0.24   0.02   0.02   0.34   0.09   0.02   0.06   0.09   0.02   0.99   0.02   0.02   0.02   0.02   0.02   0.02   0.24   0.02   0.02   0.87   0.92   0.79   0.85   0.02   0.02   0.06   0.85   0.79   0.91   0.79   0.02   0.02   0.06   0.02   0.79   0.85   0.98   0.97   0.43   0.06   0.67   0.06   0.19   0.41   0.02   0.43   0.94   0.79   0.24   0.43   0.24   0.61   0.24   0.06   0.79   0.79   0.61   0.85   0.49   0.24   0.79   0.67   
0.50   0.50   0.50   0.81   0.50   0.50   0.11   0.50   0.50   0.14   0.88   0.50   0.19   0.50   0.45   0.37   0.76   0.33   0.19   0.83   0.44   0.50   0.20   0.30   0.50   0.50   0.50   0.50   0.50   0.32   0.50   0.50   0.88   0.50   0.36   0.66   0.50   0.50   0.50   0.50   0.76   0.50   0.50   0.50   0.50   0.50   0.50   0.50   0.50   0.50   0.50   0.50   0.50   0.50   0.50   0.18   0.50   0.23   0.77   0.95   0.50   0.50   0.50   0.92   0.87   0.50   0.35   0.64   0.78   0.30   0.88   0.50   0.76   0.50   0.92   0.92   0.50   0.50   
0.03   0.06   0.03   0.75   0.02   0.03   0.01   0.04   0.03   0.02   0.98   0.03   0.01   0.06   0.24   0.01   0.70   0.01   0.01   0.82   0.05   0.03   0.01   0.02   0.03   0.99   0.03   0.03   0.03   0.01   0.02   0.03   0.85   0.03   0.01   0.94   0.99   0.95   0.99   0.03   0.06   0.04   0.98   0.96   0.91   0.98   0.03   0.03   0.06   0.04   0.80   0.87   0.98   0.99   0.03   0.01   0.87   0.03   0.65   0.95   0.03   0.68   0.95   0.99   0.83   0.68   0.13   0.79   0.73   0.02   0.98   0.98   0.87   0.98   0.95   0.89   0.95   0.87   

5.00   5.00   5.00   5.00   5.00   5.00   5.00   5.00   5.00   5.00   5.00   5.00   5.00   5.00   5.00   5.00   5.00   5.00   5.00   5.00   5.00   5.00   5.00   5.00   5.00   5.00   5.00   5.00   5.00   5.00   5.00   5.00   5.00   5.00   5.00   5.00   5.00   5.00   5.00   5.00   5.00   5.00   5.00   5.00   5.00   5.00   5.00   5.00   5.00   5.00   5.00   5.00   5.00   5.00   5.00   5.00   5.00   5.00   5.00   5.00   5.00   5.00   5.00   5.00   5.00   5.00   5.00   5.00   5.00   5.00   5.00   5.00   5.00   5.00   5.00   5.00   5.00   5.00   
0.02   0.06   0.02   0.17   0.02   0.02   0.06   0.02   0.02   0.12   0.56   0.02   0.02   0.06   0.24   0.02   0.17   0.02   0.02   0.24   0.07   0.02   0.06   0.07   0.02   0.99   0.02   0.02   0.02   0.02   0.02   0.02   0.17   0.02   0.02   0.63   0.93   0.83   0.88   0.02   0.02   0.06   0.88   0.83   0.90   0.59   0.02   0.02   0.06   0.02   0.56   0.85   0.97   0.97   0.31   0.06   0.49   0.06   0.17   0.30   0.02   0.57   0.93   0.56   0.17   0.34   0.17   0.68   0.17   0.06   0.80   0.59   0.43   0.88   0.63   0.17   0.59   0.73   
0.02   0.06   0.02   0.17   0.02   0.02   0.06   0.02   0.02   0.12   0.56   0.02   0.02   0.06   0.24   0.02   0.17   0.02   0.02   0.24   0.07   0.02   0.06   0.07   0.02   0.99   0.02   0.02   0.02   0.02   0.02   0.02   0.17   0.02   0.02   0.63   0.93   0.83   0.88   0.02   0.02   0.06   0.88   0.83   0.90   0.59   0.02   0.02   0.06   0.02   0.56   0.85   0.97   0.97   0.31   0.06   0.49   0.06   0.17   0.30   0.02   0.57   0.93   0.56   0.17   0.34   0.17   0.68   0.17   0.06   0.80   0.59   0.43   0.88   0.63   0.17   0.59   0.73   
0.50   0.50   0.50   0.89   0.50   0.50   0.06   0.50   0.50   0.12   0.94   0.50   0.50   0.50   0.51   0.37   0.83   0.27   0.50   0.92   0.49   0.50   0.12   0.35   0.50   0.50   0.50   0.50   0.50   0.22   0.50   0.50   0.94   0.50   0.43   0.77   0.50   0.50   0.50   0.50   0.81   0.50   0.50   0.50   0.50   0.50   0.50   0.50   0.50   0.50   0.50   0.50   0.50   0.50   0.50   0.10   0.50   0.26   0.90   0.99   0.50   0.50   0.50   0.97   0.95   0.50   0.51   0.68   0.89   0.29   0.95   0.50   0.88   0.50   0.97   0.98   0.50   0.50   
0.03   0.06   0.02   0.81   0.02   0.02   0.00   0.04   0.03   0.01   0.98   0.02   0.02   0.06   0.22   0.01   0.72   0.01   0.02   0.88   0.05   0.03   0.01   0.03   0.02   0.98   0.03   0.03   0.03   0.01   0.02   0.03   0.90   0.03   0.01   0.92   0.98   0.94   0.98   0.03   0.08   0.04   0.98   0.96   0.89   0.98   0.03   0.03   0.06   0.04   0.77   0.85   0.97   0.98   0.03   0.01   0.85   0.03   0.80   0.99   0.02   0.66   0.94   0.99   0.90   0.66   0.18   0.84   0.80   0.02   0.99   0.98   0.91   0.98   0.98   0.97   0.94   0.85   

5.00   5.00   5.00   5.00   5.00   5.00   5.00   5.00   5.00   5.00   5.00   5.00   5.00   5.00   5.00   5.00   5.00   5.00   5.00   5.00   5.00   5.00   5.00   5.00   5.00   5.00   5.00   5.00   5.00   5.00   5.00   5.00   5.00   5.00   5.00   5.00   5.00   5.00   5.00   5.00   5.00   5.00   5.00   5.00   5.00   5.00   5.00   5.00   5.00   5.00   5.00   5.00   5.00   5.00   5.00   5.00   5.00   5.00   5.00   5.00   5.00   5.00   5.00   5.00   5.00   5.00   5.00   5.00   5.00   5.00   5.00   5.00   5.00   5.00   5.00   5.00   5.00   5.00   
0.02   0.06   0.02   0.16   0.02   0.02   0.05   0.02   0.02   0.12   0.53   0.02   0.02   0.05   0.23   0.02   0.16   0.02   0.02   0.23   0.07   0.02   0.05   0.07   0.02   0.99   0.04   0.04   0.02   0.02   0.02   0.02   0.16   0.04   0.02   0.60   0.92   0.81   0.86   0.02   0.02   0.05   0.89   0.81   0.88   0.56   0.02   0.02   0.05   0.02   0.53   0.83   0.97   0.98   0.30   0.05   0.46   0.06   0.19   0.28   0.02   0.56   0.92   0.53   0.16   0.32   0.16   0.65   0.16   0.05   0.78   0.56   0.40   0.86   0.61   0.16   0.56   0.71   
0.02   0.06   0.02   0.16   0.02   0.02   0.05   0.02   0.02   0.12   0.53   0.02   0.02   0.05   0.23   0.02   0.16   0.02   0.02   0.23   0.07   0.02   0.05   0.07   0.02   0.99   0.04   0.04   0.02   0.02   0.02   0.02   0.16   0.04   0.02   0.60   0.92   0.81   0.86   0.02   0.02   0.05   0.89   0.81   0.88   0.56   0.02   0.02   0.05   0.02   0.53   0.83   0.97   0.98   0.30   0.05   0.46   0.06   0.19   0.28   0.02   0.56   0.92   0.53   0.16   0.32   0.16   0.65   0.16   0.05   0.78   0.56   0.40   0.86   0.61   0.16   0.56   0.71   
0.50   0.50   0.50   0.85   0.50   0.50   0.50   0.50   0.50   0.09   0.93   0.50   0.50   0.50   0.48   0.26   0.74   0.17   0.50   0.86   0.42   0.50   0.07   0.35   0.50   0.50   0.50   0.50   0.50   0.50   0.50   0.50   0.89   0.50   0.31   0.65   0.50   0.50   0.50   0.50   0.75   0.50   0.50   0.50   0.50   0.50   0.50   0.50   0.50   0.50   0.50   0.50   0.50   0.50   0.50   0.50   0.50   0.23   0.86   0.98   0.50   0.50   0.50   0.96   0.92   0.50   0.53   0.60   0.82   0.38   0.93   0.50   0.86   0.50   0.93   0.98   0.50   0.50   
0.03   0.05   0.02   0.72   0.02   0.02   0.04   0.04   0.03   0.01   0.97   0.02   0.02   0.05   0.18   0.01   0.55   0.00   0.02   0.76   0.03   0.03   0.00   0.02   0.02   0.98   0.03   0.03   0.03   0.02   0.02   0.03   0.79   0.03   0.01   0.86   0.98   0.95   0.98   0.03   0.05   0.04   0.98   0.96   0.89   0.98   0.03   0.03   0.05   0.04   0.76   0.84   0.97   0.98   0.03   0.04   0.84   0.02   0.77   0.98   0.02   0.67   0.95   0.99   0.84   0.67   0.17   0.78   0.67   0.02   0.99   0.98   0.88   0.98   0.96   0.95   0.95   0.84   

5.00   5.00   5.00   5.00   5.00   5.00   5.00   5.00   5.00   5.00   5.00   5.00   5.00   5.00   5.00   5.00   5.00   5.00   5.00   5.00   5.00   5.00   5.00   5.00   5.00   5.00   5.00   5.00   5.00   5.00   5.00   5.00   5.00   5.00   5.00   5.00   5.00   5.00   5.00   5.00   5.00   5.00   5.00   5.00   5.00   5.00   5.00   5.00   5.00   5.00   5.00   5.00   5.00   5.00   5.00   5.00   5.00   5.00   5.00   5.00   5.00   5.00   5.00   5.00   5.00   5.00   5.00   5.00   5.00   5.00   5.00   5.00   5.00   5.00   5.00   5.00   5.00   5.00   
0.01   0.03   0.05   0.23   0.01   0.05   0.10   0.05   0.01   0.16   0.60   0.05   0.05   0.10   0.30   0.05   0.23   0.01   0.01   0.30   0.11   0.01   0.10   0.11   0.01   0.99   0.06   0.01   0.01   0.01   0.01   0.05   0.23   0.07   0.05   0.66   0.94   0.85   0.89   0.04   0.05   0.10   0.91   0.85   0.90   0.63   0.01   0.05   0.10   0.01   0.51   0.85   0.97   0.98   0.26   0.10   0.54   0.03   0.24   0.35   0.01   0.61   0.94   0.60   0.23   0.40   0.23   0.71   0.23   0.10   0.81   0.63   0.48   0.89   0.65   0.23   0.63   0.76   
0.01   0.03   0.05   0.23   0.01   0.05   0.10   0.05   0.01   0.16   0.60   0.05   0.05   0.10   0.30   0.05   0.23   0.01   0.01   0.30   0.11   0.01   0.10   0.11   0.01   0.99   0.06   0.01   0.01   0.01   0.01   0.05   0.23   0.07   0.05   0.66   0.94   0.85   0.89   0.04   0.05   0.10   0.91   0.85   0.90   0.63   0.01   0.05   0.10   0.01   0.51   0.85   0.97   0.98   0.26   0.10   0.54   0.03   0.24   0.35   0.01   0.61   0.94   0.60   0.23   0.40   0.23   0.71   0.23   0.10   0.81   0.63   0.48   0.89   0.65   0.23   0.63   0.76   
0.50   0.50   0.50   0.82   0.50   0.50   0.50   0.50   0.50   0.11   0.94   0.50   0.50   0.50   0.69   0.50   0.75   0.50   0.50   0.85   0.55   0.50   0.50   0.60   0.50   0.50   0.50   0.50   0.50   0.50   0.50   0.50   0.90   0.50   0.52   0.78   0.50   0.50   0.50   0.50   0.71   0.50   0.50   0.50   0.50   0.50   0.50   0.50   0.50   0.50   0.50   0.50   0.50   0.50   0.50   0.50   0.50   0.18   0.88   0.99   0.50   0.50   0.50   0.97   0.95   0.50   0.73   0.60   0.93   0.39   0.96   0.50   0.95   0.50   0.92   0.98   0.50   0.50   
0.03   0.05   0.02   0.70   0.02   0.02   0.04   0.04   0.03   0.01   0.98   0.02   0.02   0.05   0.58   0.02   0.61   0.02   0.02   0.78   0.05   0.03   0.04   0.06   0.02   0.98   0.03   0.03   0.03   0.02   0.02   0.03   0.83   0.03   0.02   0.93   0.98   0.95   0.98   0.03   0.04   0.04   0.98   0.96   0.89   0.98   0.03   0.03   0.05   0.04   0.78   0.85   0.98   0.98   0.03   0.04   0.85   0.02   0.80   0.99   0.02   0.68   0.95   0.99   0.91   0.68   0.57   0.79   0.87   0.02   0.99   0.98   0.96   0.98   0.96   0.96   0.95   0.85   

5.00   5.00   5.00   5.00   5.00   5.00   5.00   5.00   5.00   5.00   5.00   5.00   5.00   5.00   5.00   5.00   5.00   5.00   5.00   5.00   5.00   5.00   5.00   5.00   5.00   5.00   5.00   5.00   5.00   5.00   5.00   5.00   5.00   5.00   5.00   5.00   5.00   5.00   5.00   5.00   5.00   5.00   5.00   5.00   5.00   5.00   5.00   5.00   5.00   5.00   5.00   5.00   5.00   5.00   5.00   5.00   5.00   5.00   5.00   5.00   5.00   5.00   5.00   5.00   5.00   5.00   5.00   5.00   5.00   5.00   5.00   5.00   5.00   5.00   5.00   5.00   5.00   5.00   
0.01   0.04   0.03   0.32   0.01   0.03   0.07   0.03   0.01   0.13   0.50   0.03   0.03   0.07   0.24   0.03   0.18   0.01   0.01   0.24   0.08   0.01   0.07   0.08   0.01   0.99   0.05   0.02   0.01   0.01   0.01   0.03   0.18   0.05   0.03   0.69   0.93   0.71   0.76   0.04   0.03   0.07   0.91   0.85   0.92   0.50   0.01   0.03   0.07   0.01   0.57   0.88   0.97   0.98   0.38   0.21   0.43   0.16   0.17   0.27   0.12   0.65   0.94   0.64   0.32   0.31   0.18   0.74   0.32   0.07   0.84   0.50   0.38   0.90   0.70   0.18   0.50   0.79   
0.01   0.04   0.03   0.32   0.01   0.03   0.07   0.03   0.01   0.13   0.50   0.03   0.03   0.07   0.24   0.03   0.18   0.01   0.01   0.24   0.08   0.01   0.07   0.08   0.01   0.99   0.05   0.02   0.01   0.01   0.01   0.03   0.18   0.05   0.03   0.69   0.93   0.71   0.76   0.04   0.03   0.07   0.91   0.85   0.92   0.50   0.01   0.03   0.07   0.01   0.57   0.88   0.97   0.98   0.38   0.21   0.43   0.16   0.17   0.27   0.12   0.65   0.94   0.64   0.32   0.31   0.18   0.74   0.32   0.07   0.84   0.50   0.38   0.90   0.70   0.18   0.50   0.79   
0.50   0.50   0.50   0.79   0.50   0.50   0.50   0.50   0.50   0.08   0.95   0.50   0.50   0.50   0.71   0.50   0.71   0.50   0.50   0.85   0.52   0.50   0.50   0.51   0.50   0.50   0.50   0.50   0.50   0.50   0.50   0.50   0.91   0.50   0.48   0.74   0.50   0.50   0.50   0.50   0.74   0.50   0.50   0.50   0.50   0.50   0.50   0.50   0.50   0.50   0.50   0.50   0.50   0.50   0.50   0.50   0.50   0.24   0.88   0.99   0.50   0.50   0.50   0.97   0.95   0.50   0.71   0.59   0.96   0.40   0.50   0.50   0.92   0.50   0.93   0.98   0.50   0.50   
0.03   0.05   0.02   0.70   0.02   0.02   0.04   0.04   0.03   0.00   0.97   0.02   0.02   0.05   0.26   0.01   0.21   0.01   0.02   0.67   0.03   0.03   0.04   0.03   0.02   0.98   0.03   0.03   0.03   0.02   0.02   0.03   0.75   0.03   0.01   0.90   0.98   0.95   0.98   0.03   0.04   0.04   0.98   0.96   0.88   0.98   0.03   0.03   0.05   0.04   0.76   0.84   0.97   0.98   0.03   0.04   0.84   0.09   0.75   0.99   0.02   0.67   0.95   0.99   0.91   0.67   0.21   0.78   0.93   0.02   0.83   0.98   0.89   0.98   0.97   0.92   0.95   0.84   

5.00   5.00   5.00   5.00   5.00   5.00   5.00   5.00   5.00   5.00   5.00   5.00   5.00   5.00   5.00   5.00   5.00   5.00   5.00   5.00   5.00   5.00   5.00   5.00   5.00   5.00   5.00   5.00   5.00   5.00   5.00   5.00   5.00   5.00   5.00   5.00   5.00   5.00   5.00   5.00   5.00   5.00   5.00   5.00   5.00   5.00   5.00   5.00   5.00   5.00   5.00   5.00   5.00   5.00   5.00   5.00   5.00   5.00   5.00   5.00   5.00   5.00   5.00   5.00   5.00   5.00   5.00   5.00   5.00   5.00   5.00   5.00   5.00   5.00   5.00   5.00   5.00   5.00   
0.01   0.03   0.03   0.30   0.03   0.03   0.07   0.03   0.01   0.12   0.47   0.03   0.03   0.07   0.22   0.03   0.16   0.01   0.01   0.22   0.11   0.01   0.07   0.07   0.01   0.98   0.05   0.02   0.01   0.01   0.01   0.06   0.16   0.05   0.03   0.66   0.91   0.69   0.73   0.03   0.03   0.07   0.92   0.83   0.90   0.53   0.01   0.03   0.07   0.01   0.59   0.86   0.96   0.99   0.36   0.20   0.45   0.15   0.17   0.26   0.11   0.62   0.92   0.61   0.30   0.29   0.16   0.71   0.30   0.07   0.81   0.48   0.40   0.87   0.67   0.16   0.48   0.76   
0.01   0.03   0.03   0.30   0.03   0.03   0.07   0.03   0.01   0.12   0.47   0.03   0.03   0.07   0.22   0.03   0.16   0.01   0.01   0.22   0.11   0.01   0.07   0.07   0.01   0.98   0.05   0.02   0.01   0.01   0.01   0.06   0.16   0.05   0.03   0.66   0.91   0.69   0.73   0.03   0.03   0.07   0.92   0.83   0.90   0.53   0.01   0.03   0.07   0.01   0.59   0.86   0.96   0.99   0.36   0.20   0.45   0.15   0.17   0.26   0.11   0.62   0.92   0.61   0.30   0.29   0.16   0.71   0.30   0.07   0.81   0.48   0.40   0.87   0.67   0.16   0.48   0.76   
0.50   0.50   0.50   0.84   0.50   0.50   0.50   0.50   0.50   0.50   0.96   0.50   0.50   0.50   0.74   0.50   0.67   0.50   0.50   0.88   0.48   0.50   0.50   0.43   0.50   0.50   0.50   0.50   0.50   0.50   0.50   0.50   0.91   0.50   0.45   0.77   0.50   0.50   0.50   0.50   0.75   0.50   0.50   0.50   0.50   0.50   0.50   0.50   0.50   0.50   0.50   0.50   0.50   0.50   0.50   0.50   0.50   0.17   0.91   1.00   0.50   0.50   0.50   0.97   0.97   0.50   0.66   0.68   0.96   0.37   0.50   0.50   0.93   0.50   0.92   0.98   0.50   0.50   
0.03   0.04   0.02   0.72   0.02   0.02   0.04   0.04   0.03   0.05   0.97   0.02   0.02   0.04   0.25   0.01   0.15   0.01   0.02   0.68   0.07   0.03   0.03   0.02   0.02   0.98   0.03   0.03   0.03   0.02   0.02   0.03   0.72   0.03   0.01   0.88   0.98   0.94   0.98   0.03   0.03   0.04   0.97   0.96   0.88   0.97   0.03   0.03   0.04   0.04   0.74   0.83   0.97   0.98   0.03   0.04   0.83   0.06   0.79   0.99   0.02   0.65   0.94   0.98   0.93   0.65   0.15   0.80   0.93   0.02   0.81   0.97   0.92   0.97   0.95   0.93   0.94   0.83   

5.00   5.00   5.00   5.00   5.00   5.00   5.00   5.00   5.00   5.00   5.00   5.00   5.00   5.00   5.00   5.00   5.00   5.00   5.00   5.00   5.00   5.00   5.00   5.00   5.00   5.00   5.00   5.00   5.00   5.00   5.00   5.00   5.00   5.00   5.00   5.00   5.00   5.00   5.00   5.00   5.00   5.00   5.00   5.00   5.00   5.00   5.00   5.00   5.00   5.00   5.00   5.00   5.00   5.00   5.00   5.00   5.00   5.00   5.00   5.00   5.00   5.00   5.00   5.00   5.00   5.00   5.00   5.00   5.00   5.00   5.00   5.00   5.00   5.00   5.00   5.00   5.00   5.00   
0.01   0.03   0.03   0.25   0.03   0.03   0.06   0.03   0.01   0.10   0.56   0.03   0.03   0.06   0.19   0.03   0.14   0.01   0.01   0.19   0.10   0.01   0.06   0.07   0.01   0.88   0.04   0.01   0.01   0.01   0.01   0.06   0.14   0.04   0.03   0.72   0.93   0.75   0.79   0.03   0.03   0.06   0.94   0.86   0.91   0.61   0.01   0.03   0.06   0.01   0.65   0.75   0.97   0.89   0.30   0.16   0.55   0.12   0.15   0.23   0.09   0.69   0.94   0.53   0.40   0.26   0.14   0.62   0.25   0.06   0.84   0.43   0.36   0.90   0.73   0.29   0.57   0.80   
0.01   0.03   0.03   0.25   0.03   0.03   0.06   0.03   0.01   0.10   0.56   0.03   0.03   0.06   0.19   0.03   0.14   0.01   0.01   0.19   0.10   0.01   0.06   0.07   0.01   0.88   0.04   0.01   0.01   0.01   0.01   0.06   0.14   0.04   0.03   0.72   0.93   0.75   0.79   0.03   0.03   0.06   0.94   0.86   0.91   0.61   0.01   0.03   0.06   0.01   0.65   0.75   0.97   0.89   0.30   0.16   0.55   0.12   0.15   0.23   0.09   0.69   0.94   0.53   0.40   0.26   0.14   0.62   0.25   0.06   0.84   0.43   0.36   0.90   0.73   0.29   0.57   0.80   
0.50   0.50   0.50   0.84   0.50   0.50   0.50   0.50   0.50   0.50   0.96   0.50   0.50   0.50   0.74   0.50   0.67   0.50   0.50   0.88   0.48   0.50   0.50   0.43   0.50   0.50   0.50   0.50   0.50   0.50   0.50   0.50   0.92   0.50   0.45   0.77   0.50   0.50   0.50   0.50   0.75   0.50   0.50   0.50   0.50   0.50   0.50   0.50   0.50   0.50   0.50   0.50   0.50   0.50   0.50   0.50   0.50   0.17   0.92   1.00   0.50   0.50   0.50   0.97   0.97   0.50   0.67   0.68   0.96   0.37   0.50   0.50   0.94   0.50   0.93   0.98   0.50   0.50   
0.03   0.05   0.02   0.68   0.02   0.02   0.04   0.04   0.03   0.05   0.98   0.02   0.02   0.05   0.23   0.01   0.14   0.01   0.02   0.65   0.06   0.03   0.04   0.02   0.02   0.98   0.03   0.03   0.03   0.02   0.02   0.03   0.69   0.03   0.01   0.90   0.98   0.95   0.98   0.03   0.03   0.04   0.98   0.96   0.88   0.98   0.03   0.03   0.05   0.04   0.74   0.83   0.97   0.98   0.03   0.04   0.83   0.05   0.77   0.99   0.02   0.66   0.95   0.98   0.96   0.66   0.14   0.74   0.91   0.01   0.81   0.98   0.91   0.98   0.96   0.96   0.95   0.83   

5.00   5.00   5.00   5.00   5.00   5.00   5.00   5.00   5.00   5.00   5.00   5.00   5.00   5.00   5.00   5.00   5.00   5.00   5.00   5.00   5.00   5.00   5.00   5.00   5.00   5.00   5.00   5.00   5.00   5.00   5.00   5.00   5.00   5.00   5.00   5.00   5.00   5.00   5.00   5.00   5.00   5.00   5.00   5.00   5.00   5.00   5.00   5.00   5.00   5.00   5.00   5.00   5.00   5.00   5.00   5.00   5.00   5.00   5.00   5.00   5.00   5.00   5.00   5.00   5.00   5.00   5.00   5.00   5.00   5.00   5.00   5.00   5.00   5.00   5.00   5.00   5.00   5.00   
0.01   0.02   0.02   0.22   0.03   0.02   0.05   0.02   0.01   0.09   0.50   0.02   0.02   0.05   0.17   0.02   0.12   0.01   0.01   0.17   0.10   0.01   0.05   0.13   0.01   0.83   0.04   0.02   0.01   0.01   0.01   0.05   0.12   0.04   0.02   0.65   0.94   0.71   0.81   0.02   0.02   0.05   0.95   0.87   0.85   0.65   0.01   0.02   0.05   0.01   0.59   0.68   0.92   0.89   0.26   0.14   0.57   0.10   0.22   0.28   0.07   0.70   0.88   0.47   0.35   0.24   0.12   0.56   0.22   0.05   0.77   0.40   0.40   0.85   0.68   0.26   0.53   0.74   
0.01   0.02   0.02   0.22   0.03   0.02   0.05   0.02   0.01   0.09   0.50   0.02   0.02   0.05   0.17   0.02   0.12   0.01   0.01   0.17   0.10   0.01   0.05   0.13   0.01   0.83   0.04   0.02   0.01   0.01   0.01   0.05   0.12   0.04   0.02   0.65   0.94   0.71   0.81   0.02   0.02   0.05   0.95   0.87   0.85   0.65   0.01   0.02   0.05   0.01   0.59   0.68   0.92   0.89   0.26   0.14   0.57   0.10   0.22   0.28   0.07   0.70   0.88   0.47   0.35   0.24   0.12   0.56   0.22   0.05   0.77   0.40   0.40   0.85   0.68   0.26   0.53   0.74   
0.50   0.50   0.50   0.80   0.50   0.50   0.50   0.50   0.50   0.50   0.95   0.50   0.50   0.50   0.69   0.50   0.62   0.50   0.50   0.85   0.44   0.50   0.50   0.39   0.50   0.50   0.50   0.50   0.50   0.50   0.50   0.50   0.89   0.50   0.41   0.72   0.50   0.50   0.50   0.50   0.70   0.50   0.50   0.50   0.50   0.50   0.50   0.50   0.50   0.50   0.50   0.50   0.50   0.50   0.50   0.50   0.50   0.16   0.89   0.99   0.50   0.50   0.50   0.96   0.95   0.50   0.62   0.63   0.95   0.34   0.50   0.50   0.91   0.50   0.90   0.97   0.50   0.50   
0.03   0.05   0.02   0.58   0.02   0.02   0.04   0.04   0.03   0.05   0.96   0.02   0.02   0.05   0.17   0.01   0.10   0.01   0.02   0.55   0.05   0.03   0.04   0.04   0.02   0.98   0.03   0.03   0.03   0.02   0.02   0.03   0.58   0.03   0.01   0.85   0.98   0.94   0.98   0.03   0.02   0.04   0.97   0.95   0.87   0.97   0.03   0.03   0.05   0.04   0.72   0.82   0.97   0.98   0.03   0.04   0.82   0.04   0.75   0.98   0.02   0.65   0.94   0.96   0.93   0.65   0.10   0.67   0.86   0.01   0.79   0.97   0.89   0.97   0.94   0.93   0.94   0.82   

5.00   5.00   5.00   5.00   5.00   5.00   5.00   5.00   5.00   5.00   5.00   5.00   5.00   5.00   5.00   5.00   5.00   5.00   5.00   5.00   5.00   5.00   5.00   5.00   5.00   5.00   5.00   5.00   5.00   5.00   5.00   5.00   5.00   5.00   5.00   5.00   5.00   5.00   5.00   5.00   5.00   5.00   5.00   5.00   5.00   5.00   5.00   5.00   5.00   5.00   5.00   5.00   5.00   5.00   5.00   5.00   5.00   5.00   5.00   5.00   5.00   5.00   5.00   5.00   5.00   5.00   5.00   5.00   5.00   5.00   5.00   5.00   5.00   5.00   5.00   5.00   5.00   5.00   
0.01   0.02   0.02   0.20   0.03   0.02   0.04   0.02   0.01   0.08   0.55   0.02   0.02   0.04   0.14   0.02   0.11   0.01   0.01   0.14   0.08   0.01   0.04   0.11   0.01   0.83   0.03   0.02   0.01   0.01   0.01   0.05   0.11   0.03   0.02   0.59   0.86   0.74   0.83   0.02   0.02   0.04   0.96   0.89   0.77   0.68   0.01   0.02   0.04   0.01   0.64   0.71   0.84   0.81   0.24   0.13   0.62   0.18   0.29   0.25   0.15   0.74   0.90   0.52   0.43   0.22   0.20   0.60   0.29   0.04   0.80   0.46   0.36   0.87   0.72   0.33   0.59   0.76   
0.01   0.02   0.02   0.20   0.03   0.02   0.04   0.02   0.01   0.08   0.55   0.02   0.02   0.04   0.14   0.02   0.11   0.01   0.01   0.14   0.08   0.01   0.04   0.11   0.01   0.83   0.03   0.02   0.01   0.01   0.01   0.05   0.11   0.03   0.02   0.59   0.86   0.74   0.83   0.02   0.02   0.04   0.96   0.89   0.77   0.68   0.01   0.02   0.04   0.01   0.64   0.71   0.84   0.81   0.24   0.13   0.62   0.18   0.29   0.25   0.15   0.74   0.90   0.52   0.43   0.22   0.20   0.60   0.29   0.04   0.80   0.46   0.36   0.87   0.72   0.33   0.59   0.76   
0.50   0.50   0.50   0.84   0.50   0.50   0.50   0.50   0.50   0.50   0.96   0.50   0.50   0.50   0.74   0.50   0.67   0.50   0.50   0.88   0.49   0.50   0.50   0.43   0.50   0.50   0.50   0.50   0.50   0.50   0.50   0.50   0.91   0.50   0.46   0.77   0.50   0.50   0.50   0.50   0.75   0.50   0.50   0.50   0.50   0.50   0.50   0.50   0.50   0.50   0.50   0.50   0.50   0.50   0.50   0.50   0.50   0.18   0.91   0.99   0.50   0.50   0.50   0.97   0.97   0.50   0.67   0.68   0.96   0.37   0.50   0.50   0.93   0.50   0.92   0.98   0.50   0.50   
0.03   0.05   0.02   0.62   0.02   0.02   0.04   0.04   0.03   0.05   0.97   0.02   0.02   0.05   0.18   0.01   0.11   0.01   0.02   0.57   0.04   0.03   0.04   0.03   0.02   0.98   0.03   0.03   0.03   0.02   0.02   0.03   0.62   0.03   0.01   0.86   0.98   0.95   0.98   0.03   0.03   0.04   0.98   0.96   0.87   0.98   0.03   0.03   0.05   0.04   0.73   0.83   0.97   0.98   0.03   0.04   0.83   0.07   0.83   0.98   0.02   0.67   0.95   0.98   0.96   0.67   0.22   0.75   0.92   0.01   0.80   0.98   0.89   0.98   0.96   0.96   0.95   0.83   

5.00   5.00   5.00   5.00   5.00   5.00   5.00   5.00   5.00   5.00   5.00   5.00   5.00   5.00   5.00   5.00   5.00   5.00   5.00   5.00   5.00   5.00   5.00   5.00   5.00   5.00   5.00   5.00   5.00   5.00   5.00   5.00   5.00   5.00   5.00   5.00   5.00   5.00   5.00   5.00   5.00   5.00   5.00   5.00   5.00   5.00   5.00   5.00   5.00   5.00   5.00   5.00   5.00   5.00   5.00   5.00   5.00   5.00   5.00   5.00   5.00   5.00   5.00   5.00   5.00   5.00   5.00   5.00   5.00   5.00   5.00   5.00   5.00   5.00   5.00   5.00   5.00   5.00   
0.01   0.10   0.02   0.18   0.02   0.02   0.04   0.02   0.01   0.07   0.61   0.02   0.02   0.04   0.23   0.02   0.10   0.01   0.01   0.14   0.07   0.01   0.04   0.09   0.01   0.86   0.03   0.01   0.01   0.01   0.01   0.04   0.19   0.03   0.02   0.65   0.88   0.78   0.85   0.02   0.02   0.04   0.88   0.90   0.81   0.72   0.01   0.02   0.04   0.01   0.69   0.75   0.87   0.84   0.23   0.11   0.56   0.16   0.25   0.23   0.14   0.68   0.92   0.58   0.39   0.29   0.27   0.65   0.36   0.04   0.83   0.43   0.33   0.88   0.65   0.40   0.64   0.70   
0.01   0.10   0.02   0.18   0.02   0.02   0.04   0.02   0.01   0.07   0.61   0.02   0.02   0.04   0.23   0.02   0.10   0.01   0.01   0.14   0.07   0.01   0.04   0.09   0.01   0.86   0.03   0.01   0.01   0.01   0.01   0.04   0.19   0.03   0.02   0.65   0.88   0.78   0.85   0.02   0.02   0.04   0.88   0.90   0.81   0.72   0.01   0.02   0.04   0.01   0.69   0.75   0.87   0.84   0.23   0.11   0.56   0.16   0.25   0.23   0.14   0.68   0.92   0.58   0.39   0.29   0.27   0.65   0.36   0.04   0.83   0.43   0.33   0.88   0.65   0.40   0.64   0.70   
0.50   0.50   0.50   0.82   0.50   0.50   0.50   0.50   0.50   0.50   0.95   0.50   0.50   0.50   0.72   0.50   0.64   0.50   0.50   0.86   0.46   0.50   0.50   0.40   0.50   0.50   0.50   0.50   0.50   0.50   0.50   0.50   0.90   0.50   0.43   0.75   0.50   0.50   0.50   0.50   0.72   0.50   0.50   0.50   0.50   0.50   0.50   0.50   0.50   0.50   0.50   0.50   0.50   0.50   0.50   0.50   0.50   0.16   0.90   0.99   0.50   0.50   0.50   0.97   0.96   0.50   0.64   0.65   0.96   0.35   0.50   0.50   0.93   0.50   0.91   0.98   0.50   0.50   
0.03   0.04   0.02   0.58   0.02   0.02   0.04   0.04   0.03   0.05   0.98   0.02   0.02   0.04   0.28   0.01   0.10   0.01   0.02   0.53   0.03   0.03   0.03   0.02   0.02   0.98   0.03   0.03   0.03   0.02   0.02   0.03   0.70   0.03   0.01   0.87   0.98   0.95   0.98   0.03   0.02   0.04   0.98   0.96   0.88   0.98   0.03   0.03   0.04   0.04   0.75   0.84   0.97   0.98   0.03   0.04   0.84   0.05   0.80   0.98   0.02   0.68   0.95   0.98   0.95   0.68   0.29   0.77   0.93   0.01   0.82   0.98   0.86   0.98   0.95   0.97   0.95   0.84   

5.00   5.00   5.00   5.00   5.00   5.00   5.00   5.00   5.00   5.00   5.00   5.00   5.00   5.00   5.00   5.00   5.00   5.00   5.00   5.00   5.00   5.00   5.00   5.00   5.00   5.00   5.00   5.00   5.00   5.00   5.00   5.00   5.00   5.00   5.00   5.00   5.00   5.00   5.00   5.00   5.00   5.00   5.00   5.00   5.00   5.00   5.00   5.00   5.00   5.00   5.00   5.00   5.00   5.00   5.00   5.00   5.00   5.00   5.00   5.00   5.00   5.00   5.00   5.00   5.00   5.00   5.00   5.00   5.00   5.00   5.00   5.00   5.00   5.00   5.00   5.00   5.00   5.00   
0.01   0.09   0.02   0.17   0.07   0.02   0.04   0.02   0.01   0.06   0.65   0.02   0.06   0.04   0.27   0.02   0.10   0.01   0.01   0.13   0.07   0.01   0.08   0.08   0.01   0.82   0.03   0.01   0.01   0.01   0.01   0.09   0.24   0.03   0.02   0.68   0.83   0.74   0.86   0.02   0.02   0.04   0.88   0.91   0.83   0.69   0.01   0.02   0.08   0.01   0.72   0.77   0.88   0.85   0.22   0.10   0.60   0.15   0.23   0.21   0.12   0.64   0.93   0.62   0.37   0.34   0.32   0.61   0.40   0.04   0.85   0.40   0.31   0.84   0.67   0.44   0.67   0.72   
0.01   0.09   0.02   0.17   0.07   0.02   0.04   0.02   0.01   0.06   0.65   0.02   0.06   0.04   0.27   0.02   0.10   0.01   0.01   0.13   0.07   0.01   0.08   0.08   0.01   0.82   0.03   0.01   0.01   0.01   0.01   0.09   0.24   0.03   0.02   0.68   0.83   0.74   0.86   0.02   0.02   0.04   0.88   0.91   0.83   0.69   0.01   0.02   0.08   0.01   0.72   0.77   0.88   0.85   0.22   0.10   0.60   0.15   0.23   0.21   0.12   0.64   0.93   0.62   0.37   0.34   0.32   0.61   0.40   0.04   0.85   0.40   0.31   0.84   0.67   0.44   0.67   0.72   
0.50   0.50   0.50   0.77   0.50   0.50   0.50   0.50   0.50   0.50   0.93   0.50   0.50   0.50   0.40   0.50   0.59   0.50   0.50   0.88   0.40   0.50   0.50   0.41   0.50   0.50   0.50   0.50   0.50   0.50   0.50   0.50   0.92   0.50   0.50   0.68   0.50   0.50   0.50   0.50   0.71   0.50   0.50   0.50   0.50   0.50   0.50   0.50   0.50   0.50   0.50   0.50   0.50   0.50   0.50   0.50   0.50   0.17   0.89   0.99   0.50   0.50   0.50   0.97   0.93   0.50   0.35   0.65   0.95   0.20   0.50   0.50   0.90   0.50   0.90   0.98   0.50   0.50   
0.03   0.04   0.02   0.29   0.02   0.02   0.04   0.04   0.03   0.04   0.98   0.02   0.02   0.04   0.16   0.01   0.08   0.01   0.02   0.54   0.02   0.03   0.03   0.02   0.02   0.98   0.03   0.03   0.03   0.02   0.02   0.03   0.83   0.03   0.01   0.86   0.98   0.96   0.98   0.03   0.02   0.04   0.98   0.96   0.89   0.98   0.03   0.03   0.04   0.04   0.76   0.85   0.98   0.98   0.03   0.04   0.85   0.04   0.73   0.97   0.02   0.70   0.96   0.99   0.89   0.70   0.17   0.73   0.95   0.00   0.84   0.98   0.78   0.98   0.95   0.98   0.96   0.85   

5.00   5.00   5.00   5.00   5.00   5.00   5.00   5.00   5.00   5.00   5.00   5.00   5.00   5.00   5.00   5.00   5.00   5.00   5.00   5.00   5.00   5.00   5.00   5.00   5.00   5.00   5.00   5.00   5.00   5.00   5.00   5.00   5.00   5.00   5.00   5.00   5.00   5.00   5.00   5.00   5.00   5.00   5.00   5.00   5.00   5.00   5.00   5.00   5.00   5.00   5.00   5.00   5.00   5.00   5.00   5.00   5.00   5.00   5.00   5.00   5.00   5.00   5.00   5.00   5.00   5.00   5.00   5.00   5.00   5.00   5.00   5.00   5.00   5.00   5.00   5.00   5.00   5.00   
0.01   0.09   0.02   0.17   0.07   0.02   0.04   0.02   0.01   0.06   0.65   0.02   0.06   0.04   0.27   0.02   0.10   0.01   0.01   0.13   0.07   0.01   0.08   0.08   0.01   0.82   0.02   0.01   0.01   0.01   0.01   0.09   0.24   0.03   0.02   0.68   0.83   0.74   0.86   0.02   0.02   0.03   0.88   0.91   0.83   0.69   0.01   0.02   0.08   0.01   0.73   0.77   0.88   0.85   0.22   0.10   0.60   0.14   0.23   0.21   0.12   0.64   0.93   0.62   0.37   0.34   0.32   0.61   0.40   0.03   0.85   0.40   0.31   0.84   0.67   0.44   0.67   0.72   
0.01   0.09   0.02   0.17   0.07   0.02   0.04   0.02   0.01   0.06   0.65   0.02   0.06   0.04   0.27   0.02   0.10   0.01   0.01   0.13   0.07   0.01   0.08   0.08   0.01   0.82   0.02   0.01   0.01   0.01   0.01   0.09   0.24   0.03   0.02   0.68   0.83   0.74   0.86   0.02   0.02   0.03   0.88   0.91   0.83   0.69   0.01   0.02   0.08   0.01   0.73   0.77   0.88   0.85   0.22   0.10   0.60   0.14   0.23   0.21   0.12   0.64   0.93   0.62   0.37   0.34   0.32   0.61   0.40   0.03   0.85   0.40   0.31   0.84   0.67   0.44   0.67   0.72   
0.50   0.50   0.50   0.80   0.50   0.50   0.50   0.50   0.50   0.50   0.93   0.50   0.50   0.50   0.50   0.50   0.72   0.50   0.50   0.91   0.54   0.50   0.50   0.40   0.50   0.50   0.50   0.50   0.50   0.50   0.50   0.50   0.92   0.50   0.50   0.77   0.50   0.50   0.50   0.50   0.78   0.50   0.50   0.50   0.50   0.50   0.50   0.50   0.50   0.50   0.50   0.50   0.50   0.50   0.50   0.50   0.50   0.19   0.87   0.99   0.50   0.50   0.50   0.96   0.95   0.50   0.38   0.61   0.95   0.50   0.50   0.50   0.93   0.50   0.90   0.98   0.50   0.50   
0.03   0.04   0.02   0.53   0.02   0.02   0.04   0.04   0.03   0.04   0.98   0.02   0.02   0.04   0.22   0.01   0.13   0.01   0.02   0.66   0.03   0.03   0.03   0.02   0.02   0.98   0.03   0.03   0.03   0.02   0.02   0.03   0.86   0.03   0.01   0.92   0.98   0.96   0.98   0.03   0.04   0.04   0.98   0.97   0.89   0.98   0.03   0.03   0.04   0.04   0.78   0.86   0.98   0.98   0.03   0.04   0.86   0.05   0.72   0.95   0.02   0.71   0.96   0.99   0.93   0.71   0.22   0.72   0.95   0.02   0.85   0.98   0.85   0.98   0.96   0.98   0.96   0.86   

5.00   5.00   5.00   5.00   5.00   5.00   5.00   5.00   5.00   5.00   5.00   5.00   5.00   5.00   5.00   5.00   5.00   5.00   5.00   5.00   5.00   5.00   5.00   5.00   5.00   5.00   5.00   5.00   5.00   5.00   5.00   5.00   5.00   5.00   5.00   5.00   5.00   5.00   5.00   5.00   5.00   5.00   5.00   5.00   5.00   5.00   5.00   5.00   5.00   5.00   5.00   5.00   5.00   5.00   5.00   5.00   5.00   5.00   5.00   5.00   5.00   5.00   5.00   5.00   5.00   5.00   5.00   5.00   5.00   5.00   5.00   5.00   5.00   5.00   5.00   5.00   5.00   5.00   
0.01   0.08   0.02   0.16   0.06   0.02   0.03   0.02   0.01   0.06   0.62   0.02   0.05   0.03   0.31   0.02   0.14   0.01   0.01   0.17   0.06   0.01   0.07   0.13   0.01   0.83   0.02   0.01   0.01   0.01   0.01   0.08   0.22   0.02   0.02   0.71   0.85   0.69   0.87   0.02   0.02   0.03   0.89   0.86   0.84   0.65   0.01   0.06   0.07   0.01   0.75   0.78   0.89   0.81   0.26   0.10   0.63   0.19   0.21   0.25   0.17   0.66   0.93   0.64   0.35   0.31   0.29   0.58   0.37   0.03   0.81   0.37   0.35   0.85   0.69   0.47   0.69   0.75   
0.01   0.08   0.02   0.16   0.06   0.02   0.03   0.02   0.01   0.06   0.62   0.02   0.05   0.03   0.31   0.02   0.14   0.01   0.01   0.17   0.06   0.01   0.07   0.13   0.01   0.83   0.02   0.01   0.01   0.01   0.01   0.08   0.22   0.02   0.02   0.71   0.85   0.69   0.87   0.02   0.02   0.03   0.89   0.86   0.84   0.65   0.01   0.06   0.07   0.01   0.75   0.78   0.89   0.81   0.26   0.10   0.63   0.19   0.21   0.25   0.17   0.66   0.93   0.64   0.35   0.31   0.29   0.58   0.37   0.03   0.81   0.37   0.35   0.85   0.69   0.47   0.69   0.75   
0.50   0.50   0.50   0.80   0.50   0.50   0.50   0.50   0.50   0.50   0.94   0.50   0.50   0.50   0.48   0.50   0.71   0.50   0.50   0.91   0.52   0.50   0.50   0.37   0.50   0.50   0.50   0.50   0.50   0.50   0.50   0.50   0.93   0.50   0.50   0.77   0.50   0.50   0.50   0.50   0.78   0.50   0.50   0.50   0.50   0.50   0.50   0.50   0.50   0.50   0.50   0.50   0.50   0.50   0.50   0.50   0.50   0.16   0.88   0.99   0.50   0.50   0.50   0.97   0.95   0.50   0.35   0.59   0.95   0.50   0.50   0.50   0.93   0.50   0.91   0.98   0.50   0.50   
0.03   0.04   0.02   0.51   0.02   0.02   0.04   0.04   0.03   0.04   0.98   0.02   0.02   0.04   0.22   0.01   0.14   0.01   0.02   0.69   0.02   0.03   0.03   0.02   0.02   0.98   0.03   0.03   0.03   0.02   0.02   0.03   0.86   0.03   0.01   0.92   0.98   0.96   0.98   0.03   0.04   0.04   0.98   0.97   0.89   0.98   0.03   0.03   0.04   0.04   0.78   0.85   0.98   0.98   0.03   0.04   0.85   0.04   0.72   0.96   0.02   0.71   0.96   0.99   0.93   0.71   0.19   0.69   0.95   0.02   0.85   0.98   0.86   0.98   0.96   0.98   0.96   0.85   

5.00   5.00   5.00   5.00   5.00   5.00   5.00   5.00   5.00   5.00   5.00   5.00   5.00   5.00   5.00   5.00   5.00   5.00   5.00   5.00   5.00   5.00   5.00   5.00   5.00   5.00   5.00   5.00   5.00   5.00   5.00   5.00   5.00   5.00   5.00   5.00   5.00   5.00   5.00   5.00   5.00   5.00   5.00   5.00   5.00   5.00   5.00   5.00   5.00   5.00   5.00   5.00   5.00   5.00   5.00   5.00   5.00   5.00   5.00   5.00   5.00   5.00   5.00   5.00   5.00   5.00   5.00   5.00   5.00   5.00   5.00   5.00   5.00   5.00   5.00   5.00   5.00   5.00   
0.01   0.11   0.01   0.15   0.06   0.01   0.03   0.01   0.01   0.09   0.59   0.01   0.05   0.03   0.34   0.01   0.13   0.01   0.01   0.16   0.06   0.01   0.10   0.12   0.01   0.81   0.02   0.01   0.01   0.01   0.01   0.07   0.25   0.02   0.01   0.72   0.82   0.66   0.84   0.01   0.01   0.03   0.89   0.84   0.85   0.66   0.01   0.05   0.07   0.01   0.72   0.76   0.87   0.82   0.25   0.09   0.60   0.18   0.20   0.24   0.15   0.63   0.94   0.66   0.33   0.29   0.28   0.55   0.35   0.03   0.79   0.35   0.33   0.82   0.66   0.45   0.66   0.72   
0.01   0.11   0.01   0.15   0.06   0.01   0.03   0.01   0.01   0.09   0.59   0.01   0.05   0.03   0.34   0.01   0.13   0.01   0.01   0.16   0.06   0.01   0.10   0.12   0.01   0.81   0.02   0.01   0.01   0.01   0.01   0.07   0.25   0.02   0.01   0.72   0.82   0.66   0.84   0.01   0.01   0.03   0.89   0.84   0.85   0.66   0.01   0.05   0.07   0.01   0.72   0.76   0.87   0.82   0.25   0.09   0.60   0.18   0.20   0.24   0.15   0.63   0.94   0.66   0.33   0.29   0.28   0.55   0.35   0.03   0.79   0.35   0.33   0.82   0.66   0.45   0.66   0.72   
0.50   0.50   0.50   0.78   0.50   0.50   0.50   0.50   0.50   0.50   0.93   0.50   0.50   0.50   0.48   0.50   0.70   0.50   0.50   0.90   0.52   0.50   0.50   0.38   0.50   0.50   0.50   0.50   0.50   0.50   0.50   0.50   0.92   0.50   0.50   0.75   0.50   0.50   0.50   0.50   0.76   0.50   0.50   0.50   0.50   0.50   0.50   0.50   0.50   0.50   0.50   0.50   0.50   0.50   0.50   0.50   0.50   0.18   0.86   0.99   0.50   0.50   0.50   0.96   0.94   0.50   0.36   0.59   0.94   0.50   0.50   0.50   0.92   0.50   0.89   0.97   0.50   0.50   
0.03   0.04   0.02   0.28   0.02   0.02   0.03   0.03   0.03   0.04   0.97   0.02   0.02   0.04   0.29   0.01   0.12   0.01   0.02   0.62   0.02   0.03   0.03   0.02   0.02   0.98   0.03   0.03   0.03   0.02   0.02   0.03   0.87   0.03   0.01   0.92   0.98   0.95   0.98   0.03   0.03   0.03   0.98   0.96   0.89   0.98   0.03   0.03   0.04   0.03   0.77   0.85   0.98   0.98   0.03   0.03   0.85   0.04   0.65   0.95   0.02   0.70   0.95   0.99   0.89   0.70   0.17   0.62   0.93   0.02   0.84   0.98   0.82   0.98   0.94   0.97   0.95   0.85   

5.00   5.00   5.00   5.00   5.00   5.00   5.00   5.00   5.00   5.00   5.00   5.00   5.00   5.00   5.00   5.00   5.00   5.00   5.00   5.00   5.00   5.00   5.00   5.00   5.00   5.00   5.00   5.00   5.00   5.00   5.00   5.00   5.00   5.00   5.00   5.00   5.00   5.00   5.00   5.00   5.00   5.00   5.00   5.00   5.00   5.00   5.00   5.00   5.00   5.00   5.00   5.00   5.00   5.00   5.00   5.00   5.00   5.00   5.00   5.00   5.00   5.00   5.00   5.00   5.00   5.00   5.00   5.00   5.00   5.00   5.00   5.00   5.00   5.00   5.00   5.00   5.00   5.00   
0.01   0.11   0.01   0.15   0.06   0.01   0.03   0.01   0.01   0.09   0.59   0.01   0.05   0.03   0.34   0.01   0.13   0.01   0.01   0.16   0.06   0.01   0.10   0.12   0.01   0.81   0.02   0.01   0.01   0.01   0.01   0.07   0.25   0.02   0.01   0.72   0.82   0.66   0.84   0.01   0.01   0.03   0.89   0.84   0.85   0.66   0.01   0.05   0.07   0.01   0.72   0.76   0.87   0.82   0.25   0.09   0.60   0.18   0.20   0.24   0.15   0.63   0.94   0.66   0.33   0.29   0.28   0.55   0.35   0.03   0.79   0.35   0.33   0.82   0.66   0.45   0.66   0.72   
0.01   0.11   0.01   0.15   0.06   0.01   0.03   0.01   0.01   0.09   0.59   0.01   0.05   0.03   0.34   0.01   0.13   0.01   0.01   0.16   0.06   0.01   0.10   0.12   0.01   0.81   0.02   0.01   0.01   0.01   0.01   0.07   0.25   0.02   0.01   0.72   0.82   0.66   0.84   0.01   0.01   0.03   0.89   0.84   0.85   0.66   0.01   0.05   0.07   0.01   0.72   0.76   0.87   0.82   0.25   0.09   0.60   0.18   0.20   0.24   0.15   0.63   0.94   0.66   0.33   0.29   0.28   0.55   0.35   0.03   0.79   0.35   0.33   0.82   0.66   0.45   0.66   0.72   
0.50   0.50   0.50   0.80   0.50   0.50   0.50   0.50   0.50   0.50   0.94   0.50   0.50   0.50   0.49   0.50   0.72   0.50   0.50   0.92   0.53   0.50   0.50   0.38   0.50   0.50   0.50   0.50   0.50   0.50   0.50   0.50   0.93   0.50   0.50   0.77   0.50   0.50   0.50   0.50   0.78   0.50   0.50   0.50   0.50   0.50   0.50   0.50   0.50   0.50   0.50   0.50   0.50   0.50   0.50   0.50   0.50   0.17   0.88   0.99   0.50   0.50   0.50   0.97   0.95   0.50   0.36   0.60   0.96   0.50   0.50   0.50   0.94   0.50   0.91   0.98   0.50   0.50   
0.03   0.04   0.02   0.31   0.02   0.02   0.03   0.04   0.03   0.04   0.97   0.02   0.02   0.04   0.30   0.01   0.13   0.01   0.02   0.66   0.02   0.03   0.03   0.02   0.02   0.98   0.03   0.03   0.03   0.02   0.02   0.03   0.90   0.03   0.01   0.93   0.98   0.95   0.98   0.03   0.03   0.04   0.98   0.96   0.89   0.98   0.03   0.03   0.04   0.04   0.77   0.85   0.98   0.98   0.03   0.03   0.85   0.03   0.69   0.96   0.02   0.70   0.95   0.99   0.91   0.70   0.17   0.63   0.94   0.02   0.84   0.98   0.85   0.98   0.95   0.98   0.95   0.85   

0.00   0.00   0.00   0.00   0.00   0.00   0.00   0.00   0.00   0.00   0.00   0.00   0.00   0.00   0.00   0.00   0.00   0.00   0.00   0.00   0.00   0.00   0.00   0.00   0.00   0.00   0.00   0.00   0.00   0.00   0.00   0.00   1.00   0.00   0.00   0.00   1.00   1.00   1.00   0.00   0.00   0.00   1.00   1.00   1.00   1.00   0.00   0.00   0.00   0.00   1.00   1.00   1.00   1.00   1.00   0.00   1.00   0.00   1.00   1.00   1.00   1.00   1.00   1.00   1.00   1.00   1.00   1.00   1.00   0.00   1.00   1.00   1.00   1.00   1.00   1.00   1.00   1.00   