5.00   5.00   5.00   5.00   5.00   5.00   5.00   5.00   5.00   5.00   5.00   5.00   5.00   5.00   5.00   5.00   5.00   5.00   5.00   5.00   5.00   5.00   5.00   5.00   5.00   5.00   5.00   5.00   5.00   5.00   5.00   5.00   5.00   5.00   5.00   5.00   5.00   5.00   5.00   5.00   5.00   5.00   5.00   5.00   5.00   5.00   5.00   5.00   5.00   5.00   5.00   5.00   5.00   5.00   5.00   5.00   5.00   5.00   5.00   5.00   5.00   5.00   5.00   5.00   5.00   5.00   5.00   5.00   5.00   5.00   5.00   5.00   5.00   5.00   5.00   5.00   5.00   5.00   
0.05   0.05   0.05   0.05   0.05   0.05   0.05   0.05   0.05   0.05   0.05   0.05   0.05   0.05   0.05   0.05   0.05   0.05   0.05   0.05   0.95   0.94   0.05   0.05   0.05   0.05   0.05   0.05   0.05   0.05   0.95   0.05   0.05   0.95   0.05   0.95   0.05   0.94   0.95   0.05   0.95   0.05   0.05   0.05   0.05   0.05   0.05   0.95   0.05   0.05   0.05   0.05   0.05   0.05   0.05   0.05   0.05   0.95   0.95   0.95   0.05   0.95   0.05   0.95   0.95   0.05   0.95   0.05   0.95   0.05   0.05   0.95   0.05   0.95   0.05   0.95   0.05   0.95   
0.05   0.05   0.05   0.05   0.05   0.05   0.05   0.05   0.05   0.05   0.05   0.05   0.05   0.05   0.05   0.05   0.05   0.05   0.05   0.05   0.95   0.94   0.05   0.05   0.05   0.05   0.05   0.05   0.05   0.05   0.95   0.05   0.05   0.95   0.05   0.95   0.05   0.94   0.95   0.05   0.95   0.05   0.05   0.05   0.05   0.05   0.05   0.95   0.05   0.05   0.05   0.05   0.05   0.05   0.05   0.05   0.05   0.95   0.95   0.95   0.05   0.95   0.05   0.95   0.95   0.05   0.95   0.05   0.95   0.05   0.05   0.95   0.05   0.95   0.05   0.95   0.05   0.95   
0.17   0.09   0.46   0.23   0.62   0.20   0.42   0.01   0.04   0.31   0.57   0.39   0.32   0.84   0.41   0.44   0.13   0.22   0.46   0.20   0.62   0.20   0.21   0.21   0.81   0.11   0.10   0.35   0.07   0.59   0.59   0.57   0.39   0.79   0.66   0.83   0.47   0.59   0.84   0.97   0.99   0.15   0.16   0.71   0.31   0.05   0.08   0.98   0.90   0.26   0.09   0.94   0.29   0.64   0.10   0.04   0.78   0.50   0.51   0.90   0.67   0.94   0.84   0.70   0.79   0.62   0.69   0.73   0.69   0.91   0.56   0.87   0.94   0.70   0.97   0.34   0.78   0.88   
0.01   0.00   0.03   0.01   0.75   0.01   0.03   0.00   0.00   0.02   0.71   0.72   0.02   0.91   0.03   0.03   0.01   0.01   0.03   0.51   0.98   0.95   0.01   0.52   0.95   0.01   0.00   0.02   0.00   0.86   0.97   0.85   0.03   0.99   0.78   0.99   0.03   0.99   0.99   0.99   1.00   0.01   0.01   0.91   0.02   0.00   0.00   1.00   0.94   0.59   0.00   0.97   0.02   0.88   0.03   0.00   0.87   0.96   0.96   1.00   0.79   1.00   0.91   0.98   0.99   0.75   0.98   0.83   0.98   0.95   0.70   0.99   0.97   0.98   0.98   0.92   0.87   0.99   

5.00   5.00   5.00   5.00   5.00   5.00   5.00   5.00   5.00   5.00   5.00   5.00   5.00   5.00   5.00   5.00   5.00   5.00   5.00   5.00   5.00   5.00   5.00   5.00   5.00   5.00   5.00   5.00   5.00   5.00   5.00   5.00   5.00   5.00   5.00   5.00   5.00   5.00   5.00   5.00   5.00   5.00   5.00   5.00   5.00   5.00   5.00   5.00   5.00   5.00   5.00   5.00   5.00   5.00   5.00   5.00   5.00   5.00   5.00   5.00   5.00   5.00   5.00   5.00   5.00   5.00   5.00   5.00   5.00   5.00   5.00   5.00   5.00   5.00   5.00   5.00   5.00   5.00   
0.04   0.04   0.04   0.04   0.66   0.04   0.04   0.04   0.04   0.04   0.04   0.06   0.04   0.04   0.04   0.04   0.04   0.04   0.04   0.06   0.38   0.40   0.04   0.06   0.69   0.04   0.04   0.04   0.04   0.06   0.38   0.06   0.66   0.96   0.04   0.38   0.04   0.97   0.96   0.69   0.38   0.04   0.04   0.06   0.04   0.04   0.04   0.96   0.66   0.69   0.66   0.04   0.66   0.06   0.06   0.04   0.04   0.96   0.96   0.96   0.66   0.96   0.66   0.96   0.38   0.66   0.96   0.04   0.96   0.66   0.66   0.38   0.66   0.38   0.04   0.96   0.04   0.38   
0.04   0.04   0.04   0.04   0.66   0.04   0.04   0.04   0.04   0.04   0.04   0.06   0.04   0.04   0.04   0.04   0.04   0.04   0.04   0.06   0.38   0.40   0.04   0.06   0.69   0.04   0.04   0.04   0.04   0.06   0.38   0.06   0.66   0.96   0.04   0.38   0.04   0.97   0.96   0.69   0.38   0.04   0.04   0.06   0.04   0.04   0.04   0.96   0.66   0.69   0.66   0.04   0.66   0.06   0.06   0.04   0.04   0.96   0.96   0.96   0.66   0.96   0.66   0.96   0.38   0.66   0.96   0.04   0.96   0.66   0.66   0.38   0.66   0.38   0.04   0.96   0.04   0.38   
0.15   0.50   0.38   0.21   0.62   0.13   0.42   0.50   0.50   0.25   0.55   0.28   0.24   0.87   0.34   0.50   0.50   0.23   0.41   0.14   0.75   0.19   0.20   0.23   0.91   0.50   0.50   0.34   0.50   0.68   0.58   0.57   0.43   0.87   0.80   0.88   0.48   0.61   0.85   0.97   0.50   0.12   0.20   0.77   0.30   0.50   0.50   0.50   0.93   0.22   0.50   0.95   0.21   0.74   0.09   0.50   0.84   0.60   0.53   0.50   0.72   0.50   0.88   0.73   0.83   0.64   0.70   0.72   0.74   0.93   0.51   0.50   0.95   0.70   0.98   0.34   0.84   0.50   
0.01   0.04   0.02   0.01   0.90   0.01   0.03   0.04   0.04   0.01   0.04   0.02   0.01   0.84   0.02   0.04   0.04   0.01   0.03   0.01   0.90   0.15   0.01   0.02   0.98   0.04   0.04   0.02   0.04   0.65   0.80   0.54   0.80   1.00   0.75   0.95   0.03   0.99   1.00   1.00   0.97   0.01   0.01   0.74   0.02   0.04   0.04   0.97   0.99   0.62   0.04   0.94   0.23   0.72   0.01   0.04   0.80   0.98   0.98   0.97   0.93   0.97   0.97   0.99   0.93   0.90   0.99   0.67   0.99   0.99   0.85   0.97   0.99   0.87   0.98   0.95   0.80   0.97   

5.00   5.00   5.00   5.00   5.00   5.00   5.00   5.00   5.00   5.00   5.00   5.00   5.00   5.00   5.00   5.00   5.00   5.00   5.00   5.00   5.00   5.00   5.00   5.00   5.00   5.00   5.00   5.00   5.00   5.00   5.00   5.00   5.00   5.00   5.00   5.00   5.00   5.00   5.00   5.00   5.00   5.00   5.00   5.00   5.00   5.00   5.00   5.00   5.00   5.00   5.00   5.00   5.00   5.00   5.00   5.00   5.00   5.00   5.00   5.00   5.00   5.00   5.00   5.00   5.00   5.00   5.00   5.00   5.00   5.00   5.00   5.00   5.00   5.00   5.00   5.00   5.00   5.00   
0.02   0.18   0.18   0.18   0.77   0.18   0.02   0.18   0.02   0.18   0.18   0.19   0.18   0.18   0.02   0.18   0.02   0.18   0.18   0.19   0.46   0.27   0.18   0.02   0.77   0.02   0.02   0.02   0.02   0.02   0.26   0.02   0.57   0.78   0.18   0.46   0.02   0.98   0.78   0.77   0.46   0.02   0.18   0.02   0.02   0.02   0.02   0.97   0.57   0.77   0.77   0.18   0.77   0.19   0.19   0.02   0.18   0.97   0.97   0.97   0.77   0.97   0.77   0.97   0.46   0.77   0.97   0.02   0.97   0.77   0.77   0.46   0.77   0.46   0.02   0.97   0.18   0.26   
0.02   0.18   0.18   0.18   0.77   0.18   0.02   0.18   0.02   0.18   0.18   0.19   0.18   0.18   0.02   0.18   0.02   0.18   0.18   0.19   0.46   0.27   0.18   0.02   0.77   0.02   0.02   0.02   0.02   0.02   0.26   0.02   0.57   0.78   0.18   0.46   0.02   0.98   0.78   0.77   0.46   0.02   0.18   0.02   0.02   0.02   0.02   0.97   0.57   0.77   0.77   0.18   0.77   0.19   0.19   0.02   0.18   0.97   0.97   0.97   0.77   0.97   0.77   0.97   0.46   0.77   0.97   0.02   0.97   0.77   0.77   0.46   0.77   0.46   0.02   0.97   0.18   0.26   
0.50   0.50   0.27   0.09   0.68   0.50   0.30   0.50   0.50   0.20   0.58   0.16   0.09   0.88   0.18   0.55   0.50   0.10   0.51   0.09   0.81   0.10   0.21   0.14   0.92   0.50   0.50   0.26   0.50   0.74   0.58   0.54   0.46   0.50   0.92   0.92   0.42   0.78   0.50   0.50   0.50   0.50   0.12   0.80   0.19   0.50   0.50   0.50   0.95   0.30   0.50   0.97   0.12   0.77   0.50   0.50   0.89   0.62   0.44   0.50   0.71   0.50   0.89   0.80   0.83   0.67   0.78   0.71   0.70   0.97   0.55   0.50   0.98   0.83   1.00   0.40   0.86   0.50   
0.04   0.04   0.03   0.01   0.93   0.04   0.01   0.04   0.04   0.02   0.10   0.01   0.01   0.87   0.00   0.09   0.04   0.01   0.07   0.01   0.93   0.05   0.02   0.00   0.99   0.04   0.04   0.01   0.04   0.62   0.74   0.02   0.77   0.98   0.92   0.97   0.01   0.99   0.98   0.86   0.98   0.04   0.01   0.69   0.00   0.04   0.04   0.98   0.99   0.75   0.04   0.97   0.16   0.77   0.04   0.04   0.88   0.99   0.98   0.98   0.94   0.98   0.98   1.00   0.94   0.93   0.99   0.57   0.99   1.00   0.89   0.98   1.00   0.94   0.99   0.97   0.86   0.98   

5.00   5.00   5.00   5.00   5.00   5.00   5.00   5.00   5.00   5.00   5.00   5.00   5.00   5.00   5.00   5.00   5.00   5.00   5.00   5.00   5.00   5.00   5.00   5.00   5.00   5.00   5.00   5.00   5.00   5.00   5.00   5.00   5.00   5.00   5.00   5.00   5.00   5.00   5.00   5.00   5.00   5.00   5.00   5.00   5.00   5.00   5.00   5.00   5.00   5.00   5.00   5.00   5.00   5.00   5.00   5.00   5.00   5.00   5.00   5.00   5.00   5.00   5.00   5.00   5.00   5.00   5.00   5.00   5.00   5.00   5.00   5.00   5.00   5.00   5.00   5.00   5.00   5.00   
0.02   0.16   0.16   0.16   0.74   0.16   0.02   0.16   0.02   0.16   0.16   0.24   0.22   0.22   0.03   0.16   0.02   0.16   0.16   0.18   0.43   0.25   0.16   0.02   0.76   0.02   0.02   0.02   0.02   0.02   0.24   0.02   0.55   0.75   0.16   0.43   0.02   0.98   0.75   0.81   0.48   0.02   0.16   0.04   0.02   0.03   0.03   0.96   0.59   0.76   0.79   0.22   0.74   0.24   0.18   0.02   0.22   0.98   0.96   0.98   0.74   0.96   0.74   0.96   0.48   0.79   0.96   0.03   0.96   0.74   0.79   0.43   0.74   0.43   0.02   0.96   0.22   0.24   
0.02   0.16   0.16   0.16   0.74   0.16   0.02   0.16   0.02   0.16   0.16   0.24   0.22   0.22   0.03   0.16   0.02   0.16   0.16   0.18   0.43   0.25   0.16   0.02   0.76   0.02   0.02   0.02   0.02   0.02   0.24   0.02   0.55   0.75   0.16   0.43   0.02   0.98   0.75   0.81   0.48   0.02   0.16   0.04   0.02   0.03   0.03   0.96   0.59   0.76   0.79   0.22   0.74   0.24   0.18   0.02   0.22   0.98   0.96   0.98   0.74   0.96   0.74   0.96   0.48   0.79   0.96   0.03   0.96   0.74   0.79   0.43   0.74   0.43   0.02   0.96   0.22   0.24   
0.50   0.50   0.34   0.09   0.74   0.50   0.40   0.50   0.50   0.10   0.82   0.12   0.07   0.92   0.50   0.62   0.50   0.10   0.71   0.11   0.80   0.12   0.22   0.50   0.95   0.50   0.50   0.28   0.50   0.75   0.78   0.49   0.56   0.50   0.95   0.93   0.54   0.50   0.50   0.50   0.50   0.50   0.12   0.88   0.50   0.50   0.50   0.50   0.97   0.65   0.50   0.98   0.21   0.83   0.50   0.50   0.94   0.78   0.45   0.50   0.76   0.50   0.92   0.50   0.87   0.54   0.50   0.69   0.91   0.50   0.72   0.50   0.50   0.88   0.50   0.61   0.91   0.50   
0.04   0.04   0.03   0.01   0.93   0.04   0.01   0.04   0.04   0.01   0.21   0.03   0.01   0.94   0.02   0.09   0.04   0.01   0.12   0.01   0.91   0.05   0.02   0.02   0.99   0.04   0.04   0.01   0.04   0.56   0.85   0.02   0.77   0.98   0.94   0.97   0.02   0.98   0.98   0.85   0.98   0.04   0.01   0.85   0.02   0.04   0.04   0.98   0.99   0.90   0.04   0.99   0.21   0.87   0.04   0.04   0.95   1.00   0.95   0.98   0.93   0.98   0.98   0.98   0.96   0.90   0.98   0.64   1.00   0.86   0.95   0.98   0.86   0.95   0.02   0.97   0.93   0.98   

5.00   5.00   5.00   5.00   5.00   5.00   5.00   5.00   5.00   5.00   5.00   5.00   5.00   5.00   5.00   5.00   5.00   5.00   5.00   5.00   5.00   5.00   5.00   5.00   5.00   5.00   5.00   5.00   5.00   5.00   5.00   5.00   5.00   5.00   5.00   5.00   5.00   5.00   5.00   5.00   5.00   5.00   5.00   5.00   5.00   5.00   5.00   5.00   5.00   5.00   5.00   5.00   5.00   5.00   5.00   5.00   5.00   5.00   5.00   5.00   5.00   5.00   5.00   5.00   5.00   5.00   5.00   5.00   5.00   5.00   5.00   5.00   5.00   5.00   5.00   5.00   5.00   5.00   
0.01   0.08   0.08   0.08   0.53   0.08   0.01   0.08   0.01   0.08   0.08   0.15   0.14   0.44   0.04   0.39   0.01   0.08   0.39   0.10   0.58   0.47   0.08   0.02   0.80   0.01   0.01   0.01   0.01   0.02   0.19   0.02   0.67   0.85   0.08   0.58   0.01   0.99   0.59   0.85   0.37   0.01   0.08   0.04   0.27   0.04   0.04   0.96   0.72   0.54   0.58   0.44   0.79   0.15   0.10   0.01   0.44   0.98   0.96   0.98   0.79   0.96   0.53   0.71   0.37   0.58   0.71   0.04   0.71   0.53   0.84   0.32   0.79   0.58   0.27   0.96   0.44   0.46   
0.01   0.08   0.08   0.08   0.53   0.08   0.01   0.08   0.01   0.08   0.08   0.15   0.14   0.44   0.04   0.39   0.01   0.08   0.39   0.10   0.58   0.47   0.08   0.02   0.80   0.01   0.01   0.01   0.01   0.02   0.19   0.02   0.67   0.85   0.08   0.58   0.01   0.99   0.59   0.85   0.37   0.01   0.08   0.04   0.27   0.04   0.04   0.96   0.72   0.54   0.58   0.44   0.79   0.15   0.10   0.01   0.44   0.98   0.96   0.98   0.79   0.96   0.53   0.71   0.37   0.58   0.71   0.04   0.71   0.53   0.84   0.32   0.79   0.58   0.27   0.96   0.44   0.46   
0.50   0.50   0.42   0.50   0.82   0.50   0.50   0.50   0.50   0.50   0.91   0.10   0.03   0.96   0.50   0.60   0.50   0.50   0.73   0.08   0.78   0.09   0.23   0.50   0.94   0.50   0.50   0.50   0.50   0.78   0.75   0.53   0.57   0.50   0.97   0.97   0.65   0.50   0.50   0.50   0.50   0.50   0.14   0.90   0.50   0.50   0.50   0.50   0.50   0.66   0.50   1.00   0.22   0.91   0.50   0.50   0.96   0.50   0.40   0.50   0.72   0.50   0.97   0.50   0.93   0.67   0.50   0.71   0.50   0.50   0.68   0.50   0.50   0.87   0.50   0.58   0.91   0.50   
0.04   0.04   0.05   0.08   0.85   0.04   0.01   0.04   0.04   0.08   0.83   0.01   0.00   0.98   0.02   0.75   0.04   0.08   0.84   0.01   0.95   0.10   0.02   0.02   0.99   0.04   0.04   0.01   0.04   0.04   0.72   0.01   0.81   0.98   0.94   0.99   0.03   0.98   0.98   0.81   0.98   0.04   0.01   0.75   0.02   0.04   0.04   0.98   0.74   0.71   0.04   1.00   0.34   0.86   0.03   0.04   0.98   0.99   0.96   0.98   0.94   0.98   0.98   0.98   0.96   0.76   0.98   0.09   0.97   0.48   0.94   0.98   0.48   0.97   0.02   0.98   0.96   0.98   

5.00   5.00   5.00   5.00   5.00   5.00   5.00   5.00   5.00   5.00   5.00   5.00   5.00   5.00   5.00   5.00   5.00   5.00   5.00   5.00   5.00   5.00   5.00   5.00   5.00   5.00   5.00   5.00   5.00   5.00   5.00   5.00   5.00   5.00   5.00   5.00   5.00   5.00   5.00   5.00   5.00   5.00   5.00   5.00   5.00   5.00   5.00   5.00   5.00   5.00   5.00   5.00   5.00   5.00   5.00   5.00   5.00   5.00   5.00   5.00   5.00   5.00   5.00   5.00   5.00   5.00   5.00   5.00   5.00   5.00   5.00   5.00   5.00   5.00   5.00   5.00   5.00   5.00   
0.01   0.07   0.22   0.07   0.48   0.07   0.01   0.07   0.01   0.22   0.22   0.12   0.11   0.53   0.03   0.36   0.01   0.07   0.36   0.08   0.53   0.43   0.07   0.02   0.87   0.01   0.01   0.01   0.01   0.02   0.15   0.02   0.74   0.89   0.22   0.53   0.01   0.94   0.52   0.90   0.31   0.01   0.07   0.03   0.25   0.03   0.03   0.98   0.78   0.61   0.52   0.53   0.74   0.12   0.08   0.01   0.53   0.93   0.90   0.93   0.74   0.90   0.48   0.64   0.31   0.52   0.64   0.03   0.75   0.48   0.79   0.26   0.74   0.53   0.25   0.98   0.40   0.42   
0.01   0.07   0.22   0.07   0.48   0.07   0.01   0.07   0.01   0.22   0.22   0.12   0.11   0.53   0.03   0.36   0.01   0.07   0.36   0.08   0.53   0.43   0.07   0.02   0.87   0.01   0.01   0.01   0.01   0.02   0.15   0.02   0.74   0.89   0.22   0.53   0.01   0.94   0.52   0.90   0.31   0.01   0.07   0.03   0.25   0.03   0.03   0.98   0.78   0.61   0.52   0.53   0.74   0.12   0.08   0.01   0.53   0.93   0.90   0.93   0.74   0.90   0.48   0.64   0.31   0.52   0.64   0.03   0.75   0.48   0.79   0.26   0.74   0.53   0.25   0.98   0.40   0.42   
0.50   0.50   0.28   0.50   0.83   0.50   0.49   0.50   0.50   0.50   0.92   0.07   0.50   0.96   0.50   0.57   0.50   0.50   0.66   0.50   0.80   0.08   0.22   0.50   0.96   0.50   0.50   0.50   0.50   0.69   0.82   0.49   0.64   0.50   0.98   0.50   0.64   0.50   0.50   0.50   0.50   0.50   0.13   0.89   0.50   0.50   0.50   0.50   0.50   0.56   0.50   0.50   0.15   0.92   0.50   0.50   0.95   0.50   0.34   0.50   0.78   0.50   0.97   0.50   0.91   0.58   0.50   0.61   0.50   0.50   0.60   0.50   0.50   0.91   0.50   0.60   0.92   0.50   
0.04   0.04   0.07   0.07   0.84   0.04   0.01   0.04   0.04   0.07   0.89   0.01   0.09   0.98   0.02   0.37   0.04   0.07   0.46   0.06   0.93   0.06   0.02   0.02   0.99   0.04   0.04   0.01   0.04   0.02   0.75   0.01   0.87   0.98   0.97   0.81   0.02   0.98   0.98   0.78   0.97   0.04   0.01   0.64   0.02   0.04   0.04   0.97   0.71   0.69   0.04   0.38   0.17   0.83   0.03   0.04   0.98   0.98   0.87   0.97   0.92   0.97   0.97   0.98   0.93   0.39   0.98   0.04   0.97   0.47   0.86   0.97   0.47   0.97   0.02   0.99   0.94   0.97   

5.00   5.00   5.00   5.00   5.00   5.00   5.00   5.00   5.00   5.00   5.00   5.00   5.00   5.00   5.00   5.00   5.00   5.00   5.00   5.00   5.00   5.00   5.00   5.00   5.00   5.00   5.00   5.00   5.00   5.00   5.00   5.00   5.00   5.00   5.00   5.00   5.00   5.00   5.00   5.00   5.00   5.00   5.00   5.00   5.00   5.00   5.00   5.00   5.00   5.00   5.00   5.00   5.00   5.00   5.00   5.00   5.00   5.00   5.00   5.00   5.00   5.00   5.00   5.00   5.00   5.00   5.00   5.00   5.00   5.00   5.00   5.00   5.00   5.00   5.00   5.00   5.00   5.00   
0.01   0.07   0.21   0.07   0.48   0.07   0.01   0.07   0.01   0.22   0.22   0.12   0.11   0.54   0.03   0.36   0.01   0.07   0.36   0.08   0.53   0.43   0.07   0.02   0.87   0.01   0.01   0.01   0.01   0.02   0.15   0.02   0.74   0.90   0.22   0.53   0.01   0.94   0.52   0.90   0.31   0.01   0.07   0.03   0.25   0.03   0.03   0.98   0.79   0.61   0.52   0.54   0.74   0.12   0.08   0.01   0.54   0.93   0.90   0.93   0.74   0.90   0.48   0.64   0.31   0.52   0.64   0.03   0.75   0.48   0.79   0.26   0.74   0.53   0.25   0.98   0.40   0.42   
0.01   0.07   0.21   0.07   0.48   0.07   0.01   0.07   0.01   0.22   0.22   0.12   0.11   0.54   0.03   0.36   0.01   0.07   0.36   0.08   0.53   0.43   0.07   0.02   0.87   0.01   0.01   0.01   0.01   0.02   0.15   0.02   0.74   0.90   0.22   0.53   0.01   0.94   0.52   0.90   0.31   0.01   0.07   0.03   0.25   0.03   0.03   0.98   0.79   0.61   0.52   0.54   0.74   0.12   0.08   0.01   0.54   0.93   0.90   0.93   0.74   0.90   0.48   0.64   0.31   0.52   0.64   0.03   0.75   0.48   0.79   0.26   0.74   0.53   0.25   0.98   0.40   0.42   
0.50   0.50   0.31   0.50   0.81   0.50   0.54   0.50   0.50   0.50   0.90   0.50   0.50   0.95   0.50   0.59   0.50   0.50   0.66   0.50   0.83   0.11   0.28   0.50   0.95   0.50   0.50   0.50   0.50   0.73   0.77   0.54   0.61   0.50   0.97   0.50   0.59   0.50   0.50   0.50   0.50   0.50   0.18   0.88   0.50   0.50   0.50   0.50   0.50   0.53   0.50   0.50   0.18   0.92   0.50   0.50   0.96   0.50   0.39   0.50   0.70   0.50   0.96   0.50   0.91   0.54   0.50   0.58   0.50   0.50   0.59   0.50   0.50   0.88   0.50   0.56   0.91   0.50   
0.04   0.04   0.10   0.07   0.83   0.04   0.01   0.04   0.04   0.07   0.85   0.08   0.10   0.98   0.02   0.35   0.04   0.07   0.42   0.06   0.92   0.08   0.02   0.02   0.99   0.04   0.04   0.01   0.04   0.03   0.67   0.01   0.85   0.98   0.96   0.78   0.02   0.98   0.98   0.80   0.97   0.04   0.01   0.61   0.02   0.04   0.04   0.97   0.73   0.67   0.04   0.36   0.25   0.82   0.04   0.04   0.98   0.98   0.92   0.97   0.89   0.97   0.97   0.98   0.92   0.61   0.98   0.03   0.97   0.79   0.86   0.97   0.79   0.95   0.02   0.98   0.93   0.97   

5.00   5.00   5.00   5.00   5.00   5.00   5.00   5.00   5.00   5.00   5.00   5.00   5.00   5.00   5.00   5.00   5.00   5.00   5.00   5.00   5.00   5.00   5.00   5.00   5.00   5.00   5.00   5.00   5.00   5.00   5.00   5.00   5.00   5.00   5.00   5.00   5.00   5.00   5.00   5.00   5.00   5.00   5.00   5.00   5.00   5.00   5.00   5.00   5.00   5.00   5.00   5.00   5.00   5.00   5.00   5.00   5.00   5.00   5.00   5.00   5.00   5.00   5.00   5.00   5.00   5.00   5.00   5.00   5.00   5.00   5.00   5.00   5.00   5.00   5.00   5.00   5.00   5.00   
0.01   0.10   0.24   0.10   0.49   0.10   0.01   0.05   0.02   0.18   0.18   0.09   0.14   0.47   0.02   0.36   0.02   0.10   0.36   0.11   0.49   0.38   0.10   0.03   0.83   0.01   0.01   0.01   0.02   0.03   0.18   0.03   0.70   0.91   0.24   0.54   0.01   0.96   0.58   0.91   0.34   0.02   0.10   0.02   0.19   0.02   0.04   0.98   0.79   0.66   0.52   0.47   0.76   0.15   0.06   0.01   0.52   0.95   0.92   0.91   0.77   0.93   0.54   0.70   0.34   0.57   0.70   0.04   0.80   0.54   0.80   0.30   0.77   0.49   0.19   0.98   0.34   0.42   
0.01   0.10   0.24   0.10   0.49   0.10   0.01   0.05   0.02   0.18   0.18   0.09   0.14   0.47   0.02   0.36   0.02   0.10   0.36   0.11   0.49   0.38   0.10   0.03   0.83   0.01   0.01   0.01   0.02   0.03   0.18   0.03   0.70   0.91   0.24   0.54   0.01   0.96   0.58   0.91   0.34   0.02   0.10   0.02   0.19   0.02   0.04   0.98   0.79   0.66   0.52   0.47   0.76   0.15   0.06   0.01   0.52   0.95   0.92   0.91   0.77   0.93   0.54   0.70   0.34   0.57   0.70   0.04   0.80   0.54   0.80   0.30   0.77   0.49   0.19   0.98   0.34   0.42   
0.50   0.50   0.32   0.50   0.84   0.50   0.57   0.50   0.50   0.50   0.95   0.50   0.50   0.97   0.50   0.66   0.50   0.50   0.79   0.50   0.89   0.11   0.32   0.50   0.50   0.50   0.50   0.50   0.50   0.78   0.84   0.54   0.75   0.50   0.99   0.50   0.70   0.50   0.50   0.50   0.50   0.50   0.14   0.92   0.50   0.50   0.50   0.50   0.50   0.62   0.50   0.50   0.18   0.94   0.50   0.50   0.98   0.50   0.41   0.50   0.83   0.50   0.98   0.50   0.94   0.57   0.50   0.56   0.50   0.50   0.62   0.50   0.50   0.95   0.50   0.63   0.96   0.50   
0.05   0.78   0.10   0.09   0.87   0.05   0.04   0.78   0.78   0.09   0.93   0.05   0.11   0.99   0.02   0.79   0.78   0.09   0.88   0.04   0.98   0.11   0.02   0.01   0.91   0.78   0.78   0.02   0.78   0.02   0.79   0.01   0.95   0.98   0.98   0.87   0.07   0.97   0.98   0.81   0.98   0.05   0.01   0.75   0.02   0.78   0.78   0.98   0.79   0.69   0.78   0.50   0.30   0.84   0.02   0.78   0.99   0.99   0.94   0.98   0.96   0.98   0.99   0.99   0.95   0.36   0.99   0.03   0.98   0.90   0.91   0.98   0.90   0.99   0.02   0.99   0.98   0.98   

5.00   5.00   5.00   5.00   5.00   5.00   5.00   5.00   5.00   5.00   5.00   5.00   5.00   5.00   5.00   5.00   5.00   5.00   5.00   5.00   5.00   5.00   5.00   5.00   5.00   5.00   5.00   5.00   5.00   5.00   5.00   5.00   5.00   5.00   5.00   5.00   5.00   5.00   5.00   5.00   5.00   5.00   5.00   5.00   5.00   5.00   5.00   5.00   5.00   5.00   5.00   5.00   5.00   5.00   5.00   5.00   5.00   5.00   5.00   5.00   5.00   5.00   5.00   5.00   5.00   5.00   5.00   5.00   5.00   5.00   5.00   5.00   5.00   5.00   5.00   5.00   5.00   5.00   
0.01   0.06   0.57   0.06   0.24   0.06   0.01   0.04   0.02   0.24   0.54   0.06   0.09   0.70   0.02   0.21   0.02   0.06   0.21   0.07   0.33   0.26   0.06   0.02   0.86   0.01   0.01   0.01   0.02   0.02   0.47   0.02   0.78   0.93   0.57   0.67   0.01   0.60   0.65   0.91   0.57   0.02   0.06   0.02   0.10   0.02   0.03   0.98   0.84   0.76   0.27   0.41   0.42   0.10   0.04   0.01   0.44   0.59   0.56   0.85   0.42   0.85   0.28   0.43   0.57   0.62   0.73   0.03   0.88   0.28   0.45   0.22   0.42   0.33   0.10   0.98   0.53   0.60   
0.01   0.06   0.57   0.06   0.24   0.06   0.01   0.04   0.02   0.24   0.54   0.06   0.09   0.70   0.02   0.21   0.02   0.06   0.21   0.07   0.33   0.26   0.06   0.02   0.86   0.01   0.01   0.01   0.02   0.02   0.47   0.02   0.78   0.93   0.57   0.67   0.01   0.60   0.65   0.91   0.57   0.02   0.06   0.02   0.10   0.02   0.03   0.98   0.84   0.76   0.27   0.41   0.42   0.10   0.04   0.01   0.44   0.59   0.56   0.85   0.42   0.85   0.28   0.43   0.57   0.62   0.73   0.03   0.88   0.28   0.45   0.22   0.42   0.33   0.10   0.98   0.53   0.60   
0.50   0.50   0.32   0.50   0.79   0.50   0.51   0.50   0.50   0.50   0.94   0.50   0.50   0.95   0.50   0.56   0.50   0.50   0.76   0.50   0.79   0.11   0.33   0.50   0.50   0.50   0.50   0.50   0.50   0.73   0.80   0.54   0.65   0.50   0.97   0.50   0.63   0.50   0.50   0.50   0.50   0.50   0.13   0.87   0.50   0.50   0.50   0.50   0.50   0.65   0.50   0.50   0.18   0.88   0.50   0.50   0.50   0.50   0.35   0.50   0.77   0.50   0.97   0.50   0.90   0.58   0.50   0.58   0.50   0.50   0.57   0.50   0.50   0.90   0.50   0.57   0.92   0.50   
0.04   0.74   0.34   0.05   0.73   0.04   0.05   0.74   0.74   0.05   0.97   0.06   0.09   0.99   0.02   0.15   0.74   0.05   0.31   0.02   0.80   0.04   0.01   0.01   0.89   0.74   0.74   0.02   0.74   0.02   0.82   0.01   0.93   0.98   0.99   0.83   0.07   0.98   0.98   0.81   0.98   0.04   0.00   0.63   0.02   0.74   0.74   0.98   0.83   0.86   0.74   0.30   0.10   0.64   0.02   0.74   0.75   0.99   0.33   0.98   0.76   0.98   0.94   0.98   0.94   0.72   0.98   0.05   0.97   0.46   0.60   0.98   0.46   0.90   0.02   0.96   0.96   0.98   

5.00   5.00   5.00   5.00   5.00   5.00   5.00   5.00   5.00   5.00   5.00   5.00   5.00   5.00   5.00   5.00   5.00   5.00   5.00   5.00   5.00   5.00   5.00   5.00   5.00   5.00   5.00   5.00   5.00   5.00   5.00   5.00   5.00   5.00   5.00   5.00   5.00   5.00   5.00   5.00   5.00   5.00   5.00   5.00   5.00   5.00   5.00   5.00   5.00   5.00   5.00   5.00   5.00   5.00   5.00   5.00   5.00   5.00   5.00   5.00   5.00   5.00   5.00   5.00   5.00   5.00   5.00   5.00   5.00   5.00   5.00   5.00   5.00   5.00   5.00   5.00   5.00   5.00   
0.01   0.06   0.39   0.06   0.21   0.06   0.01   0.04   0.02   0.16   0.60   0.05   0.08   0.51   0.02   0.18   0.02   0.06   0.18   0.06   0.30   0.24   0.06   0.02   0.64   0.01   0.01   0.01   0.02   0.02   0.35   0.02   0.82   0.95   0.63   0.76   0.01   0.75   0.74   0.91   0.66   0.02   0.06   0.02   0.10   0.02   0.03   0.98   0.64   0.56   0.23   0.55   0.36   0.08   0.04   0.01   0.34   0.75   0.49   0.91   0.61   0.91   0.49   0.61   0.43   0.47   0.57   0.03   0.89   0.49   0.63   0.20   0.37   0.30   0.36   0.98   0.63   0.70   
0.01   0.06   0.39   0.06   0.21   0.06   0.01   0.04   0.02   0.16   0.60   0.05   0.08   0.51   0.02   0.18   0.02   0.06   0.18   0.06   0.30   0.24   0.06   0.02   0.64   0.01   0.01   0.01   0.02   0.02   0.35   0.02   0.82   0.95   0.63   0.76   0.01   0.75   0.74   0.91   0.66   0.02   0.06   0.02   0.10   0.02   0.03   0.98   0.64   0.56   0.23   0.55   0.36   0.08   0.04   0.01   0.34   0.75   0.49   0.91   0.61   0.91   0.49   0.61   0.43   0.47   0.57   0.03   0.89   0.49   0.63   0.20   0.37   0.30   0.36   0.98   0.63   0.70   
0.50   0.50   0.36   0.50   0.83   0.50   0.61   0.50   0.50   0.50   0.95   0.50   0.50   0.96   0.50   0.63   0.50   0.50   0.76   0.50   0.86   0.12   0.28   0.50   0.50   0.50   0.50   0.50   0.50   0.72   0.85   0.53   0.73   0.50   0.98   0.50   0.69   0.50   0.50   0.50   0.50   0.50   0.50   0.88   0.50   0.50   0.50   0.50   0.50   0.54   0.50   0.50   0.23   0.89   0.50   0.50   0.50   0.50   0.38   0.50   0.74   0.50   0.97   0.50   0.93   0.58   0.50   0.60   0.50   0.50   0.39   0.50   0.50   0.91   0.50   0.57   0.94   0.50   
0.04   0.75   0.30   0.04   0.72   0.04   0.05   0.75   0.75   0.04   0.98   0.05   0.08   0.98   0.02   0.16   0.75   0.04   0.26   0.02   0.80   0.03   0.01   0.02   0.90   0.75   0.75   0.02   0.75   0.02   0.79   0.01   0.96   0.98   0.99   0.46   0.07   0.98   0.98   0.82   0.98   0.04   0.02   0.58   0.02   0.75   0.75   0.98   0.84   0.70   0.75   0.27   0.11   0.60   0.03   0.75   0.73   0.99   0.28   0.98   0.81   0.98   0.97   0.98   0.93   0.45   0.98   0.04   0.97   0.46   0.36   0.98   0.46   0.88   0.02   0.97   0.97   0.98   

5.00   5.00   5.00   5.00   5.00   5.00   5.00   5.00   5.00   5.00   5.00   5.00   5.00   5.00   5.00   5.00   5.00   5.00   5.00   5.00   5.00   5.00   5.00   5.00   5.00   5.00   5.00   5.00   5.00   5.00   5.00   5.00   5.00   5.00   5.00   5.00   5.00   5.00   5.00   5.00   5.00   5.00   5.00   5.00   5.00   5.00   5.00   5.00   5.00   5.00   5.00   5.00   5.00   5.00   5.00   5.00   5.00   5.00   5.00   5.00   5.00   5.00   5.00   5.00   5.00   5.00   5.00   5.00   5.00   5.00   5.00   5.00   5.00   5.00   5.00   5.00   5.00   5.00   
0.01   0.07   0.43   0.05   0.19   0.05   0.01   0.03   0.02   0.18   0.62   0.05   0.07   0.54   0.01   0.16   0.02   0.05   0.16   0.05   0.30   0.22   0.05   0.03   0.64   0.01   0.02   0.01   0.01   0.02   0.35   0.03   0.83   0.95   0.62   0.74   0.02   0.71   0.73   0.90   0.68   0.03   0.07   0.01   0.09   0.03   0.05   0.99   0.64   0.59   0.21   0.52   0.37   0.09   0.03   0.01   0.33   0.71   0.47   0.89   0.57   0.91   0.45   0.58   0.46   0.49   0.59   0.03   0.91   0.45   0.59   0.18   0.34   0.30   0.32   0.97   0.61   0.68   
0.01   0.07   0.43   0.05   0.19   0.05   0.01   0.03   0.02   0.18   0.62   0.05   0.07   0.54   0.01   0.16   0.02   0.05   0.16   0.05   0.30   0.22   0.05   0.03   0.64   0.01   0.02   0.01   0.01   0.02   0.35   0.03   0.83   0.95   0.62   0.74   0.02   0.71   0.73   0.90   0.68   0.03   0.07   0.01   0.09   0.03   0.05   0.99   0.64   0.59   0.21   0.52   0.37   0.09   0.03   0.01   0.33   0.71   0.47   0.89   0.57   0.91   0.45   0.58   0.46   0.49   0.59   0.03   0.91   0.45   0.59   0.18   0.34   0.30   0.32   0.97   0.61   0.68   
0.50   0.50   0.31   0.50   0.81   0.50   0.56   0.50   0.50   0.50   0.94   0.50   0.50   0.96   0.50   0.58   0.50   0.50   0.73   0.50   0.84   0.10   0.24   0.50   0.50   0.50   0.50   0.50   0.50   0.68   0.83   0.48   0.70   0.50   0.98   0.50   0.66   0.50   0.50   0.50   0.50   0.50   0.50   0.87   0.50   0.50   0.50   0.50   0.50   0.50   0.50   0.50   0.19   0.88   0.50   0.50   0.50   0.50   0.33   0.50   0.71   0.50   0.97   0.50   0.92   0.54   0.50   0.56   0.50   0.50   0.35   0.50   0.50   0.91   0.50   0.53   0.93   0.50   
0.04   0.78   0.31   0.04   0.67   0.04   0.04   0.78   0.78   0.04   0.98   0.05   0.07   0.98   0.02   0.10   0.78   0.04   0.17   0.02   0.80   0.02   0.01   0.02   0.91   0.78   0.78   0.02   0.78   0.01   0.78   0.03   0.96   0.98   0.99   0.43   0.12   0.98   0.98   0.84   0.98   0.04   0.02   0.52   0.02   0.78   0.78   0.98   0.85   0.72   0.78   0.24   0.10   0.65   0.03   0.78   0.74   0.99   0.21   0.98   0.73   0.98   0.96   0.98   0.94   0.63   0.98   0.03   0.97   0.46   0.27   0.98   0.46   0.88   0.02   0.94   0.96   0.98   

5.00   5.00   5.00   5.00   5.00   5.00   5.00   5.00   5.00   5.00   5.00   5.00   5.00   5.00   5.00   5.00   5.00   5.00   5.00   5.00   5.00   5.00   5.00   5.00   5.00   5.00   5.00   5.00   5.00   5.00   5.00   5.00   5.00   5.00   5.00   5.00   5.00   5.00   5.00   5.00   5.00   5.00   5.00   5.00   5.00   5.00   5.00   5.00   5.00   5.00   5.00   5.00   5.00   5.00   5.00   5.00   5.00   5.00   5.00   5.00   5.00   5.00   5.00   5.00   5.00   5.00   5.00   5.00   5.00   5.00   5.00   5.00   5.00   5.00   5.00   5.00   5.00   5.00   
0.01   0.06   0.47   0.04   0.17   0.04   0.01   0.02   0.01   0.24   0.58   0.05   0.12   0.53   0.01   0.14   0.01   0.04   0.14   0.10   0.27   0.26   0.04   0.08   0.69   0.01   0.01   0.01   0.01   0.02   0.32   0.03   0.79   0.96   0.58   0.73   0.01   0.71   0.66   0.92   0.62   0.02   0.06   0.02   0.08   0.07   0.04   0.96   0.68   0.64   0.26   0.55   0.40   0.09   0.08   0.01   0.38   0.65   0.43   0.88   0.51   0.85   0.39   0.51   0.43   0.46   0.55   0.07   0.86   0.39   0.54   0.15   0.31   0.27   0.27   0.97   0.56   0.62   
0.01   0.06   0.47   0.04   0.17   0.04   0.01   0.02   0.01   0.24   0.58   0.05   0.12   0.53   0.01   0.14   0.01   0.04   0.14   0.10   0.27   0.26   0.04   0.08   0.69   0.01   0.01   0.01   0.01   0.02   0.32   0.03   0.79   0.96   0.58   0.73   0.01   0.71   0.66   0.92   0.62   0.02   0.06   0.02   0.08   0.07   0.04   0.96   0.68   0.64   0.26   0.55   0.40   0.09   0.08   0.01   0.38   0.65   0.43   0.88   0.51   0.85   0.39   0.51   0.43   0.46   0.55   0.07   0.86   0.39   0.54   0.15   0.31   0.27   0.27   0.97   0.56   0.62   
0.50   0.50   0.36   0.50   0.78   0.50   0.58   0.50   0.50   0.50   0.93   0.50   0.50   0.96   0.50   0.60   0.50   0.50   0.73   0.50   0.83   0.11   0.50   0.50   0.50   0.50   0.50   0.50   0.50   0.73   0.82   0.56   0.67   0.50   0.98   0.50   0.63   0.50   0.50   0.50   0.50   0.50   0.50   0.88   0.50   0.50   0.50   0.50   0.50   0.60   0.50   0.50   0.19   0.91   0.50   0.50   0.50   0.50   0.34   0.50   0.74   0.50   0.96   0.50   0.95   0.57   0.50   0.65   0.50   0.50   0.47   0.50   0.50   0.92   0.50   0.58   0.94   0.50   
0.03   0.04   0.38   0.04   0.32   0.03   0.02   0.04   0.04   0.04   0.97   0.07   0.07   0.98   0.02   0.10   0.04   0.04   0.17   0.03   0.77   0.04   0.02   0.02   0.89   0.04   0.04   0.01   0.04   0.02   0.74   0.03   0.92   0.98   0.99   0.82   0.06   0.98   0.98   0.81   0.97   0.03   0.02   0.51   0.02   0.04   0.04   0.97   0.77   0.80   0.04   0.66   0.10   0.73   0.03   0.04   0.73   0.99   0.21   0.97   0.70   0.97   0.93   0.98   0.96   0.59   0.98   0.09   0.96   0.36   0.32   0.97   0.36   0.89   0.02   0.96   0.95   0.97   

5.00   5.00   5.00   5.00   5.00   5.00   5.00   5.00   5.00   5.00   5.00   5.00   5.00   5.00   5.00   5.00   5.00   5.00   5.00   5.00   5.00   5.00   5.00   5.00   5.00   5.00   5.00   5.00   5.00   5.00   5.00   5.00   5.00   5.00   5.00   5.00   5.00   5.00   5.00   5.00   5.00   5.00   5.00   5.00   5.00   5.00   5.00   5.00   5.00   5.00   5.00   5.00   5.00   5.00   5.00   5.00   5.00   5.00   5.00   5.00   5.00   5.00   5.00   5.00   5.00   5.00   5.00   5.00   5.00   5.00   5.00   5.00   5.00   5.00   5.00   5.00   5.00   5.00   
0.01   0.04   0.41   0.02   0.24   0.02   0.01   0.08   0.01   0.30   0.62   0.13   0.20   0.57   0.01   0.10   0.01   0.02   0.10   0.18   0.20   0.22   0.02   0.16   0.73   0.01   0.01   0.01   0.01   0.07   0.37   0.02   0.82   0.96   0.51   0.76   0.01   0.77   0.71   0.94   0.66   0.07   0.04   0.09   0.05   0.15   0.03   0.95   0.72   0.69   0.24   0.61   0.45   0.17   0.16   0.01   0.44   0.70   0.35   0.90   0.56   0.87   0.47   0.57   0.48   0.53   0.59   0.15   0.88   0.47   0.60   0.21   0.36   0.31   0.34   0.97   0.61   0.65   
0.01   0.04   0.41   0.02   0.24   0.02   0.01   0.08   0.01   0.30   0.62   0.13   0.20   0.57   0.01   0.10   0.01   0.02   0.10   0.18   0.20   0.22   0.02   0.16   0.73   0.01   0.01   0.01   0.01   0.07   0.37   0.02   0.82   0.96   0.51   0.76   0.01   0.77   0.71   0.94   0.66   0.07   0.04   0.09   0.05   0.15   0.03   0.95   0.72   0.69   0.24   0.61   0.45   0.17   0.16   0.01   0.44   0.70   0.35   0.90   0.56   0.87   0.47   0.57   0.48   0.53   0.59   0.15   0.88   0.47   0.60   0.21   0.36   0.31   0.34   0.97   0.61   0.65   
0.50   0.50   0.41   0.50   0.81   0.50   0.63   0.50   0.50   0.50   0.94   0.50   0.50   0.97   0.50   0.65   0.50   0.50   0.77   0.50   0.86   0.13   0.50   0.50   0.50   0.50   0.50   0.50   0.50   0.77   0.84   0.61   0.71   0.50   0.99   0.50   0.67   0.50   0.50   0.50   0.50   0.50   0.50   0.90   0.50   0.50   0.50   0.50   0.50   0.65   0.50   0.50   0.22   0.93   0.50   0.50   0.50   0.50   0.39   0.50   0.77   0.50   0.97   0.50   0.96   0.62   0.50   0.69   0.50   0.50   0.52   0.50   0.50   0.93   0.50   0.63   0.95   0.50   
0.03   0.04   0.36   0.04   0.68   0.03   0.01   0.04   0.04   0.04   0.98   0.08   0.09   0.99   0.02   0.09   0.04   0.04   0.16   0.03   0.76   0.03   0.02   0.02   0.90   0.04   0.04   0.01   0.04   0.11   0.81   0.02   0.95   0.98   0.99   0.80   0.04   0.98   0.98   0.84   0.98   0.03   0.02   0.68   0.02   0.04   0.04   0.98   0.80   0.85   0.04   0.67   0.15   0.82   0.04   0.04   0.75   0.99   0.22   0.98   0.81   0.98   0.96   0.98   0.97   0.70   0.98   0.20   0.96   0.42   0.62   0.98   0.42   0.92   0.02   0.98   0.97   0.98   

5.00   5.00   5.00   5.00   5.00   5.00   5.00   5.00   5.00   5.00   5.00   5.00   5.00   5.00   5.00   5.00   5.00   5.00   5.00   5.00   5.00   5.00   5.00   5.00   5.00   5.00   5.00   5.00   5.00   5.00   5.00   5.00   5.00   5.00   5.00   5.00   5.00   5.00   5.00   5.00   5.00   5.00   5.00   5.00   5.00   5.00   5.00   5.00   5.00   5.00   5.00   5.00   5.00   5.00   5.00   5.00   5.00   5.00   5.00   5.00   5.00   5.00   5.00   5.00   5.00   5.00   5.00   5.00   5.00   5.00   5.00   5.00   5.00   5.00   5.00   5.00   5.00   5.00   
0.01   0.03   0.41   0.03   0.25   0.03   0.01   0.08   0.01   0.31   0.63   0.13   0.20   0.56   0.01   0.09   0.01   0.03   0.10   0.18   0.21   0.22   0.03   0.16   0.73   0.01   0.01   0.01   0.01   0.08   0.37   0.02   0.82   0.96   0.52   0.76   0.01   0.76   0.71   0.94   0.67   0.07   0.04   0.08   0.05   0.15   0.03   0.96   0.72   0.69   0.24   0.61   0.44   0.18   0.16   0.01   0.44   0.70   0.36   0.91   0.57   0.87   0.47   0.58   0.48   0.53   0.60   0.14   0.88   0.47   0.61   0.21   0.37   0.32   0.34   0.98   0.62   0.66   
0.01   0.03   0.41   0.03   0.25   0.03   0.01   0.08   0.01   0.31   0.63   0.13   0.20   0.56   0.01   0.09   0.01   0.03   0.10   0.18   0.21   0.22   0.03   0.16   0.73   0.01   0.01   0.01   0.01   0.08   0.37   0.02   0.82   0.96   0.52   0.76   0.01   0.76   0.71   0.94   0.67   0.07   0.04   0.08   0.05   0.15   0.03   0.96   0.72   0.69   0.24   0.61   0.44   0.18   0.16   0.01   0.44   0.70   0.36   0.91   0.57   0.87   0.47   0.58   0.48   0.53   0.60   0.14   0.88   0.47   0.61   0.21   0.37   0.32   0.34   0.98   0.62   0.66   
0.50   0.50   0.31   0.50   0.78   0.50   0.56   0.50   0.50   0.50   0.94   0.50   0.50   0.97   0.50   0.58   0.50   0.50   0.73   0.50   0.84   0.08   0.50   0.50   0.50   0.50   0.50   0.50   0.50   0.73   0.82   0.54   0.66   0.50   0.99   0.50   0.61   0.50   0.50   0.50   0.50   0.50   0.50   0.89   0.50   0.50   0.50   0.50   0.50   0.58   0.50   0.50   0.15   0.93   0.50   0.50   0.50   0.50   0.29   0.50   0.74   0.50   0.97   0.50   0.96   0.55   0.50   0.64   0.50   0.50   0.44   0.50   0.50   0.93   0.50   0.55   0.95   0.50   
0.03   0.04   0.27   0.05   0.65   0.03   0.01   0.04   0.04   0.05   0.98   0.07   0.08   0.99   0.02   0.07   0.04   0.05   0.14   0.03   0.75   0.02   0.02   0.02   0.91   0.04   0.04   0.01   0.04   0.08   0.80   0.02   0.94   0.98   0.99   0.81   0.03   0.98   0.98   0.84   0.98   0.03   0.03   0.64   0.02   0.04   0.04   0.98   0.80   0.82   0.04   0.67   0.09   0.82   0.03   0.04   0.76   0.99   0.17   0.98   0.78   0.98   0.97   0.98   0.97   0.64   0.98   0.14   0.97   0.42   0.54   0.98   0.42   0.92   0.02   0.97   0.97   0.98   

5.00   5.00   5.00   5.00   5.00   5.00   5.00   5.00   5.00   5.00   5.00   5.00   5.00   5.00   5.00   5.00   5.00   5.00   5.00   5.00   5.00   5.00   5.00   5.00   5.00   5.00   5.00   5.00   5.00   5.00   5.00   5.00   5.00   5.00   5.00   5.00   5.00   5.00   5.00   5.00   5.00   5.00   5.00   5.00   5.00   5.00   5.00   5.00   5.00   5.00   5.00   5.00   5.00   5.00   5.00   5.00   5.00   5.00   5.00   5.00   5.00   5.00   5.00   5.00   5.00   5.00   5.00   5.00   5.00   5.00   5.00   5.00   5.00   5.00   5.00   5.00   5.00   5.00   
0.01   0.03   0.30   0.03   0.21   0.03   0.01   0.08   0.01   0.22   0.71   0.11   0.17   0.43   0.01   0.30   0.01   0.03   0.10   0.16   0.41   0.40   0.03   0.13   0.76   0.00   0.00   0.01   0.01   0.07   0.53   0.02   0.64   0.97   0.62   0.86   0.01   0.86   0.80   0.94   0.78   0.05   0.04   0.06   0.05   0.12   0.03   0.98   0.77   0.74   0.20   0.70   0.35   0.37   0.13   0.01   0.35   0.82   0.33   0.95   0.70   0.94   0.62   0.72   0.62   0.64   0.71   0.11   0.93   0.62   0.73   0.43   0.53   0.29   0.31   0.99   0.73   0.78   
0.01   0.03   0.30   0.03   0.21   0.03   0.01   0.08   0.01   0.22   0.71   0.11   0.17   0.43   0.01   0.30   0.01   0.03   0.10   0.16   0.41   0.40   0.03   0.13   0.76   0.00   0.00   0.01   0.01   0.07   0.53   0.02   0.64   0.97   0.62   0.86   0.01   0.86   0.80   0.94   0.78   0.05   0.04   0.06   0.05   0.12   0.03   0.98   0.77   0.74   0.20   0.70   0.35   0.37   0.13   0.01   0.35   0.82   0.33   0.95   0.70   0.94   0.62   0.72   0.62   0.64   0.71   0.11   0.93   0.62   0.73   0.43   0.53   0.29   0.31   0.99   0.73   0.78   
0.50   0.50   0.38   0.50   0.79   0.50   0.60   0.50   0.50   0.50   0.93   0.50   0.50   0.97   0.50   0.62   0.50   0.50   0.75   0.50   0.84   0.12   0.50   0.50   0.50   0.50   0.50   0.50   0.50   0.75   0.83   0.58   0.69   0.50   0.98   0.50   0.65   0.50   0.50   0.50   0.50   0.50   0.50   0.89   0.50   0.50   0.50   0.50   0.50   0.62   0.50   0.50   0.21   0.92   0.50   0.50   0.50   0.50   0.36   0.50   0.75   0.50   0.96   0.50   0.96   0.59   0.50   0.67   0.50   0.50   0.50   0.50   0.50   0.93   0.50   0.60   0.94   0.50   
0.03   0.04   0.26   0.05   0.63   0.03   0.01   0.04   0.04   0.05   0.98   0.07   0.08   0.98   0.02   0.18   0.04   0.05   0.13   0.04   0.79   0.04   0.02   0.02   0.90   0.04   0.04   0.01   0.04   0.07   0.84   0.01   0.90   0.98   0.99   0.42   0.02   0.98   0.98   0.83   0.98   0.03   0.03   0.56   0.02   0.04   0.04   0.98   0.78   0.86   0.04   0.22   0.10   0.85   0.03   0.04   0.73   0.99   0.19   0.98   0.85   0.98   0.97   0.98   0.97   0.73   0.98   0.12   0.97   0.44   0.68   0.98   0.44   0.88   0.02   0.98   0.98   0.98   

5.00   5.00   5.00   5.00   5.00   5.00   5.00   5.00   5.00   5.00   5.00   5.00   5.00   5.00   5.00   5.00   5.00   5.00   5.00   5.00   5.00   5.00   5.00   5.00   5.00   5.00   5.00   5.00   5.00   5.00   5.00   5.00   5.00   5.00   5.00   5.00   5.00   5.00   5.00   5.00   5.00   5.00   5.00   5.00   5.00   5.00   5.00   5.00   5.00   5.00   5.00   5.00   5.00   5.00   5.00   5.00   5.00   5.00   5.00   5.00   5.00   5.00   5.00   5.00   5.00   5.00   5.00   5.00   5.00   5.00   5.00   5.00   5.00   5.00   5.00   5.00   5.00   5.00   
0.01   0.03   0.30   0.03   0.20   0.04   0.01   0.07   0.01   0.22   0.70   0.11   0.16   0.42   0.01   0.28   0.01   0.03   0.10   0.15   0.39   0.39   0.03   0.12   0.75   0.00   0.00   0.01   0.01   0.09   0.51   0.02   0.63   0.97   0.60   0.85   0.01   0.86   0.79   0.94   0.79   0.07   0.04   0.06   0.05   0.11   0.03   0.98   0.75   0.75   0.19   0.71   0.34   0.36   0.15   0.01   0.34   0.81   0.32   0.95   0.69   0.93   0.60   0.71   0.61   0.62   0.70   0.11   0.92   0.60   0.71   0.41   0.51   0.31   0.30   0.98   0.71   0.76   
0.01   0.03   0.30   0.03   0.20   0.04   0.01   0.07   0.01   0.22   0.70   0.11   0.16   0.42   0.01   0.28   0.01   0.03   0.10   0.15   0.39   0.39   0.03   0.12   0.75   0.00   0.00   0.01   0.01   0.09   0.51   0.02   0.63   0.97   0.60   0.85   0.01   0.86   0.79   0.94   0.79   0.07   0.04   0.06   0.05   0.11   0.03   0.98   0.75   0.75   0.19   0.71   0.34   0.36   0.15   0.01   0.34   0.81   0.32   0.95   0.69   0.93   0.60   0.71   0.61   0.62   0.70   0.11   0.92   0.60   0.71   0.41   0.51   0.31   0.30   0.98   0.71   0.76   
0.50   0.50   0.35   0.50   0.79   0.50   0.58   0.50   0.50   0.50   0.93   0.50   0.50   0.97   0.50   0.60   0.50   0.50   0.74   0.50   0.84   0.10   0.50   0.50   0.50   0.50   0.50   0.50   0.50   0.74   0.83   0.56   0.68   0.50   0.99   0.50   0.63   0.50   0.50   0.50   0.50   0.50   0.50   0.89   0.50   0.50   0.50   0.50   0.50   0.60   0.50   0.50   0.18   0.92   0.50   0.50   0.50   0.50   0.33   0.50   0.74   0.50   0.97   0.50   0.96   0.57   0.50   0.65   0.50   0.50   0.47   0.50   0.50   0.93   0.50   0.58   0.94   0.50   
0.03   0.04   0.23   0.05   0.60   0.03   0.01   0.04   0.04   0.05   0.98   0.07   0.08   0.98   0.02   0.15   0.04   0.05   0.11   0.03   0.77   0.03   0.02   0.02   0.90   0.04   0.04   0.01   0.04   0.11   0.82   0.01   0.89   0.98   0.99   0.42   0.02   0.98   0.98   0.83   0.98   0.03   0.03   0.55   0.02   0.04   0.04   0.98   0.78   0.86   0.04   0.21   0.08   0.85   0.03   0.04   0.73   0.99   0.16   0.98   0.83   0.98   0.97   0.98   0.97   0.70   0.98   0.11   0.97   0.43   0.62   0.98   0.43   0.89   0.02   0.98   0.97   0.98   

5.00   5.00   5.00   5.00   5.00   5.00   5.00   5.00   5.00   5.00   5.00   5.00   5.00   5.00   5.00   5.00   5.00   5.00   5.00   5.00   5.00   5.00   5.00   5.00   5.00   5.00   5.00   5.00   5.00   5.00   5.00   5.00   5.00   5.00   5.00   5.00   5.00   5.00   5.00   5.00   5.00   5.00   5.00   5.00   5.00   5.00   5.00   5.00   5.00   5.00   5.00   5.00   5.00   5.00   5.00   5.00   5.00   5.00   5.00   5.00   5.00   5.00   5.00   5.00   5.00   5.00   5.00   5.00   5.00   5.00   5.00   5.00   5.00   5.00   5.00   5.00   5.00   5.00   
0.01   0.03   0.26   0.02   0.17   0.03   0.01   0.05   0.01   0.18   0.59   0.09   0.13   0.37   0.01   0.22   0.01   0.02   0.07   0.13   0.31   0.32   0.02   0.10   0.80   0.00   0.01   0.01   0.01   0.07   0.42   0.02   0.56   0.97   0.65   0.84   0.01   0.87   0.81   0.95   0.67   0.06   0.03   0.06   0.04   0.10   0.02   0.88   0.80   0.79   0.17   0.61   0.30   0.29   0.13   0.01   0.29   0.69   0.26   0.94   0.71   0.92   0.50   0.59   0.51   0.68   0.60   0.10   0.92   0.50   0.74   0.32   0.43   0.24   0.23   0.89   0.60   0.64   
0.01   0.03   0.26   0.02   0.17   0.03   0.01   0.05   0.01   0.18   0.59   0.09   0.13   0.37   0.01   0.22   0.01   0.02   0.07   0.13   0.31   0.32   0.02   0.10   0.80   0.00   0.01   0.01   0.01   0.07   0.42   0.02   0.56   0.97   0.65   0.84   0.01   0.87   0.81   0.95   0.67   0.06   0.03   0.06   0.04   0.10   0.02   0.88   0.80   0.79   0.17   0.61   0.30   0.29   0.13   0.01   0.29   0.69   0.26   0.94   0.71   0.92   0.50   0.59   0.51   0.68   0.60   0.10   0.92   0.50   0.74   0.32   0.43   0.24   0.23   0.89   0.60   0.64   
0.50   0.50   0.36   0.50   0.80   0.50   0.60   0.50   0.50   0.50   0.94   0.50   0.50   0.97   0.50   0.61   0.50   0.50   0.76   0.50   0.85   0.10   0.50   0.50   0.50   0.50   0.50   0.50   0.50   0.76   0.84   0.57   0.69   0.50   0.99   0.50   0.65   0.50   0.50   0.50   0.50   0.50   0.50   0.90   0.50   0.50   0.50   0.50   0.50   0.61   0.50   0.50   0.18   0.93   0.50   0.50   0.50   0.50   0.34   0.50   0.76   0.50   0.97   0.50   0.97   0.58   0.50   0.67   0.50   0.50   0.48   0.50   0.50   0.94   0.50   0.59   0.95   0.50   
0.03   0.03   0.20   0.05   0.58   0.03   0.01   0.03   0.03   0.05   0.97   0.08   0.08   0.98   0.02   0.14   0.03   0.05   0.10   0.03   0.75   0.03   0.02   0.02   0.90   0.03   0.03   0.01   0.03   0.11   0.79   0.01   0.85   0.98   0.99   0.38   0.02   0.98   0.98   0.83   0.97   0.03   0.03   0.55   0.02   0.03   0.03   0.97   0.77   0.88   0.03   0.21   0.07   0.84   0.03   0.03   0.70   0.99   0.14   0.97   0.86   0.97   0.97   0.98   0.97   0.74   0.98   0.11   0.96   0.43   0.68   0.97   0.43   0.89   0.02   0.94   0.97   0.97   

5.00   5.00   5.00   5.00   5.00   5.00   5.00   5.00   5.00   5.00   5.00   5.00   5.00   5.00   5.00   5.00   5.00   5.00   5.00   5.00   5.00   5.00   5.00   5.00   5.00   5.00   5.00   5.00   5.00   5.00   5.00   5.00   5.00   5.00   5.00   5.00   5.00   5.00   5.00   5.00   5.00   5.00   5.00   5.00   5.00   5.00   5.00   5.00   5.00   5.00   5.00   5.00   5.00   5.00   5.00   5.00   5.00   5.00   5.00   5.00   5.00   5.00   5.00   5.00   5.00   5.00   5.00   5.00   5.00   5.00   5.00   5.00   5.00   5.00   5.00   5.00   5.00   5.00   
0.01   0.02   0.26   0.02   0.15   0.03   0.01   0.05   0.01   0.18   0.61   0.08   0.12   0.36   0.01   0.18   0.01   0.02   0.06   0.11   0.25   0.27   0.02   0.17   0.83   0.00   0.01   0.01   0.01   0.07   0.37   0.02   0.60   0.93   0.60   0.78   0.01   0.81   0.75   0.96   0.61   0.13   0.02   0.06   0.03   0.09   0.02   0.88   0.82   0.82   0.15   0.55   0.28   0.25   0.19   0.01   0.27   0.60   0.23   0.89   0.64   0.91   0.43   0.51   0.45   0.63   0.54   0.09   0.92   0.43   0.67   0.26   0.36   0.21   0.19   0.83   0.53   0.57   
0.01   0.02   0.26   0.02   0.15   0.03   0.01   0.05   0.01   0.18   0.61   0.08   0.12   0.36   0.01   0.18   0.01   0.02   0.06   0.11   0.25   0.27   0.02   0.17   0.83   0.00   0.01   0.01   0.01   0.07   0.37   0.02   0.60   0.93   0.60   0.78   0.01   0.81   0.75   0.96   0.61   0.13   0.02   0.06   0.03   0.09   0.02   0.88   0.82   0.82   0.15   0.55   0.28   0.25   0.19   0.01   0.27   0.60   0.23   0.89   0.64   0.91   0.43   0.51   0.45   0.63   0.54   0.09   0.92   0.43   0.67   0.26   0.36   0.21   0.19   0.83   0.53   0.57   
0.50   0.50   0.37   0.50   0.81   0.50   0.59   0.50   0.50   0.50   0.94   0.50   0.50   0.97   0.50   0.63   0.50   0.50   0.74   0.50   0.84   0.09   0.50   0.50   0.50   0.50   0.50   0.50   0.50   0.73   0.86   0.58   0.69   0.50   0.50   0.50   0.66   0.50   0.50   0.50   0.50   0.50   0.50   0.88   0.50   0.50   0.50   0.50   0.50   0.60   0.50   0.50   0.20   0.94   0.50   0.50   0.50   0.50   0.37   0.50   0.78   0.50   0.97   0.50   0.96   0.61   0.50   0.65   0.50   0.50   0.45   0.50   0.50   0.94   0.50   0.61   0.94   0.50   
0.03   0.79   0.22   0.04   0.57   0.03   0.01   0.79   0.79   0.04   0.98   0.07   0.08   0.97   0.02   0.12   0.79   0.04   0.08   0.02   0.68   0.02   0.02   0.02   0.91   0.79   0.79   0.02   0.79   0.10   0.77   0.01   0.89   0.98   0.68   0.34   0.03   0.98   0.98   0.86   0.98   0.03   0.02   0.27   0.02   0.79   0.79   0.98   0.86   0.90   0.79   0.21   0.08   0.83   0.04   0.79   0.73   0.99   0.13   0.98   0.83   0.98   0.96   0.98   0.96   0.72   0.98   0.11   0.96   0.47   0.58   0.98   0.47   0.87   0.02   0.89   0.95   0.98   

5.00   5.00   5.00   5.00   5.00   5.00   5.00   5.00   5.00   5.00   5.00   5.00   5.00   5.00   5.00   5.00   5.00   5.00   5.00   5.00   5.00   5.00   5.00   5.00   5.00   5.00   5.00   5.00   5.00   5.00   5.00   5.00   5.00   5.00   5.00   5.00   5.00   5.00   5.00   5.00   5.00   5.00   5.00   5.00   5.00   5.00   5.00   5.00   5.00   5.00   5.00   5.00   5.00   5.00   5.00   5.00   5.00   5.00   5.00   5.00   5.00   5.00   5.00   5.00   5.00   5.00   5.00   5.00   5.00   5.00   5.00   5.00   5.00   5.00   5.00   5.00   5.00   5.00   
0.01   0.02   0.21   0.02   0.14   0.03   0.01   0.05   0.01   0.14   0.68   0.07   0.11   0.30   0.01   0.18   0.01   0.02   0.06   0.10   0.26   0.26   0.02   0.13   0.83   0.00   0.01   0.01   0.01   0.06   0.35   0.02   0.52   0.84   0.67   0.84   0.01   0.87   0.82   0.86   0.71   0.10   0.03   0.05   0.03   0.07   0.02   0.92   0.82   0.71   0.13   0.64   0.37   0.36   0.15   0.01   0.22   0.72   0.34   0.93   0.73   0.95   0.55   0.64   0.55   0.69   0.63   0.07   0.94   0.55   0.75   0.40   0.35   0.21   0.31   0.89   0.63   0.67   
0.01   0.02   0.21   0.02   0.14   0.03   0.01   0.05   0.01   0.14   0.68   0.07   0.11   0.30   0.01   0.18   0.01   0.02   0.06   0.10   0.26   0.26   0.02   0.13   0.83   0.00   0.01   0.01   0.01   0.06   0.35   0.02   0.52   0.84   0.67   0.84   0.01   0.87   0.82   0.86   0.71   0.10   0.03   0.05   0.03   0.07   0.02   0.92   0.82   0.71   0.13   0.64   0.37   0.36   0.15   0.01   0.22   0.72   0.34   0.93   0.73   0.95   0.55   0.64   0.55   0.69   0.63   0.07   0.94   0.55   0.75   0.40   0.35   0.21   0.31   0.89   0.63   0.67   
0.50   0.50   0.32   0.50   0.77   0.50   0.54   0.50   0.50   0.50   0.92   0.50   0.50   0.96   0.50   0.58   0.50   0.50   0.70   0.50   0.81   0.08   0.50   0.50   0.50   0.50   0.50   0.50   0.50   0.68   0.83   0.52   0.64   0.50   0.50   0.50   0.62   0.50   0.50   0.50   0.50   0.50   0.50   0.86   0.50   0.50   0.50   0.50   0.50   0.54   0.50   0.50   0.17   0.92   0.50   0.50   0.50   0.50   0.32   0.50   0.74   0.50   0.96   0.50   0.95   0.56   0.50   0.60   0.50   0.50   0.40   0.50   0.50   0.92   0.50   0.56   0.93   0.50   
0.03   0.76   0.15   0.04   0.30   0.03   0.01   0.76   0.76   0.04   0.97   0.07   0.09   0.95   0.02   0.10   0.76   0.04   0.07   0.02   0.60   0.01   0.02   0.02   0.91   0.76   0.76   0.02   0.76   0.07   0.69   0.01   0.80   0.98   0.68   0.35   0.02   0.98   0.98   0.84   0.98   0.03   0.02   0.16   0.02   0.76   0.76   0.98   0.84   0.81   0.76   0.23   0.09   0.84   0.03   0.76   0.73   0.99   0.15   0.98   0.83   0.98   0.96   0.98   0.96   0.70   0.98   0.08   0.96   0.46   0.47   0.98   0.46   0.81   0.02   0.88   0.95   0.98   

5.00   5.00   5.00   5.00   5.00   5.00   5.00   5.00   5.00   5.00   5.00   5.00   5.00   5.00   5.00   5.00   5.00   5.00   5.00   5.00   5.00   5.00   5.00   5.00   5.00   5.00   5.00   5.00   5.00   5.00   5.00   5.00   5.00   5.00   5.00   5.00   5.00   5.00   5.00   5.00   5.00   5.00   5.00   5.00   5.00   5.00   5.00   5.00   5.00   5.00   5.00   5.00   5.00   5.00   5.00   5.00   5.00   5.00   5.00   5.00   5.00   5.00   5.00   5.00   5.00   5.00   5.00   5.00   5.00   5.00   5.00   5.00   5.00   5.00   5.00   5.00   5.00   5.00   
0.01   0.02   0.21   0.02   0.14   0.03   0.01   0.05   0.01   0.14   0.68   0.07   0.11   0.30   0.01   0.18   0.01   0.02   0.06   0.10   0.26   0.26   0.02   0.13   0.83   0.00   0.01   0.01   0.01   0.06   0.35   0.02   0.52   0.84   0.67   0.84   0.01   0.87   0.82   0.86   0.71   0.10   0.03   0.05   0.03   0.07   0.02   0.92   0.82   0.71   0.13   0.64   0.37   0.36   0.15   0.01   0.22   0.72   0.34   0.93   0.73   0.95   0.55   0.64   0.55   0.69   0.63   0.07   0.94   0.55   0.75   0.40   0.35   0.21   0.31   0.89   0.63   0.67   
0.01   0.02   0.21   0.02   0.14   0.03   0.01   0.05   0.01   0.14   0.68   0.07   0.11   0.30   0.01   0.18   0.01   0.02   0.06   0.10   0.26   0.26   0.02   0.13   0.83   0.00   0.01   0.01   0.01   0.06   0.35   0.02   0.52   0.84   0.67   0.84   0.01   0.87   0.82   0.86   0.71   0.10   0.03   0.05   0.03   0.07   0.02   0.92   0.82   0.71   0.13   0.64   0.37   0.36   0.15   0.01   0.22   0.72   0.34   0.93   0.73   0.95   0.55   0.64   0.55   0.69   0.63   0.07   0.94   0.55   0.75   0.40   0.35   0.21   0.31   0.89   0.63   0.67   
0.50   0.50   0.39   0.50   0.83   0.50   0.61   0.50   0.50   0.50   0.94   0.50   0.50   0.98   0.50   0.65   0.50   0.50   0.76   0.50   0.86   0.10   0.50   0.50   0.50   0.50   0.50   0.50   0.50   0.75   0.87   0.60   0.71   0.50   0.50   0.50   0.69   0.50   0.50   0.50   0.50   0.50   0.50   0.90   0.50   0.50   0.50   0.50   0.50   0.62   0.50   0.50   0.20   0.95   0.50   0.50   0.50   0.50   0.39   0.50   0.80   0.50   0.97   0.50   0.97   0.64   0.50   0.67   0.50   0.50   0.47   0.50   0.50   0.95   0.50   0.63   0.95   0.50   
0.03   0.79   0.18   0.04   0.58   0.03   0.01   0.79   0.79   0.04   0.98   0.07   0.09   0.97   0.02   0.14   0.79   0.04   0.09   0.02   0.68   0.02   0.02   0.02   0.91   0.79   0.79   0.02   0.79   0.09   0.76   0.01   0.85   0.98   0.69   0.34   0.03   0.98   0.98   0.85   0.98   0.03   0.02   0.27   0.02   0.79   0.79   0.98   0.85   0.85   0.79   0.23   0.12   0.90   0.03   0.79   0.73   0.99   0.21   0.98   0.89   0.98   0.98   0.98   0.97   0.79   0.98   0.10   0.96   0.49   0.69   0.98   0.49   0.87   0.02   0.92   0.97   0.98   

0.00   0.00   0.00   0.00   0.00   0.00   0.00   0.00   0.00   0.00   0.00   0.00   0.00   0.00   0.00   0.00   0.00   0.00   0.00   0.00   0.00   0.00   0.00   0.00   0.00   0.00   0.00   0.00   0.00   0.00   1.00   0.00   0.00   1.00   1.00   1.00   0.00   1.00   1.00   1.00   1.00   0.00   0.00   0.00   0.00   0.00   0.00   1.00   1.00   1.00   0.00   1.00   0.00   1.00   0.00   0.00   1.00   1.00   1.00   1.00   1.00   1.00   1.00   1.00   1.00   1.00   1.00   0.00   1.00   1.00   1.00   1.00   1.00   1.00   1.00   1.00   1.00   1.00   