5.00   5.00   5.00   5.00   5.00   5.00   5.00   5.00   5.00   5.00   5.00   5.00   5.00   5.00   5.00   5.00   5.00   5.00   5.00   5.00   5.00   5.00   5.00   5.00   5.00   5.00   5.00   5.00   5.00   5.00   5.00   5.00   5.00   5.00   5.00   5.00   5.00   5.00   5.00   5.00   5.00   5.00   5.00   5.00   5.00   5.00   5.00   5.00   5.00   5.00   5.00   5.00   5.00   5.00   5.00   5.00   5.00   5.00   5.00   5.00   5.00   5.00   5.00   5.00   5.00   5.00   5.00   5.00   5.00   5.00   5.00   5.00   5.00   5.00   5.00   5.00   5.00   5.00   
0.28   0.80   0.80   0.80   0.04   0.98   0.04   0.04   0.28   0.04   0.28   0.28   0.80   0.98   0.04   0.04   0.80   0.04   0.04   0.80   0.04   0.80   0.04   0.04   0.80   0.04   0.98   0.04   0.98   0.28   0.28   0.28   0.28   0.98   0.98   0.04   0.04   0.98   0.28   0.04   0.04   0.98   0.80   0.28   0.98   0.98   0.80   0.98   0.80   0.04   0.80   0.80   0.04   0.28   0.04   0.04   0.04   0.04   0.04   0.04   0.80   0.04   0.04   0.80   0.80   0.80   0.80   0.04   0.04   0.04   0.80   0.04   0.04   0.28   0.80   0.04   0.04   0.80   
0.28   0.80   0.80   0.80   0.04   0.98   0.04   0.04   0.28   0.04   0.28   0.28   0.80   0.98   0.04   0.04   0.80   0.04   0.04   0.80   0.04   0.80   0.04   0.04   0.80   0.04   0.98   0.04   0.98   0.28   0.28   0.28   0.28   0.98   0.98   0.04   0.04   0.98   0.28   0.04   0.04   0.98   0.80   0.28   0.98   0.98   0.80   0.98   0.80   0.04   0.80   0.80   0.04   0.28   0.04   0.04   0.04   0.04   0.04   0.04   0.80   0.04   0.04   0.80   0.80   0.80   0.80   0.04   0.04   0.04   0.80   0.04   0.04   0.28   0.80   0.04   0.04   0.80   
0.06   0.06   0.27   0.15   0.09   0.40   0.68   0.19   0.17   0.16   0.44   0.02   0.59   0.08   0.25   0.08   0.68   0.24   0.07   0.19   0.77   0.13   0.04   0.37   0.43   0.32   0.26   0.68   0.08   0.24   0.12   0.57   0.53   0.31   0.77   0.77   0.71   0.39   0.04   0.69   0.95   0.08   0.17   0.64   0.05   0.07   0.99   0.15   0.38   0.14   0.12   0.60   0.23   0.01   0.85   0.40   0.27   0.37   0.55   0.47   0.94   0.75   0.48   0.78   0.71   0.71   0.82   0.87   0.41   0.48   0.70   0.74   0.46   0.33   0.40   0.60   0.61   0.51   
0.01   0.11   0.86   0.24   0.00   0.97   0.68   0.01   0.03   0.01   0.53   0.00   0.96   0.81   0.01   0.00   0.97   0.01   0.00   0.80   0.77   0.22   0.00   0.02   0.93   0.02   0.94   0.67   0.82   0.04   0.02   0.66   0.61   0.96   0.99   0.77   0.71   0.97   0.00   0.68   0.94   0.80   0.78   0.72   0.73   0.78   1.00   0.90   0.91   0.01   0.21   0.96   0.01   0.00   0.84   0.02   0.01   0.02   0.54   0.03   1.00   0.74   0.03   0.98   0.98   0.98   0.99   0.87   0.02   0.03   0.97   0.73   0.03   0.06   0.92   0.60   0.61   0.95   

5.00   5.00   5.00   5.00   5.00   5.00   5.00   5.00   5.00   5.00   5.00   5.00   5.00   5.00   5.00   5.00   5.00   5.00   5.00   5.00   5.00   5.00   5.00   5.00   5.00   5.00   5.00   5.00   5.00   5.00   5.00   5.00   5.00   5.00   5.00   5.00   5.00   5.00   5.00   5.00   5.00   5.00   5.00   5.00   5.00   5.00   5.00   5.00   5.00   5.00   5.00   5.00   5.00   5.00   5.00   5.00   5.00   5.00   5.00   5.00   5.00   5.00   5.00   5.00   5.00   5.00   5.00   5.00   5.00   5.00   5.00   5.00   5.00   5.00   5.00   5.00   5.00   5.00   
0.38   0.81   0.81   0.81   0.13   0.91   0.02   0.13   0.38   0.13   0.38   0.38   0.68   0.98   0.13   0.13   0.68   0.02   0.13   0.81   0.02   0.81   0.13   0.13   0.81   0.13   0.98   0.02   0.98   0.38   0.38   0.38   0.26   0.91   0.91   0.02   0.02   0.98   0.38   0.02   0.02   0.98   0.81   0.26   0.98   0.98   0.68   0.98   0.68   0.13   0.81   0.81   0.13   0.38   0.13   0.02   0.13   0.02   0.02   0.02   0.68   0.02   0.02   0.68   0.68   0.68   0.68   0.02   0.02   0.02   0.68   0.02   0.02   0.38   0.68   0.02   0.13   0.68   
0.38   0.81   0.81   0.81   0.13   0.91   0.02   0.13   0.38   0.13   0.38   0.38   0.68   0.98   0.13   0.13   0.68   0.02   0.13   0.81   0.02   0.81   0.13   0.13   0.81   0.13   0.98   0.02   0.98   0.38   0.38   0.38   0.26   0.91   0.91   0.02   0.02   0.98   0.38   0.02   0.02   0.98   0.81   0.26   0.98   0.98   0.68   0.98   0.68   0.13   0.81   0.81   0.13   0.38   0.13   0.02   0.13   0.02   0.02   0.02   0.68   0.02   0.02   0.68   0.68   0.68   0.68   0.02   0.02   0.02   0.68   0.02   0.02   0.38   0.68   0.02   0.13   0.68   
0.05   0.03   0.28   0.11   0.50   0.51   0.67   0.09   0.12   0.50   0.34   0.50   0.61   0.06   0.15   0.50   0.66   0.23   0.50   0.16   0.84   0.11   0.50   0.28   0.42   0.36   0.20   0.73   0.06   0.23   0.07   0.61   0.39   0.36   0.50   0.84   0.72   0.37   0.50   0.56   0.95   0.07   0.15   0.68   0.02   0.05   0.50   0.14   0.36   0.50   0.12   0.64   0.16   0.50   0.88   0.40   0.22   0.31   0.55   0.50   0.50   0.76   0.50   0.86   0.72   0.72   0.82   0.86   0.45   0.56   0.78   0.80   0.32   0.29   0.34   0.61   0.61   0.48   
0.00   0.00   0.03   0.01   0.10   0.88   0.99   0.01   0.00   0.10   0.01   0.85   0.98   0.00   0.02   0.10   0.98   0.32   0.10   0.01   0.99   0.01   0.10   0.03   0.05   0.05   0.00   0.99   0.00   0.01   0.00   0.04   0.85   0.80   0.81   0.99   0.99   0.01   0.85   0.98   1.00   0.00   0.01   0.95   0.00   0.00   0.96   0.00   0.94   0.10   0.01   0.60   0.02   0.85   0.88   0.96   0.02   0.42   0.98   0.97   0.96   0.99   0.97   0.99   0.99   0.99   0.99   1.00   0.97   0.98   0.99   0.99   0.43   0.01   0.93   0.98   0.12   0.96   

5.00   5.00   5.00   5.00   5.00   5.00   5.00   5.00   5.00   5.00   5.00   5.00   5.00   5.00   5.00   5.00   5.00   5.00   5.00   5.00   5.00   5.00   5.00   5.00   5.00   5.00   5.00   5.00   5.00   5.00   5.00   5.00   5.00   5.00   5.00   5.00   5.00   5.00   5.00   5.00   5.00   5.00   5.00   5.00   5.00   5.00   5.00   5.00   5.00   5.00   5.00   5.00   5.00   5.00   5.00   5.00   5.00   5.00   5.00   5.00   5.00   5.00   5.00   5.00   5.00   5.00   5.00   5.00   5.00   5.00   5.00   5.00   5.00   5.00   5.00   5.00   5.00   5.00   
0.02   0.17   0.17   0.17   0.16   0.56   0.75   0.16   0.02   0.16   0.02   0.02   0.76   0.02   0.16   0.16   0.76   0.75   0.16   0.17   0.75   0.17   0.16   0.16   0.47   0.16   0.02   0.75   0.02   0.02   0.02   0.02   0.82   0.56   0.83   0.75   0.98   0.02   0.02   0.98   0.75   0.02   0.17   0.55   0.02   0.02   0.98   0.02   0.98   0.16   0.17   0.17   0.16   0.02   0.16   0.98   0.46   0.98   0.75   0.75   0.76   0.75   0.98   0.76   0.98   0.76   0.98   0.75   0.75   0.98   0.98   0.75   0.98   0.31   0.98   0.75   0.16   0.98   
0.02   0.17   0.17   0.17   0.16   0.56   0.75   0.16   0.02   0.16   0.02   0.02   0.76   0.02   0.16   0.16   0.76   0.75   0.16   0.17   0.75   0.17   0.16   0.16   0.47   0.16   0.02   0.75   0.02   0.02   0.02   0.02   0.82   0.56   0.83   0.75   0.98   0.02   0.02   0.98   0.75   0.02   0.17   0.55   0.02   0.02   0.98   0.02   0.98   0.16   0.17   0.17   0.16   0.02   0.16   0.98   0.46   0.98   0.75   0.75   0.76   0.75   0.98   0.76   0.98   0.76   0.98   0.75   0.75   0.98   0.98   0.75   0.98   0.31   0.98   0.75   0.16   0.98   
0.50   0.50   0.13   0.08   0.50   0.50   0.68   0.05   0.50   0.50   0.24   0.50   0.69   0.50   0.09   0.50   0.65   0.27   0.50   0.10   0.50   0.06   0.50   0.17   0.40   0.26   0.50   0.93   0.50   0.12   0.50   0.57   0.46   0.34   0.50   0.50   0.78   0.44   0.50   0.80   0.50   0.50   0.08   0.71   0.50   0.50   0.50   0.50   0.30   0.50   0.08   0.73   0.05   0.50   0.96   0.40   0.14   0.28   0.52   0.73   0.50   0.83   0.56   0.50   0.61   0.73   0.87   0.50   0.58   0.73   0.91   0.93   0.42   0.32   0.40   0.71   0.60   0.66   
0.50   0.55   0.01   0.00   0.04   0.91   0.95   0.00   0.50   0.04   0.01   0.94   0.96   0.53   0.00   0.04   0.95   0.37   0.04   0.01   0.96   0.00   0.04   0.01   0.58   0.01   0.53   0.99   0.53   0.00   0.50   0.51   0.97   0.84   0.96   0.96   0.99   0.03   0.94   0.99   0.96   0.53   0.00   0.95   0.53   0.53   0.97   0.53   0.97   0.04   0.00   0.72   0.00   0.94   0.95   0.97   0.05   0.95   0.91   0.96   0.97   0.98   0.98   0.97   0.99   0.97   1.00   0.96   0.93   0.99   1.00   0.99   0.97   0.12   0.98   0.96   0.05   0.99   

5.00   5.00   5.00   5.00   5.00   5.00   5.00   5.00   5.00   5.00   5.00   5.00   5.00   5.00   5.00   5.00   5.00   5.00   5.00   5.00   5.00   5.00   5.00   5.00   5.00   5.00   5.00   5.00   5.00   5.00   5.00   5.00   5.00   5.00   5.00   5.00   5.00   5.00   5.00   5.00   5.00   5.00   5.00   5.00   5.00   5.00   5.00   5.00   5.00   5.00   5.00   5.00   5.00   5.00   5.00   5.00   5.00   5.00   5.00   5.00   5.00   5.00   5.00   5.00   5.00   5.00   5.00   5.00   5.00   5.00   5.00   5.00   5.00   5.00   5.00   5.00   5.00   5.00   
0.02   0.16   0.16   0.16   0.15   0.54   0.71   0.19   0.02   0.15   0.02   0.02   0.72   0.02   0.15   0.15   0.72   0.71   0.15   0.16   0.71   0.16   0.15   0.15   0.46   0.15   0.02   0.71   0.02   0.02   0.02   0.03   0.81   0.54   0.82   0.71   0.97   0.02   0.02   0.98   0.71   0.04   0.16   0.53   0.02   0.02   0.99   0.02   0.97   0.15   0.16   0.16   0.19   0.02   0.15   0.97   0.45   0.97   0.71   0.71   0.72   0.71   0.97   0.72   0.97   0.72   0.97   0.71   0.71   0.97   0.99   0.71   0.97   0.31   0.97   0.71   0.15   0.97   
0.02   0.16   0.16   0.16   0.15   0.54   0.71   0.19   0.02   0.15   0.02   0.02   0.72   0.02   0.15   0.15   0.72   0.71   0.15   0.16   0.71   0.16   0.15   0.15   0.46   0.15   0.02   0.71   0.02   0.02   0.02   0.03   0.81   0.54   0.82   0.71   0.97   0.02   0.02   0.98   0.71   0.04   0.16   0.53   0.02   0.02   0.99   0.02   0.97   0.15   0.16   0.16   0.19   0.02   0.15   0.97   0.45   0.97   0.71   0.71   0.72   0.71   0.97   0.72   0.97   0.72   0.97   0.71   0.71   0.97   0.99   0.71   0.97   0.31   0.97   0.71   0.15   0.97   
0.50   0.50   0.06   0.50   0.50   0.44   0.75   0.50   0.50   0.50   0.31   0.50   0.86   0.50   0.50   0.50   0.47   0.27   0.50   0.50   0.50   0.50   0.50   0.50   0.47   0.23   0.50   0.95   0.50   0.50   0.50   0.53   0.59   0.53   0.50   0.50   0.50   0.37   0.50   0.50   0.50   0.50   0.50   0.62   0.50   0.50   0.50   0.50   0.18   0.50   0.50   0.65   0.50   0.50   0.97   0.49   0.06   0.27   0.41   0.75   0.50   0.82   0.73   0.50   0.69   0.59   0.50   0.50   0.52   0.80   0.50   0.97   0.57   0.31   0.50   0.72   0.42   0.51   
0.75   0.82   0.03   0.31   0.04   0.79   0.67   0.03   0.75   0.04   0.13   0.82   0.93   0.96   0.03   0.04   0.66   0.03   0.04   0.31   0.59   0.31   0.04   0.03   0.86   0.01   0.96   0.93   0.96   0.25   0.75   0.62   0.92   0.85   0.98   0.59   0.76   0.40   0.82   0.76   0.59   0.96   0.31   0.75   0.96   0.96   0.88   0.96   0.70   0.04   0.31   0.73   0.03   0.82   0.92   0.75   0.04   0.26   0.06   0.68   0.88   0.75   0.89   0.90   0.96   0.76   0.92   0.59   0.09   0.92   0.92   0.96   0.80   0.41   0.92   0.64   0.02   0.92   

5.00   5.00   5.00   5.00   5.00   5.00   5.00   5.00   5.00   5.00   5.00   5.00   5.00   5.00   5.00   5.00   5.00   5.00   5.00   5.00   5.00   5.00   5.00   5.00   5.00   5.00   5.00   5.00   5.00   5.00   5.00   5.00   5.00   5.00   5.00   5.00   5.00   5.00   5.00   5.00   5.00   5.00   5.00   5.00   5.00   5.00   5.00   5.00   5.00   5.00   5.00   5.00   5.00   5.00   5.00   5.00   5.00   5.00   5.00   5.00   5.00   5.00   5.00   5.00   5.00   5.00   5.00   5.00   5.00   5.00   5.00   5.00   5.00   5.00   5.00   5.00   5.00   5.00   
0.02   0.17   0.17   0.17   0.16   0.56   0.74   0.21   0.02   0.16   0.02   0.02   0.69   0.01   0.10   0.10   0.75   0.74   0.16   0.17   0.74   0.11   0.10   0.16   0.46   0.16   0.02   0.74   0.02   0.02   0.02   0.05   0.83   0.56   0.84   0.74   0.98   0.02   0.01   0.99   0.74   0.05   0.17   0.56   0.02   0.02   0.99   0.01   0.96   0.16   0.11   0.11   0.21   0.02   0.10   0.95   0.42   0.98   0.74   0.74   0.75   0.74   0.98   0.75   0.96   0.75   0.98   0.74   0.74   0.98   0.99   0.74   0.98   0.32   0.98   0.74   0.10   0.98   
0.02   0.17   0.17   0.17   0.16   0.56   0.74   0.21   0.02   0.16   0.02   0.02   0.69   0.01   0.10   0.10   0.75   0.74   0.16   0.17   0.74   0.11   0.10   0.16   0.46   0.16   0.02   0.74   0.02   0.02   0.02   0.05   0.83   0.56   0.84   0.74   0.98   0.02   0.01   0.99   0.74   0.05   0.17   0.56   0.02   0.02   0.99   0.01   0.96   0.16   0.11   0.11   0.21   0.02   0.10   0.95   0.42   0.98   0.74   0.74   0.75   0.74   0.98   0.75   0.96   0.75   0.98   0.74   0.74   0.98   0.99   0.74   0.98   0.32   0.98   0.74   0.10   0.98   
0.50   0.50   0.08   0.50   0.50   0.52   0.82   0.50   0.50   0.50   0.38   0.50   0.91   0.50   0.50   0.50   0.56   0.34   0.50   0.50   0.50   0.50   0.50   0.50   0.55   0.28   0.50   0.97   0.50   0.50   0.50   0.62   0.68   0.62   0.50   0.50   0.50   0.45   0.50   0.50   0.50   0.50   0.50   0.70   0.50   0.50   0.50   0.50   0.22   0.50   0.50   0.73   0.50   0.50   0.98   0.57   0.07   0.33   0.49   0.82   0.50   0.87   0.80   0.50   0.77   0.68   0.50   0.50   0.60   0.86   0.50   0.98   0.65   0.38   0.59   0.80   0.50   0.60   
0.61   0.60   0.03   0.03   0.04   0.96   0.99   0.03   0.61   0.04   0.22   0.96   0.98   0.62   0.03   0.04   0.96   0.91   0.04   0.03   0.97   0.03   0.04   0.03   0.83   0.14   0.62   1.00   0.62   0.04   0.61   0.65   0.99   0.98   0.97   0.97   0.98   0.67   0.96   0.98   0.97   0.62   0.03   0.98   0.62   0.62   0.96   0.62   0.32   0.04   0.03   0.67   0.03   0.96   0.97   0.91   0.01   0.97   0.95   0.99   0.96   0.99   1.00   0.97   0.96   0.98   0.98   0.97   0.97   1.00   0.98   1.00   0.99   0.71   0.99   0.99   0.06   0.99   

5.00   5.00   5.00   5.00   5.00   5.00   5.00   5.00   5.00   5.00   5.00   5.00   5.00   5.00   5.00   5.00   5.00   5.00   5.00   5.00   5.00   5.00   5.00   5.00   5.00   5.00   5.00   5.00   5.00   5.00   5.00   5.00   5.00   5.00   5.00   5.00   5.00   5.00   5.00   5.00   5.00   5.00   5.00   5.00   5.00   5.00   5.00   5.00   5.00   5.00   5.00   5.00   5.00   5.00   5.00   5.00   5.00   5.00   5.00   5.00   5.00   5.00   5.00   5.00   5.00   5.00   5.00   5.00   5.00   5.00   5.00   5.00   5.00   5.00   5.00   5.00   5.00   5.00   
0.02   0.10   0.10   0.10   0.10   0.40   0.52   0.14   0.02   0.10   0.02   0.02   0.82   0.01   0.06   0.06   0.51   0.52   0.10   0.10   0.52   0.06   0.06   0.10   0.29   0.10   0.02   0.52   0.02   0.02   0.02   0.05   0.58   0.75   0.90   0.87   0.98   0.02   0.01   0.99   0.87   0.04   0.10   0.40   0.02   0.02   0.99   0.01   0.64   0.10   0.06   0.06   0.14   0.02   0.06   0.96   0.25   0.98   0.52   0.87   0.87   0.87   0.98   0.51   0.64   0.51   0.98   0.87   0.87   0.69   0.72   0.87   0.98   0.19   0.98   0.87   0.06   0.98   
0.02   0.10   0.10   0.10   0.10   0.40   0.52   0.14   0.02   0.10   0.02   0.02   0.82   0.01   0.06   0.06   0.51   0.52   0.10   0.10   0.52   0.06   0.06   0.10   0.29   0.10   0.02   0.52   0.02   0.02   0.02   0.05   0.58   0.75   0.90   0.87   0.98   0.02   0.01   0.99   0.87   0.04   0.10   0.40   0.02   0.02   0.99   0.01   0.64   0.10   0.06   0.06   0.14   0.02   0.06   0.96   0.25   0.98   0.52   0.87   0.87   0.87   0.98   0.51   0.64   0.51   0.98   0.87   0.87   0.69   0.72   0.87   0.98   0.19   0.98   0.87   0.06   0.98   
0.50   0.50   0.06   0.50   0.50   0.42   0.91   0.50   0.50   0.50   0.44   0.50   0.95   0.50   0.50   0.50   0.67   0.26   0.50   0.50   0.50   0.50   0.50   0.50   0.60   0.22   0.50   0.50   0.50   0.50   0.50   0.64   0.50   0.86   0.50   0.50   0.50   0.68   0.50   0.50   0.50   0.50   0.50   0.80   0.50   0.50   0.50   0.50   0.30   0.50   0.50   0.62   0.50   0.50   0.99   0.71   0.07   0.44   0.61   0.81   0.50   0.93   0.50   0.50   0.74   0.54   0.50   0.50   0.62   0.50   0.50   0.50   0.72   0.77   0.74   0.88   0.49   0.68   
0.04   0.07   0.01   0.06   0.98   0.59   0.98   0.12   0.04   0.98   0.07   0.85   0.99   0.01   0.12   0.98   0.86   0.31   0.98   0.06   0.98   0.06   0.98   0.12   0.61   0.05   0.01   0.94   0.01   0.04   0.04   0.07   0.95   0.97   0.64   0.98   0.99   0.09   0.85   0.99   0.98   0.01   0.06   0.91   0.01   0.01   0.92   0.01   0.32   0.98   0.06   0.07   0.12   0.85   0.98   0.99   0.02   0.99   0.88   0.99   0.92   1.00   0.99   0.93   0.91   0.79   0.96   0.98   0.98   0.99   0.96   0.94   1.00   0.75   0.99   0.99   0.09   0.99   

5.00   5.00   5.00   5.00   5.00   5.00   5.00   5.00   5.00   5.00   5.00   5.00   5.00   5.00   5.00   5.00   5.00   5.00   5.00   5.00   5.00   5.00   5.00   5.00   5.00   5.00   5.00   5.00   5.00   5.00   5.00   5.00   5.00   5.00   5.00   5.00   5.00   5.00   5.00   5.00   5.00   5.00   5.00   5.00   5.00   5.00   5.00   5.00   5.00   5.00   5.00   5.00   5.00   5.00   5.00   5.00   5.00   5.00   5.00   5.00   5.00   5.00   5.00   5.00   5.00   5.00   5.00   5.00   5.00   5.00   5.00   5.00   5.00   5.00   5.00   5.00   5.00   5.00   
0.02   0.09   0.09   0.09   0.09   0.37   0.48   0.13   0.02   0.09   0.02   0.02   0.80   0.01   0.05   0.05   0.48   0.48   0.09   0.09   0.48   0.05   0.05   0.09   0.28   0.09   0.02   0.48   0.04   0.02   0.02   0.04   0.55   0.73   0.89   0.85   0.98   0.02   0.01   0.99   0.85   0.04   0.09   0.37   0.02   0.02   0.99   0.01   0.61   0.09   0.05   0.08   0.13   0.04   0.05   0.95   0.24   0.98   0.48   0.85   0.84   0.85   0.99   0.48   0.61   0.48   0.97   0.85   0.85   0.66   0.69   0.85   0.99   0.19   0.97   0.85   0.08   0.97   
0.02   0.09   0.09   0.09   0.09   0.37   0.48   0.13   0.02   0.09   0.02   0.02   0.80   0.01   0.05   0.05   0.48   0.48   0.09   0.09   0.48   0.05   0.05   0.09   0.28   0.09   0.02   0.48   0.04   0.02   0.02   0.04   0.55   0.73   0.89   0.85   0.98   0.02   0.01   0.99   0.85   0.04   0.09   0.37   0.02   0.02   0.99   0.01   0.61   0.09   0.05   0.08   0.13   0.04   0.05   0.95   0.24   0.98   0.48   0.85   0.84   0.85   0.99   0.48   0.61   0.48   0.97   0.85   0.85   0.66   0.69   0.85   0.99   0.19   0.97   0.85   0.08   0.97   
0.50   0.50   0.06   0.50   0.50   0.41   0.85   0.50   0.50   0.50   0.43   0.50   0.96   0.50   0.50   0.50   0.75   0.27   0.50   0.50   0.50   0.50   0.50   0.50   0.47   0.29   0.50   0.50   0.50   0.50   0.50   0.60   0.50   0.87   0.50   0.50   0.50   0.81   0.50   0.50   0.50   0.50   0.50   0.76   0.50   0.50   0.50   0.50   0.26   0.50   0.50   0.66   0.50   0.50   0.98   0.69   0.12   0.40   0.58   0.88   0.50   0.50   0.50   0.50   0.67   0.63   0.50   0.50   0.73   0.50   0.50   0.50   0.50   0.77   0.83   0.50   0.52   0.75   
0.05   0.07   0.03   0.05   0.98   0.73   0.98   0.13   0.05   0.98   0.26   0.88   0.99   0.01   0.13   0.98   0.95   0.78   0.98   0.05   0.98   0.05   0.98   0.13   0.64   0.22   0.01   0.96   0.01   0.04   0.05   0.56   0.96   0.98   0.66   0.98   0.99   0.81   0.88   0.99   0.98   0.01   0.05   0.95   0.01   0.01   0.91   0.01   0.34   0.98   0.05   0.08   0.13   0.88   0.98   0.97   0.07   0.99   0.93   1.00   0.91   0.97   0.99   0.93   0.89   0.91   0.96   0.98   0.99   0.99   0.96   0.96   0.99   0.87   1.00   0.97   0.08   0.99   

5.00   5.00   5.00   5.00   5.00   5.00   5.00   5.00   5.00   5.00   5.00   5.00   5.00   5.00   5.00   5.00   5.00   5.00   5.00   5.00   5.00   5.00   5.00   5.00   5.00   5.00   5.00   5.00   5.00   5.00   5.00   5.00   5.00   5.00   5.00   5.00   5.00   5.00   5.00   5.00   5.00   5.00   5.00   5.00   5.00   5.00   5.00   5.00   5.00   5.00   5.00   5.00   5.00   5.00   5.00   5.00   5.00   5.00   5.00   5.00   5.00   5.00   5.00   5.00   5.00   5.00   5.00   5.00   5.00   5.00   5.00   5.00   5.00   5.00   5.00   5.00   5.00   5.00   
0.03   0.07   0.11   0.11   0.11   0.41   0.53   0.15   0.03   0.11   0.03   0.03   0.82   0.01   0.07   0.07   0.48   0.48   0.11   0.11   0.53   0.07   0.07   0.11   0.30   0.11   0.03   0.53   0.02   0.01   0.01   0.05   0.59   0.75   0.90   0.87   0.98   0.03   0.01   0.98   0.84   0.02   0.11   0.37   0.03   0.03   0.99   0.01   0.65   0.11   0.04   0.09   0.15   0.04   0.07   0.96   0.26   0.98   0.53   0.87   0.87   0.87   0.99   0.52   0.65   0.52   0.98   0.87   0.87   0.70   0.73   0.87   0.99   0.20   0.98   0.87   0.06   0.98   
0.03   0.07   0.11   0.11   0.11   0.41   0.53   0.15   0.03   0.11   0.03   0.03   0.82   0.01   0.07   0.07   0.48   0.48   0.11   0.11   0.53   0.07   0.07   0.11   0.30   0.11   0.03   0.53   0.02   0.01   0.01   0.05   0.59   0.75   0.90   0.87   0.98   0.03   0.01   0.98   0.84   0.02   0.11   0.37   0.03   0.03   0.99   0.01   0.65   0.11   0.04   0.09   0.15   0.04   0.07   0.96   0.26   0.98   0.53   0.87   0.87   0.87   0.99   0.52   0.65   0.52   0.98   0.87   0.87   0.70   0.73   0.87   0.99   0.20   0.98   0.87   0.06   0.98   
0.50   0.50   0.04   0.50   0.50   0.25   0.83   0.50   0.50   0.50   0.38   0.50   0.97   0.50   0.50   0.50   0.82   0.38   0.50   0.50   0.50   0.50   0.50   0.50   0.44   0.19   0.50   0.50   0.50   0.50   0.50   0.50   0.50   0.80   0.50   0.50   0.50   0.84   0.50   0.50   0.50   0.50   0.50   0.66   0.50   0.50   0.50   0.50   0.13   0.50   0.50   0.81   0.50   0.50   0.99   0.71   0.06   0.61   0.51   0.50   0.50   0.50   0.50   0.50   0.74   0.49   0.50   0.50   0.69   0.50   0.50   0.50   0.50   0.78   0.50   0.50   0.55   0.50   
0.52   0.52   0.04   0.06   0.98   0.64   0.99   0.17   0.52   0.98   0.36   0.89   1.00   0.02   0.17   0.98   0.94   0.77   0.98   0.06   0.98   0.06   0.98   0.17   0.71   0.22   0.02   0.96   0.02   0.06   0.52   0.57   0.97   0.98   0.63   0.98   0.99   0.89   0.89   0.99   0.98   0.02   0.06   0.88   0.02   0.02   0.90   0.02   0.24   0.98   0.06   0.65   0.17   0.89   0.99   0.98   0.06   1.00   0.93   0.98   0.90   0.98   0.99   0.93   0.94   0.89   0.96   0.98   0.99   0.99   0.96   0.96   0.99   0.91   0.98   0.98   0.11   0.98   

5.00   5.00   5.00   5.00   5.00   5.00   5.00   5.00   5.00   5.00   5.00   5.00   5.00   5.00   5.00   5.00   5.00   5.00   5.00   5.00   5.00   5.00   5.00   5.00   5.00   5.00   5.00   5.00   5.00   5.00   5.00   5.00   5.00   5.00   5.00   5.00   5.00   5.00   5.00   5.00   5.00   5.00   5.00   5.00   5.00   5.00   5.00   5.00   5.00   5.00   5.00   5.00   5.00   5.00   5.00   5.00   5.00   5.00   5.00   5.00   5.00   5.00   5.00   5.00   5.00   5.00   5.00   5.00   5.00   5.00   5.00   5.00   5.00   5.00   5.00   5.00   5.00   5.00   
0.02   0.06   0.07   0.07   0.08   0.26   0.60   0.10   0.02   0.08   0.02   0.02   0.62   0.01   0.06   0.06   0.33   0.34   0.08   0.07   0.35   0.05   0.06   0.08   0.21   0.08   0.02   0.60   0.03   0.01   0.01   0.03   0.40   0.79   0.90   0.65   0.76   0.02   0.01   0.99   0.87   0.02   0.07   0.25   0.02   0.02   0.99   0.01   0.70   0.33   0.29   0.08   0.10   0.04   0.06   0.96   0.43   0.98   0.60   0.88   0.88   0.88   0.99   0.35   0.46   0.60   0.98   0.88   0.88   0.49   0.52   0.88   0.99   0.14   0.98   0.65   0.32   0.98   
0.02   0.06   0.07   0.07   0.08   0.26   0.60   0.10   0.02   0.08   0.02   0.02   0.62   0.01   0.06   0.06   0.33   0.34   0.08   0.07   0.35   0.05   0.06   0.08   0.21   0.08   0.02   0.60   0.03   0.01   0.01   0.03   0.40   0.79   0.90   0.65   0.76   0.02   0.01   0.99   0.87   0.02   0.07   0.25   0.02   0.02   0.99   0.01   0.70   0.33   0.29   0.08   0.10   0.04   0.06   0.96   0.43   0.98   0.60   0.88   0.88   0.88   0.99   0.35   0.46   0.60   0.98   0.88   0.88   0.49   0.52   0.88   0.99   0.14   0.98   0.65   0.32   0.98   
0.50   0.50   0.02   0.50   0.50   0.16   0.75   0.50   0.50   0.50   0.36   0.50   0.50   0.50   0.50   0.50   0.83   0.45   0.50   0.50   0.50   0.50   0.50   0.50   0.68   0.15   0.50   0.50   0.50   0.50   0.50   0.41   0.50   0.85   0.50   0.50   0.50   0.81   0.50   0.50   0.50   0.50   0.50   0.60   0.50   0.50   0.50   0.50   0.08   0.50   0.50   0.80   0.50   0.50   0.50   0.72   0.06   0.50   0.45   0.50   0.50   0.50   0.50   0.50   0.57   0.55   0.50   0.50   0.63   0.50   0.50   0.50   0.50   0.81   0.50   0.50   0.45   0.50   
0.05   0.08   0.01   0.06   0.98   0.12   0.96   0.13   0.05   0.98   0.11   0.84   0.89   0.01   0.13   0.98   0.89   0.43   0.98   0.06   0.98   0.06   0.98   0.13   0.69   0.06   0.01   0.95   0.01   0.04   0.05   0.08   0.95   0.98   0.61   0.98   0.99   0.67   0.84   0.99   0.98   0.01   0.06   0.69   0.01   0.01   0.92   0.01   0.17   0.98   0.06   0.52   0.13   0.84   0.21   0.99   0.05   0.99   0.87   0.97   0.92   0.96   0.99   0.93   0.77   0.88   0.96   0.98   0.98   0.99   0.96   0.95   0.99   0.81   0.98   0.96   0.16   0.98   

5.00   5.00   5.00   5.00   5.00   5.00   5.00   5.00   5.00   5.00   5.00   5.00   5.00   5.00   5.00   5.00   5.00   5.00   5.00   5.00   5.00   5.00   5.00   5.00   5.00   5.00   5.00   5.00   5.00   5.00   5.00   5.00   5.00   5.00   5.00   5.00   5.00   5.00   5.00   5.00   5.00   5.00   5.00   5.00   5.00   5.00   5.00   5.00   5.00   5.00   5.00   5.00   5.00   5.00   5.00   5.00   5.00   5.00   5.00   5.00   5.00   5.00   5.00   5.00   5.00   5.00   5.00   5.00   5.00   5.00   5.00   5.00   5.00   5.00   5.00   5.00   5.00   5.00   
0.02   0.05   0.06   0.06   0.06   0.19   0.50   0.08   0.02   0.06   0.02   0.02   0.50   0.01   0.05   0.05   0.44   0.45   0.06   0.06   0.45   0.05   0.05   0.06   0.35   0.06   0.01   0.68   0.02   0.01   0.01   0.03   0.31   0.82   0.91   0.52   0.78   0.01   0.01   0.99   0.89   0.02   0.06   0.19   0.01   0.01   0.99   0.01   0.76   0.29   0.44   0.07   0.08   0.03   0.23   0.97   0.55   0.98   0.68   0.90   0.89   0.73   0.84   0.26   0.37   0.50   0.82   0.73   0.90   0.39   0.59   0.90   0.99   0.11   0.97   0.69   0.47   0.97   
0.02   0.05   0.06   0.06   0.06   0.19   0.50   0.08   0.02   0.06   0.02   0.02   0.50   0.01   0.05   0.05   0.44   0.45   0.06   0.06   0.45   0.05   0.05   0.06   0.35   0.06   0.01   0.68   0.02   0.01   0.01   0.03   0.31   0.82   0.91   0.52   0.78   0.01   0.01   0.99   0.89   0.02   0.06   0.19   0.01   0.01   0.99   0.01   0.76   0.29   0.44   0.07   0.08   0.03   0.23   0.97   0.55   0.98   0.68   0.90   0.89   0.73   0.84   0.26   0.37   0.50   0.82   0.73   0.90   0.39   0.59   0.90   0.99   0.11   0.97   0.69   0.47   0.97   
0.50   0.50   0.50   0.50   0.50   0.17   0.82   0.50   0.50   0.50   0.38   0.50   0.50   0.50   0.50   0.50   0.89   0.52   0.50   0.50   0.50   0.50   0.50   0.50   0.78   0.15   0.50   0.50   0.50   0.50   0.50   0.42   0.50   0.90   0.50   0.50   0.50   0.86   0.50   0.50   0.50   0.50   0.50   0.65   0.50   0.50   0.50   0.50   0.07   0.50   0.50   0.85   0.50   0.50   0.50   0.78   0.05   0.50   0.47   0.50   0.50   0.50   0.50   0.50   0.64   0.62   0.50   0.50   0.69   0.50   0.50   0.50   0.50   0.89   0.50   0.50   0.48   0.50   
0.04   0.08   0.15   0.07   0.98   0.09   0.93   0.13   0.04   0.98   0.07   0.82   0.89   0.01   0.13   0.98   0.95   0.75   0.98   0.07   0.98   0.07   0.98   0.13   0.82   0.03   0.01   0.94   0.01   0.04   0.04   0.05   0.95   0.99   0.60   0.98   0.99   0.65   0.82   0.99   0.98   0.01   0.07   0.64   0.01   0.01   0.92   0.01   0.17   0.98   0.07   0.53   0.13   0.82   0.16   0.99   0.06   0.99   0.88   0.96   0.92   0.96   0.99   0.93   0.72   0.81   0.96   0.98   0.99   0.99   0.96   0.94   0.99   0.83   0.98   0.96   0.34   0.98   

5.00   5.00   5.00   5.00   5.00   5.00   5.00   5.00   5.00   5.00   5.00   5.00   5.00   5.00   5.00   5.00   5.00   5.00   5.00   5.00   5.00   5.00   5.00   5.00   5.00   5.00   5.00   5.00   5.00   5.00   5.00   5.00   5.00   5.00   5.00   5.00   5.00   5.00   5.00   5.00   5.00   5.00   5.00   5.00   5.00   5.00   5.00   5.00   5.00   5.00   5.00   5.00   5.00   5.00   5.00   5.00   5.00   5.00   5.00   5.00   5.00   5.00   5.00   5.00   5.00   5.00   5.00   5.00   5.00   5.00   5.00   5.00   5.00   5.00   5.00   5.00   5.00   5.00   
0.01   0.05   0.09   0.05   0.05   0.18   0.47   0.08   0.01   0.05   0.01   0.01   0.48   0.01   0.04   0.04   0.47   0.42   0.05   0.05   0.43   0.04   0.04   0.09   0.34   0.05   0.01   0.64   0.02   0.01   0.01   0.03   0.34   0.83   0.89   0.50   0.76   0.01   0.01   1.00   0.91   0.03   0.05   0.18   0.01   0.01   0.98   0.01   0.73   0.28   0.42   0.06   0.12   0.03   0.22   0.95   0.53   0.96   0.64   0.87   0.87   0.70   0.82   0.24   0.35   0.47   0.80   0.74   0.87   0.36   0.57   0.87   0.98   0.11   0.96   0.66   0.45   0.96   
0.01   0.05   0.09   0.05   0.05   0.18   0.47   0.08   0.01   0.05   0.01   0.01   0.48   0.01   0.04   0.04   0.47   0.42   0.05   0.05   0.43   0.04   0.04   0.09   0.34   0.05   0.01   0.64   0.02   0.01   0.01   0.03   0.34   0.83   0.89   0.50   0.76   0.01   0.01   1.00   0.91   0.03   0.05   0.18   0.01   0.01   0.98   0.01   0.73   0.28   0.42   0.06   0.12   0.03   0.22   0.95   0.53   0.96   0.64   0.87   0.87   0.70   0.82   0.24   0.35   0.47   0.80   0.74   0.87   0.36   0.57   0.87   0.98   0.11   0.96   0.66   0.45   0.96   
0.50   0.50   0.50   0.50   0.50   0.11   0.84   0.50   0.50   0.50   0.41   0.50   0.50   0.50   0.50   0.50   0.90   0.51   0.50   0.50   0.50   0.50   0.50   0.50   0.67   0.18   0.50   0.50   0.50   0.50   0.50   0.33   0.50   0.85   0.50   0.50   0.50   0.90   0.50   0.50   0.50   0.50   0.50   0.60   0.50   0.50   0.50   0.50   0.06   0.50   0.50   0.88   0.50   0.50   0.50   0.50   0.05   0.50   0.51   0.50   0.50   0.50   0.50   0.50   0.61   0.70   0.50   0.50   0.69   0.50   0.50   0.50   0.50   0.82   0.50   0.50   0.68   0.50   
0.04   0.07   0.10   0.06   0.98   0.03   0.91   0.11   0.04   0.98   0.05   0.83   0.89   0.01   0.11   0.98   0.95   0.47   0.98   0.06   0.98   0.06   0.98   0.11   0.66   0.03   0.01   0.93   0.01   0.03   0.04   0.02   0.95   0.98   0.62   0.98   0.99   0.64   0.83   0.99   0.98   0.01   0.06   0.30   0.01   0.01   0.92   0.01   0.12   0.98   0.06   0.56   0.11   0.83   0.12   0.98   0.06   0.99   0.82   0.95   0.92   0.95   0.99   0.93   0.58   0.79   0.96   0.98   0.97   0.99   0.96   0.93   0.99   0.66   0.98   0.95   0.70   0.98   

5.00   5.00   5.00   5.00   5.00   5.00   5.00   5.00   5.00   5.00   5.00   5.00   5.00   5.00   5.00   5.00   5.00   5.00   5.00   5.00   5.00   5.00   5.00   5.00   5.00   5.00   5.00   5.00   5.00   5.00   5.00   5.00   5.00   5.00   5.00   5.00   5.00   5.00   5.00   5.00   5.00   5.00   5.00   5.00   5.00   5.00   5.00   5.00   5.00   5.00   5.00   5.00   5.00   5.00   5.00   5.00   5.00   5.00   5.00   5.00   5.00   5.00   5.00   5.00   5.00   5.00   5.00   5.00   5.00   5.00   5.00   5.00   5.00   5.00   5.00   5.00   5.00   5.00   
0.01   0.07   0.08   0.07   0.04   0.21   0.49   0.07   0.01   0.04   0.01   0.01   0.50   0.02   0.03   0.03   0.49   0.40   0.04   0.04   0.44   0.03   0.03   0.12   0.31   0.07   0.03   0.65   0.02   0.01   0.01   0.05   0.33   0.82   0.87   0.48   0.76   0.03   0.01   1.00   0.92   0.05   0.04   0.21   0.01   0.01   0.98   0.01   0.74   0.26   0.39   0.05   0.15   0.05   0.19   0.93   0.49   0.94   0.65   0.85   0.85   0.72   0.84   0.27   0.37   0.49   0.81   0.76   0.88   0.35   0.55   0.88   0.98   0.09   0.94   0.64   0.42   0.94   
0.01   0.07   0.08   0.07   0.04   0.21   0.49   0.07   0.01   0.04   0.01   0.01   0.50   0.02   0.03   0.03   0.49   0.40   0.04   0.04   0.44   0.03   0.03   0.12   0.31   0.07   0.03   0.65   0.02   0.01   0.01   0.05   0.33   0.82   0.87   0.48   0.76   0.03   0.01   1.00   0.92   0.05   0.04   0.21   0.01   0.01   0.98   0.01   0.74   0.26   0.39   0.05   0.15   0.05   0.19   0.93   0.49   0.94   0.65   0.85   0.85   0.72   0.84   0.27   0.37   0.49   0.81   0.76   0.88   0.35   0.55   0.88   0.98   0.09   0.94   0.64   0.42   0.94   
0.50   0.50   0.50   0.50   0.50   0.12   0.84   0.50   0.50   0.50   0.43   0.50   0.50   0.50   0.50   0.50   0.89   0.53   0.50   0.50   0.50   0.50   0.50   0.50   0.68   0.20   0.50   0.50   0.50   0.50   0.50   0.36   0.50   0.85   0.50   0.50   0.50   0.90   0.50   0.50   0.50   0.50   0.50   0.61   0.50   0.50   0.50   0.50   0.07   0.50   0.50   0.88   0.50   0.50   0.50   0.50   0.06   0.50   0.53   0.50   0.50   0.50   0.50   0.50   0.62   0.71   0.50   0.50   0.70   0.50   0.50   0.50   0.50   0.82   0.50   0.50   0.69   0.50   
0.05   0.07   0.13   0.06   0.98   0.06   0.94   0.12   0.05   0.98   0.06   0.85   0.88   0.01   0.12   0.98   0.96   0.68   0.98   0.06   0.98   0.06   0.98   0.12   0.65   0.05   0.01   0.94   0.01   0.04   0.05   0.05   0.95   0.98   0.62   0.98   0.99   0.74   0.85   0.99   0.98   0.01   0.06   0.63   0.01   0.01   0.92   0.01   0.16   0.98   0.06   0.13   0.12   0.85   0.14   0.98   0.05   0.99   0.88   0.96   0.92   0.96   0.99   0.93   0.69   0.86   0.96   0.98   0.98   0.99   0.96   0.94   0.99   0.67   0.98   0.96   0.44   0.98   

5.00   5.00   5.00   5.00   5.00   5.00   5.00   5.00   5.00   5.00   5.00   5.00   5.00   5.00   5.00   5.00   5.00   5.00   5.00   5.00   5.00   5.00   5.00   5.00   5.00   5.00   5.00   5.00   5.00   5.00   5.00   5.00   5.00   5.00   5.00   5.00   5.00   5.00   5.00   5.00   5.00   5.00   5.00   5.00   5.00   5.00   5.00   5.00   5.00   5.00   5.00   5.00   5.00   5.00   5.00   5.00   5.00   5.00   5.00   5.00   5.00   5.00   5.00   5.00   5.00   5.00   5.00   5.00   5.00   5.00   5.00   5.00   5.00   5.00   5.00   5.00   5.00   5.00   
0.01   0.06   0.07   0.06   0.03   0.17   0.41   0.06   0.01   0.03   0.01   0.01   0.42   0.02   0.03   0.03   0.42   0.33   0.03   0.03   0.37   0.03   0.03   0.10   0.25   0.06   0.02   0.71   0.02   0.01   0.01   0.04   0.27   0.71   0.90   0.57   0.80   0.02   0.01   1.00   0.94   0.04   0.03   0.17   0.01   0.01   0.86   0.01   0.62   0.21   0.33   0.04   0.13   0.04   0.16   0.80   0.41   0.95   0.71   0.88   0.88   0.62   0.73   0.22   0.29   0.57   0.84   0.66   0.91   0.28   0.45   0.91   0.86   0.07   0.95   0.55   0.36   0.95   
0.01   0.06   0.07   0.06   0.03   0.17   0.41   0.06   0.01   0.03   0.01   0.01   0.42   0.02   0.03   0.03   0.42   0.33   0.03   0.03   0.37   0.03   0.03   0.10   0.25   0.06   0.02   0.71   0.02   0.01   0.01   0.04   0.27   0.71   0.90   0.57   0.80   0.02   0.01   1.00   0.94   0.04   0.03   0.17   0.01   0.01   0.86   0.01   0.62   0.21   0.33   0.04   0.13   0.04   0.16   0.80   0.41   0.95   0.71   0.88   0.88   0.62   0.73   0.22   0.29   0.57   0.84   0.66   0.91   0.28   0.45   0.91   0.86   0.07   0.95   0.55   0.36   0.95   
0.50   0.50   0.50   0.50   0.50   0.13   0.85   0.50   0.50   0.50   0.45   0.50   0.50   0.50   0.50   0.50   0.90   0.55   0.50   0.50   0.50   0.50   0.50   0.50   0.69   0.21   0.50   0.50   0.50   0.50   0.50   0.37   0.50   0.86   0.50   0.50   0.50   0.90   0.50   0.50   0.50   0.50   0.50   0.63   0.50   0.50   0.50   0.50   0.08   0.50   0.50   0.89   0.50   0.50   0.50   0.50   0.07   0.50   0.55   0.50   0.50   0.50   0.50   0.50   0.64   0.72   0.50   0.50   0.71   0.50   0.50   0.50   0.50   0.83   0.50   0.50   0.70   0.50   
0.04   0.06   0.09   0.05   0.98   0.04   0.89   0.10   0.04   0.98   0.04   0.85   0.87   0.01   0.10   0.98   0.93   0.39   0.98   0.05   0.98   0.05   0.98   0.10   0.57   0.03   0.01   0.93   0.01   0.03   0.04   0.03   0.95   0.96   0.64   0.98   0.99   0.65   0.85   0.99   0.98   0.01   0.05   0.33   0.01   0.01   0.92   0.01   0.10   0.98   0.05   0.11   0.10   0.85   0.10   0.98   0.04   0.99   0.87   0.95   0.92   0.95   0.99   0.93   0.58   0.86   0.96   0.98   0.98   0.99   0.96   0.93   0.99   0.59   0.98   0.95   0.43   0.98   

5.00   5.00   5.00   5.00   5.00   5.00   5.00   5.00   5.00   5.00   5.00   5.00   5.00   5.00   5.00   5.00   5.00   5.00   5.00   5.00   5.00   5.00   5.00   5.00   5.00   5.00   5.00   5.00   5.00   5.00   5.00   5.00   5.00   5.00   5.00   5.00   5.00   5.00   5.00   5.00   5.00   5.00   5.00   5.00   5.00   5.00   5.00   5.00   5.00   5.00   5.00   5.00   5.00   5.00   5.00   5.00   5.00   5.00   5.00   5.00   5.00   5.00   5.00   5.00   5.00   5.00   5.00   5.00   5.00   5.00   5.00   5.00   5.00   5.00   5.00   5.00   5.00   5.00   
0.01   0.18   0.06   0.05   0.03   0.14   0.51   0.05   0.01   0.03   0.01   0.12   0.37   0.01   0.03   0.03   0.35   0.29   0.03   0.03   0.47   0.03   0.03   0.08   0.21   0.05   0.02   0.77   0.02   0.01   0.01   0.03   0.37   0.61   0.92   0.64   0.84   0.02   0.01   1.00   0.95   0.03   0.03   0.15   0.01   0.01   0.89   0.01   0.55   0.19   0.43   0.16   0.09   0.03   0.27   0.85   0.51   0.96   0.77   0.91   0.91   0.70   0.79   0.33   0.40   0.65   0.88   0.73   0.93   0.39   0.38   0.93   0.90   0.06   0.96   0.63   0.46   0.96   
0.01   0.18   0.06   0.05   0.03   0.14   0.51   0.05   0.01   0.03   0.01   0.12   0.37   0.01   0.03   0.03   0.35   0.29   0.03   0.03   0.47   0.03   0.03   0.08   0.21   0.05   0.02   0.77   0.02   0.01   0.01   0.03   0.37   0.61   0.92   0.64   0.84   0.02   0.01   1.00   0.95   0.03   0.03   0.15   0.01   0.01   0.89   0.01   0.55   0.19   0.43   0.16   0.09   0.03   0.27   0.85   0.51   0.96   0.77   0.91   0.91   0.70   0.79   0.33   0.40   0.65   0.88   0.73   0.93   0.39   0.38   0.93   0.90   0.06   0.96   0.63   0.46   0.96   
0.50   0.50   0.50   0.50   0.50   0.15   0.89   0.50   0.50   0.50   0.51   0.50   0.50   0.50   0.50   0.50   0.93   0.62   0.50   0.50   0.50   0.50   0.50   0.50   0.75   0.25   0.50   0.50   0.50   0.50   0.50   0.43   0.50   0.90   0.50   0.50   0.50   0.93   0.50   0.50   0.50   0.50   0.50   0.69   0.50   0.50   0.50   0.50   0.08   0.50   0.50   0.92   0.50   0.50   0.50   0.50   0.07   0.50   0.62   0.50   0.50   0.50   0.50   0.50   0.70   0.78   0.50   0.50   0.77   0.50   0.50   0.50   0.50   0.88   0.50   0.50   0.76   0.50   
0.04   0.07   0.09   0.06   0.98   0.03   0.94   0.10   0.04   0.98   0.04   0.81   0.90   0.01   0.10   0.98   0.93   0.41   0.98   0.06   0.98   0.06   0.98   0.10   0.61   0.03   0.01   0.93   0.01   0.03   0.04   0.03   0.94   0.96   0.59   0.98   0.99   0.68   0.81   0.99   0.98   0.01   0.06   0.32   0.01   0.01   0.92   0.01   0.10   0.98   0.06   0.77   0.10   0.81   0.11   0.98   0.08   0.99   0.92   0.96   0.92   0.95   0.99   0.93   0.71   0.92   0.96   0.98   0.99   0.99   0.96   0.93   0.99   0.64   0.98   0.95   0.78   0.98   

5.00   5.00   5.00   5.00   5.00   5.00   5.00   5.00   5.00   5.00   5.00   5.00   5.00   5.00   5.00   5.00   5.00   5.00   5.00   5.00   5.00   5.00   5.00   5.00   5.00   5.00   5.00   5.00   5.00   5.00   5.00   5.00   5.00   5.00   5.00   5.00   5.00   5.00   5.00   5.00   5.00   5.00   5.00   5.00   5.00   5.00   5.00   5.00   5.00   5.00   5.00   5.00   5.00   5.00   5.00   5.00   5.00   5.00   5.00   5.00   5.00   5.00   5.00   5.00   5.00   5.00   5.00   5.00   5.00   5.00   5.00   5.00   5.00   5.00   5.00   5.00   5.00   5.00   
0.02   0.16   0.04   0.07   0.05   0.18   0.55   0.04   0.02   0.05   0.02   0.11   0.40   0.03   0.04   0.04   0.38   0.32   0.02   0.02   0.51   0.02   0.04   0.10   0.23   0.04   0.01   0.80   0.01   0.01   0.01   0.05   0.40   0.63   0.93   0.67   0.86   0.03   0.01   1.00   0.96   0.04   0.02   0.18   0.02   0.01   0.87   0.01   0.53   0.21   0.40   0.18   0.11   0.05   0.29   0.86   0.48   0.97   0.80   0.93   0.92   0.72   0.81   0.37   0.43   0.68   0.89   0.71   0.95   0.42   0.41   0.95   0.91   0.05   0.97   0.66   0.42   0.97   
0.02   0.16   0.04   0.07   0.05   0.18   0.55   0.04   0.02   0.05   0.02   0.11   0.40   0.03   0.04   0.04   0.38   0.32   0.02   0.02   0.51   0.02   0.04   0.10   0.23   0.04   0.01   0.80   0.01   0.01   0.01   0.05   0.40   0.63   0.93   0.67   0.86   0.03   0.01   1.00   0.96   0.04   0.02   0.18   0.02   0.01   0.87   0.01   0.53   0.21   0.40   0.18   0.11   0.05   0.29   0.86   0.48   0.97   0.80   0.93   0.92   0.72   0.81   0.37   0.43   0.68   0.89   0.71   0.95   0.42   0.41   0.95   0.91   0.05   0.97   0.66   0.42   0.97   
0.50   0.50   0.50   0.50   0.50   0.12   0.86   0.50   0.50   0.50   0.45   0.50   0.50   0.50   0.50   0.50   0.91   0.55   0.50   0.50   0.50   0.50   0.50   0.50   0.70   0.20   0.50   0.50   0.50   0.50   0.50   0.37   0.50   0.87   0.50   0.50   0.50   0.92   0.50   0.50   0.50   0.50   0.50   0.64   0.50   0.50   0.50   0.50   0.07   0.50   0.50   0.90   0.50   0.50   0.50   0.50   0.06   0.50   0.55   0.50   0.50   0.50   0.50   0.50   0.65   0.74   0.50   0.50   0.72   0.50   0.50   0.50   0.50   0.85   0.50   0.50   0.71   0.50   
0.04   0.07   0.11   0.06   0.98   0.04   0.94   0.12   0.04   0.98   0.05   0.81   0.90   0.01   0.12   0.98   0.93   0.39   0.98   0.06   0.98   0.06   0.98   0.12   0.58   0.03   0.01   0.94   0.01   0.04   0.04   0.04   0.94   0.95   0.58   0.98   0.99   0.70   0.81   0.99   0.98   0.01   0.06   0.51   0.01   0.01   0.92   0.01   0.08   0.98   0.06   0.74   0.12   0.81   0.13   0.98   0.06   0.99   0.93   0.96   0.92   0.96   0.99   0.93   0.71   0.92   0.96   0.98   0.99   0.99   0.96   0.94   0.99   0.58   0.98   0.96   0.70   0.98   

5.00   5.00   5.00   5.00   5.00   5.00   5.00   5.00   5.00   5.00   5.00   5.00   5.00   5.00   5.00   5.00   5.00   5.00   5.00   5.00   5.00   5.00   5.00   5.00   5.00   5.00   5.00   5.00   5.00   5.00   5.00   5.00   5.00   5.00   5.00   5.00   5.00   5.00   5.00   5.00   5.00   5.00   5.00   5.00   5.00   5.00   5.00   5.00   5.00   5.00   5.00   5.00   5.00   5.00   5.00   5.00   5.00   5.00   5.00   5.00   5.00   5.00   5.00   5.00   5.00   5.00   5.00   5.00   5.00   5.00   5.00   5.00   5.00   5.00   5.00   5.00   5.00   5.00   
0.02   0.16   0.04   0.07   0.05   0.17   0.54   0.04   0.02   0.05   0.02   0.11   0.40   0.03   0.04   0.04   0.37   0.32   0.02   0.02   0.51   0.02   0.04   0.10   0.23   0.04   0.01   0.80   0.01   0.01   0.01   0.05   0.40   0.63   0.93   0.67   0.86   0.03   0.01   1.00   0.96   0.04   0.02   0.18   0.02   0.01   0.87   0.01   0.52   0.21   0.40   0.18   0.12   0.05   0.29   0.86   0.48   0.97   0.80   0.93   0.92   0.72   0.81   0.37   0.43   0.68   0.89   0.71   0.94   0.42   0.41   0.94   0.91   0.05   0.97   0.66   0.42   0.97   
0.02   0.16   0.04   0.07   0.05   0.17   0.54   0.04   0.02   0.05   0.02   0.11   0.40   0.03   0.04   0.04   0.37   0.32   0.02   0.02   0.51   0.02   0.04   0.10   0.23   0.04   0.01   0.80   0.01   0.01   0.01   0.05   0.40   0.63   0.93   0.67   0.86   0.03   0.01   1.00   0.96   0.04   0.02   0.18   0.02   0.01   0.87   0.01   0.52   0.21   0.40   0.18   0.12   0.05   0.29   0.86   0.48   0.97   0.80   0.93   0.92   0.72   0.81   0.37   0.43   0.68   0.89   0.71   0.94   0.42   0.41   0.94   0.91   0.05   0.97   0.66   0.42   0.97   
0.50   0.50   0.50   0.50   0.50   0.12   0.83   0.50   0.50   0.50   0.43   0.50   0.50   0.50   0.50   0.50   0.89   0.53   0.50   0.50   0.50   0.50   0.50   0.50   0.67   0.20   0.50   0.50   0.50   0.50   0.50   0.36   0.50   0.84   0.50   0.50   0.50   0.89   0.50   0.50   0.50   0.50   0.50   0.61   0.50   0.50   0.50   0.50   0.07   0.50   0.50   0.87   0.50   0.50   0.50   0.50   0.06   0.50   0.53   0.50   0.50   0.50   0.50   0.50   0.61   0.70   0.50   0.50   0.69   0.50   0.50   0.50   0.50   0.82   0.50   0.50   0.68   0.50   
0.04   0.07   0.11   0.06   0.98   0.04   0.93   0.11   0.04   0.98   0.04   0.81   0.90   0.01   0.11   0.98   0.91   0.36   0.98   0.06   0.98   0.06   0.98   0.11   0.54   0.03   0.01   0.94   0.01   0.03   0.04   0.03   0.94   0.94   0.59   0.98   0.99   0.64   0.81   0.99   0.98   0.01   0.06   0.29   0.01   0.01   0.92   0.01   0.08   0.98   0.06   0.67   0.11   0.81   0.12   0.98   0.06   0.99   0.92   0.96   0.92   0.96   0.99   0.93   0.68   0.91   0.96   0.98   0.99   0.99   0.96   0.94   0.99   0.53   0.98   0.96   0.67   0.98   

5.00   5.00   5.00   5.00   5.00   5.00   5.00   5.00   5.00   5.00   5.00   5.00   5.00   5.00   5.00   5.00   5.00   5.00   5.00   5.00   5.00   5.00   5.00   5.00   5.00   5.00   5.00   5.00   5.00   5.00   5.00   5.00   5.00   5.00   5.00   5.00   5.00   5.00   5.00   5.00   5.00   5.00   5.00   5.00   5.00   5.00   5.00   5.00   5.00   5.00   5.00   5.00   5.00   5.00   5.00   5.00   5.00   5.00   5.00   5.00   5.00   5.00   5.00   5.00   5.00   5.00   5.00   5.00   5.00   5.00   5.00   5.00   5.00   5.00   5.00   5.00   5.00   5.00   
0.01   0.17   0.05   0.07   0.06   0.19   0.57   0.04   0.01   0.04   0.02   0.09   0.41   0.03   0.05   0.05   0.39   0.33   0.03   0.03   0.53   0.02   0.05   0.11   0.21   0.03   0.02   0.81   0.01   0.01   0.01   0.05   0.41   0.64   0.93   0.69   0.87   0.02   0.01   1.00   0.97   0.05   0.03   0.17   0.02   0.01   0.88   0.01   0.54   0.19   0.41   0.19   0.12   0.04   0.30   0.88   0.49   0.97   0.81   0.93   0.91   0.74   0.82   0.39   0.45   0.70   0.90   0.73   0.95   0.44   0.43   0.95   0.92   0.04   0.97   0.68   0.44   0.97   
0.01   0.17   0.05   0.07   0.06   0.19   0.57   0.04   0.01   0.04   0.02   0.09   0.41   0.03   0.05   0.05   0.39   0.33   0.03   0.03   0.53   0.02   0.05   0.11   0.21   0.03   0.02   0.81   0.01   0.01   0.01   0.05   0.41   0.64   0.93   0.69   0.87   0.02   0.01   1.00   0.97   0.05   0.03   0.17   0.02   0.01   0.88   0.01   0.54   0.19   0.41   0.19   0.12   0.04   0.30   0.88   0.49   0.97   0.81   0.93   0.91   0.74   0.82   0.39   0.45   0.70   0.90   0.73   0.95   0.44   0.43   0.95   0.92   0.04   0.97   0.68   0.44   0.97   
0.50   0.50   0.50   0.50   0.50   0.15   0.89   0.50   0.50   0.50   0.51   0.50   0.50   0.50   0.50   0.50   0.93   0.62   0.50   0.50   0.50   0.50   0.50   0.50   0.75   0.25   0.50   0.50   0.50   0.50   0.50   0.43   0.50   0.90   0.50   0.50   0.50   0.93   0.50   0.50   0.50   0.50   0.50   0.69   0.50   0.50   0.50   0.50   0.09   0.50   0.50   0.92   0.50   0.50   0.50   0.50   0.08   0.50   0.62   0.50   0.50   0.50   0.50   0.50   0.70   0.78   0.50   0.50   0.77   0.50   0.50   0.50   0.50   0.88   0.50   0.50   0.76   0.50   
0.04   0.07   0.11   0.06   0.98   0.06   0.96   0.12   0.04   0.98   0.08   0.81   0.90   0.01   0.12   0.98   0.95   0.49   0.98   0.06   0.98   0.06   0.98   0.12   0.63   0.04   0.01   0.94   0.01   0.04   0.04   0.06   0.94   0.96   0.59   0.98   0.99   0.74   0.81   0.99   0.98   0.01   0.06   0.55   0.01   0.01   0.92   0.01   0.11   0.98   0.06   0.79   0.12   0.81   0.13   0.98   0.08   0.99   0.95   0.96   0.92   0.96   0.99   0.93   0.78   0.95   0.96   0.98   0.99   0.99   0.96   0.94   0.99   0.62   0.98   0.96   0.77   0.98   

5.00   5.00   5.00   5.00   5.00   5.00   5.00   5.00   5.00   5.00   5.00   5.00   5.00   5.00   5.00   5.00   5.00   5.00   5.00   5.00   5.00   5.00   5.00   5.00   5.00   5.00   5.00   5.00   5.00   5.00   5.00   5.00   5.00   5.00   5.00   5.00   5.00   5.00   5.00   5.00   5.00   5.00   5.00   5.00   5.00   5.00   5.00   5.00   5.00   5.00   5.00   5.00   5.00   5.00   5.00   5.00   5.00   5.00   5.00   5.00   5.00   5.00   5.00   5.00   5.00   5.00   5.00   5.00   5.00   5.00   5.00   5.00   5.00   5.00   5.00   5.00   5.00   5.00   
0.01   0.16   0.08   0.07   0.05   0.17   0.53   0.04   0.01   0.06   0.02   0.09   0.38   0.03   0.05   0.07   0.37   0.31   0.03   0.02   0.49   0.02   0.04   0.14   0.20   0.03   0.04   0.82   0.01   0.01   0.01   0.05   0.38   0.62   0.94   0.65   0.87   0.02   0.01   1.00   0.97   0.04   0.02   0.15   0.04   0.01   0.85   0.01   0.51   0.22   0.44   0.18   0.16   0.03   0.32   0.85   0.47   0.98   0.78   0.91   0.89   0.70   0.78   0.35   0.42   0.67   0.87   0.69   0.93   0.40   0.40   0.96   0.92   0.03   0.98   0.64   0.42   0.98   
0.01   0.16   0.08   0.07   0.05   0.17   0.53   0.04   0.01   0.06   0.02   0.09   0.38   0.03   0.05   0.07   0.37   0.31   0.03   0.02   0.49   0.02   0.04   0.14   0.20   0.03   0.04   0.82   0.01   0.01   0.01   0.05   0.38   0.62   0.94   0.65   0.87   0.02   0.01   1.00   0.97   0.04   0.02   0.15   0.04   0.01   0.85   0.01   0.51   0.22   0.44   0.18   0.16   0.03   0.32   0.85   0.47   0.98   0.78   0.91   0.89   0.70   0.78   0.35   0.42   0.67   0.87   0.69   0.93   0.40   0.40   0.96   0.92   0.03   0.98   0.64   0.42   0.98   
0.50   0.50   0.50   0.50   0.50   0.12   0.81   0.50   0.50   0.50   0.38   0.50   0.50   0.50   0.50   0.50   0.83   0.52   0.50   0.50   0.50   0.50   0.50   0.50   0.65   0.12   0.50   0.50   0.50   0.50   0.50   0.40   0.50   0.88   0.50   0.50   0.50   0.83   0.50   0.50   0.50   0.50   0.50   0.56   0.50   0.50   0.50   0.50   0.06   0.50   0.50   0.77   0.50   0.50   0.50   0.50   0.06   0.50   0.47   0.50   0.50   0.50   0.50   0.50   0.66   0.58   0.50   0.50   0.50   0.50   0.50   0.50   0.50   0.83   0.50   0.50   0.67   0.50   
0.03   0.05   0.04   0.04   0.98   0.01   0.82   0.07   0.03   0.98   0.01   0.84   0.88   0.01   0.07   0.98   0.78   0.22   0.98   0.04   0.98   0.04   0.98   0.07   0.19   0.01   0.01   0.45   0.01   0.02   0.03   0.02   0.94   0.93   0.65   0.98   0.99   0.05   0.84   0.99   0.98   0.01   0.04   0.14   0.01   0.01   0.93   0.01   0.04   0.98   0.04   0.21   0.07   0.84   0.06   0.98   0.03   0.99   0.73   0.93   0.93   0.93   0.99   0.93   0.56   0.71   0.96   0.98   0.93   0.99   0.96   0.45   0.99   0.18   0.97   0.93   0.43   0.97   

5.00   5.00   5.00   5.00   5.00   5.00   5.00   5.00   5.00   5.00   5.00   5.00   5.00   5.00   5.00   5.00   5.00   5.00   5.00   5.00   5.00   5.00   5.00   5.00   5.00   5.00   5.00   5.00   5.00   5.00   5.00   5.00   5.00   5.00   5.00   5.00   5.00   5.00   5.00   5.00   5.00   5.00   5.00   5.00   5.00   5.00   5.00   5.00   5.00   5.00   5.00   5.00   5.00   5.00   5.00   5.00   5.00   5.00   5.00   5.00   5.00   5.00   5.00   5.00   5.00   5.00   5.00   5.00   5.00   5.00   5.00   5.00   5.00   5.00   5.00   5.00   5.00   5.00   
0.01   0.16   0.07   0.07   0.05   0.18   0.55   0.04   0.01   0.07   0.02   0.09   0.40   0.03   0.05   0.08   0.38   0.32   0.03   0.02   0.51   0.02   0.05   0.15   0.21   0.03   0.04   0.82   0.01   0.01   0.01   0.06   0.40   0.63   0.94   0.67   0.88   0.02   0.01   1.00   0.98   0.04   0.03   0.16   0.05   0.01   0.86   0.01   0.51   0.22   0.42   0.19   0.16   0.03   0.34   0.86   0.46   0.98   0.79   0.92   0.89   0.72   0.80   0.37   0.43   0.68   0.88   0.71   0.94   0.42   0.41   0.96   0.92   0.03   0.98   0.66   0.40   0.98   
0.01   0.16   0.07   0.07   0.05   0.18   0.55   0.04   0.01   0.07   0.02   0.09   0.40   0.03   0.05   0.08   0.38   0.32   0.03   0.02   0.51   0.02   0.05   0.15   0.21   0.03   0.04   0.82   0.01   0.01   0.01   0.06   0.40   0.63   0.94   0.67   0.88   0.02   0.01   1.00   0.98   0.04   0.03   0.16   0.05   0.01   0.86   0.01   0.51   0.22   0.42   0.19   0.16   0.03   0.34   0.86   0.46   0.98   0.79   0.92   0.89   0.72   0.80   0.37   0.43   0.68   0.88   0.71   0.94   0.42   0.41   0.96   0.92   0.03   0.98   0.66   0.40   0.98   
0.50   0.50   0.50   0.50   0.50   0.09   0.83   0.50   0.50   0.50   0.48   0.50   0.50   0.50   0.50   0.50   0.93   0.52   0.50   0.50   0.50   0.50   0.50   0.50   0.75   0.50   0.50   0.50   0.50   0.50   0.50   0.51   0.50   0.92   0.50   0.50   0.50   0.90   0.50   0.50   0.50   0.50   0.50   0.72   0.50   0.50   0.50   0.50   0.08   0.50   0.50   0.88   0.50   0.50   0.50   0.50   0.11   0.50   0.59   0.50   0.50   0.50   0.50   0.50   0.74   0.71   0.50   0.50   0.50   0.50   0.50   0.50   0.50   0.88   0.50   0.50   0.79   0.50   
0.05   0.08   0.19   0.07   0.98   0.09   0.97   0.13   0.05   0.98   0.23   0.83   0.89   0.01   0.13   0.98   0.97   0.69   0.98   0.07   0.98   0.07   0.98   0.13   0.74   0.17   0.01   0.96   0.01   0.04   0.05   0.27   0.95   0.98   0.61   0.98   0.99   0.85   0.83   0.99   0.98   0.01   0.07   0.78   0.01   0.01   0.92   0.01   0.08   0.98   0.07   0.78   0.13   0.83   0.19   0.98   0.06   0.99   0.97   0.97   0.92   0.97   0.99   0.93   0.91   0.96   0.96   0.98   0.99   0.99   0.96   0.96   0.99   0.62   0.98   0.97   0.46   0.98   

5.00   5.00   5.00   5.00   5.00   5.00   5.00   5.00   5.00   5.00   5.00   5.00   5.00   5.00   5.00   5.00   5.00   5.00   5.00   5.00   5.00   5.00   5.00   5.00   5.00   5.00   5.00   5.00   5.00   5.00   5.00   5.00   5.00   5.00   5.00   5.00   5.00   5.00   5.00   5.00   5.00   5.00   5.00   5.00   5.00   5.00   5.00   5.00   5.00   5.00   5.00   5.00   5.00   5.00   5.00   5.00   5.00   5.00   5.00   5.00   5.00   5.00   5.00   5.00   5.00   5.00   5.00   5.00   5.00   5.00   5.00   5.00   5.00   5.00   5.00   5.00   5.00   5.00   
0.01   0.16   0.07   0.07   0.05   0.18   0.55   0.04   0.01   0.07   0.02   0.09   0.40   0.03   0.05   0.08   0.38   0.32   0.03   0.02   0.51   0.02   0.05   0.15   0.21   0.03   0.04   0.82   0.01   0.01   0.01   0.06   0.40   0.63   0.94   0.67   0.88   0.02   0.01   1.00   0.98   0.04   0.03   0.16   0.05   0.01   0.86   0.01   0.51   0.22   0.42   0.19   0.16   0.03   0.34   0.86   0.46   0.98   0.79   0.92   0.89   0.72   0.80   0.37   0.43   0.68   0.88   0.71   0.94   0.42   0.41   0.96   0.92   0.03   0.98   0.66   0.40   0.98   
0.01   0.16   0.07   0.07   0.05   0.18   0.55   0.04   0.01   0.07   0.02   0.09   0.40   0.03   0.05   0.08   0.38   0.32   0.03   0.02   0.51   0.02   0.05   0.15   0.21   0.03   0.04   0.82   0.01   0.01   0.01   0.06   0.40   0.63   0.94   0.67   0.88   0.02   0.01   1.00   0.98   0.04   0.03   0.16   0.05   0.01   0.86   0.01   0.51   0.22   0.42   0.19   0.16   0.03   0.34   0.86   0.46   0.98   0.79   0.92   0.89   0.72   0.80   0.37   0.43   0.68   0.88   0.71   0.94   0.42   0.41   0.96   0.92   0.03   0.98   0.66   0.40   0.98   
0.50   0.50   0.50   0.50   0.50   0.08   0.83   0.50   0.50   0.50   0.46   0.50   0.50   0.50   0.50   0.50   0.93   0.50   0.50   0.50   0.50   0.50   0.50   0.50   0.75   0.50   0.50   0.50   0.50   0.50   0.50   0.49   0.50   0.92   0.50   0.50   0.50   0.90   0.50   0.50   0.50   0.50   0.50   0.71   0.50   0.50   0.50   0.50   0.07   0.50   0.50   0.88   0.50   0.50   0.50   0.50   0.09   0.50   0.57   0.50   0.50   0.50   0.50   0.50   0.73   0.71   0.50   0.50   0.50   0.50   0.50   0.50   0.50   0.88   0.50   0.50   0.79   0.50   
0.04   0.08   0.15   0.06   0.98   0.05   0.96   0.13   0.04   0.98   0.14   0.83   0.89   0.01   0.13   0.98   0.96   0.44   0.98   0.06   0.98   0.06   0.98   0.13   0.67   0.14   0.01   0.95   0.01   0.04   0.04   0.18   0.94   0.98   0.60   0.98   0.99   0.79   0.83   0.99   0.98   0.01   0.06   0.70   0.01   0.01   0.92   0.01   0.07   0.98   0.06   0.74   0.13   0.83   0.16   0.98   0.05   0.99   0.96   0.97   0.92   0.97   0.99   0.93   0.86   0.95   0.96   0.98   0.98   0.99   0.96   0.95   0.99   0.58   0.98   0.97   0.49   0.98   

0.00   0.00   0.00   0.00   0.00   0.00   0.00   0.00   0.00   0.00   0.00   0.00   0.00   0.00   0.00   0.00   0.00   0.00   0.00   0.00   0.00   0.00   0.00   0.00   0.00   0.00   0.00   0.00   0.00   0.00   0.00   0.00   1.00   0.00   1.00   1.00   1.00   0.00   0.00   1.00   1.00   0.00   0.00   0.00   0.00   0.00   1.00   0.00   1.00   0.00   0.00   1.00   0.00   0.00   1.00   1.00   1.00   1.00   1.00   1.00   1.00   1.00   1.00   1.00   1.00   1.00   1.00   1.00   1.00   1.00   1.00   1.00   1.00   1.00   1.00   1.00   1.00   1.00   