5.00   5.00   5.00   5.00   5.00   5.00   5.00   5.00   5.00   5.00   5.00   5.00   5.00   5.00   5.00   5.00   5.00   5.00   5.00   5.00   5.00   5.00   5.00   5.00   5.00   5.00   5.00   5.00   5.00   5.00   5.00   5.00   5.00   5.00   5.00   5.00   5.00   5.00   5.00   5.00   5.00   5.00   5.00   5.00   5.00   5.00   5.00   5.00   5.00   5.00   5.00   5.00   5.00   5.00   5.00   5.00   5.00   5.00   5.00   5.00   5.00   5.00   5.00   5.00   5.00   5.00   5.00   5.00   5.00   5.00   5.00   5.00   5.00   5.00   5.00   5.00   5.00   5.00   
0.04   0.04   0.04   0.04   0.04   0.04   0.86   0.04   0.04   0.04   0.04   0.04   0.04   0.04   0.04   0.04   0.04   0.29   0.04   0.04   0.86   0.04   0.04   0.04   0.04   0.04   0.04   0.04   0.04   0.04   0.29   0.98   0.04   0.04   0.98   0.04   0.98   0.04   0.04   0.04   0.04   0.86   0.04   0.86   0.04   0.29   0.04   0.04   0.98   0.86   0.98   0.04   0.29   0.86   0.86   0.98   0.86   0.86   0.86   0.86   0.04   0.86   0.86   0.04   0.86   0.86   0.04   0.86   0.04   0.86   0.86   0.86   0.04   0.86   0.86   0.86   0.86   0.86   
0.04   0.04   0.04   0.04   0.04   0.04   0.86   0.04   0.04   0.04   0.04   0.04   0.04   0.04   0.04   0.04   0.04   0.29   0.04   0.04   0.86   0.04   0.04   0.04   0.04   0.04   0.04   0.04   0.04   0.04   0.29   0.98   0.04   0.04   0.98   0.04   0.98   0.04   0.04   0.04   0.04   0.86   0.04   0.86   0.04   0.29   0.04   0.04   0.98   0.86   0.98   0.04   0.29   0.86   0.86   0.98   0.86   0.86   0.86   0.86   0.04   0.86   0.86   0.04   0.86   0.86   0.04   0.86   0.04   0.86   0.86   0.86   0.04   0.86   0.86   0.86   0.86   0.86   
0.15   0.05   0.25   0.58   0.13   0.66   0.11   0.24   0.19   0.28   0.06   0.44   0.08   0.33   0.39   0.03   0.61   0.39   0.08   0.20   0.90   0.29   0.07   0.04   0.25   0.26   0.84   0.40   0.07   0.22   0.67   0.44   0.15   0.08   0.77   0.93   0.99   0.13   0.62   0.14   0.17   0.95   0.87   0.63   0.96   0.91   0.17   0.19   0.43   0.11   0.76   0.11   0.48   0.30   0.06   0.52   0.73   0.94   0.11   0.19   0.95   0.54   0.54   0.78   0.25   0.87   0.40   0.31   0.80   0.94   0.93   0.60   0.41   0.29   0.52   0.23   0.78   0.95   
0.01   0.00   0.01   0.54   0.01   0.63   0.15   0.01   0.01   0.01   0.00   0.03   0.00   0.02   0.02   0.00   0.58   0.54   0.00   0.01   0.99   0.02   0.00   0.00   0.01   0.01   0.82   0.03   0.00   0.01   0.79   0.98   0.01   0.00   1.00   0.92   1.00   0.01   0.59   0.01   0.01   1.00   0.85   0.96   0.96   0.95   0.01   0.01   0.98   0.16   1.00   0.00   0.63   0.86   0.09   0.99   0.97   1.00   0.16   0.76   0.95   0.94   0.94   0.76   0.82   0.99   0.03   0.86   0.78   1.00   0.99   0.95   0.03   0.85   0.94   0.80   0.98   1.00   

5.00   5.00   5.00   5.00   5.00   5.00   5.00   5.00   5.00   5.00   5.00   5.00   5.00   5.00   5.00   5.00   5.00   5.00   5.00   5.00   5.00   5.00   5.00   5.00   5.00   5.00   5.00   5.00   5.00   5.00   5.00   5.00   5.00   5.00   5.00   5.00   5.00   5.00   5.00   5.00   5.00   5.00   5.00   5.00   5.00   5.00   5.00   5.00   5.00   5.00   5.00   5.00   5.00   5.00   5.00   5.00   5.00   5.00   5.00   5.00   5.00   5.00   5.00   5.00   5.00   5.00   5.00   5.00   5.00   5.00   5.00   5.00   5.00   5.00   5.00   5.00   5.00   5.00   
0.03   0.17   0.17   0.03   0.03   0.03   0.91   0.03   0.03   0.03   0.03   0.17   0.17   0.03   0.03   0.03   0.03   0.25   0.03   0.17   0.74   0.17   0.03   0.17   0.03   0.03   0.03   0.03   0.03   0.17   0.39   0.94   0.03   0.03   0.94   0.03   0.99   0.17   0.03   0.17   0.17   0.91   0.17   0.74   0.17   0.39   0.17   0.03   0.94   0.91   0.99   0.03   0.25   0.74   0.74   0.94   0.91   0.91   0.74   0.74   0.17   0.91   0.91   0.03   0.91   0.74   0.03   0.74   0.03   0.74   0.74   0.74   0.03   0.91   0.74   0.74   0.74   0.91   
0.03   0.17   0.17   0.03   0.03   0.03   0.91   0.03   0.03   0.03   0.03   0.17   0.17   0.03   0.03   0.03   0.03   0.25   0.03   0.17   0.74   0.17   0.03   0.17   0.03   0.03   0.03   0.03   0.03   0.17   0.39   0.94   0.03   0.03   0.94   0.03   0.99   0.17   0.03   0.17   0.17   0.91   0.17   0.74   0.17   0.39   0.17   0.03   0.94   0.91   0.99   0.03   0.25   0.74   0.74   0.94   0.91   0.91   0.74   0.74   0.17   0.91   0.91   0.03   0.91   0.74   0.03   0.74   0.03   0.74   0.74   0.74   0.03   0.91   0.74   0.74   0.74   0.91   
0.04   0.50   0.12   0.65   0.50   0.83   0.05   0.11   0.07   0.29   0.50   0.58   0.50   0.29   0.25   0.50   0.64   0.47   0.50   0.07   0.97   0.16   0.50   0.50   0.15   0.21   0.90   0.46   0.50   0.17   0.79   0.52   0.10   0.50   0.50   0.99   0.50   0.50   0.69   0.50   0.06   0.50   0.94   0.69   0.99   0.99   0.07   0.18   0.52   0.05   0.50   0.50   0.54   0.20   0.02   0.61   0.89   0.50   0.05   0.10   0.99   0.57   0.66   0.87   0.16   0.97   0.43   0.32   0.95   0.50   0.50   0.81   0.39   0.24   0.58   0.13   0.94   0.50   
0.00   0.04   0.01   0.05   0.04   0.77   0.08   0.00   0.00   0.01   0.04   0.55   0.04   0.01   0.01   0.04   0.05   0.58   0.04   0.01   1.00   0.01   0.04   0.04   0.01   0.01   0.86   0.02   0.04   0.01   0.88   0.98   0.00   0.04   0.99   0.98   0.99   0.04   0.60   0.04   0.00   0.91   0.93   0.95   0.99   0.99   0.01   0.01   0.98   0.07   0.99   0.04   0.65   0.23   0.02   0.99   0.99   0.91   0.06   0.11   0.99   0.95   0.96   0.81   0.72   1.00   0.02   0.34   0.92   0.91   0.91   0.97   0.02   0.81   0.92   0.15   0.99   0.91   

5.00   5.00   5.00   5.00   5.00   5.00   5.00   5.00   5.00   5.00   5.00   5.00   5.00   5.00   5.00   5.00   5.00   5.00   5.00   5.00   5.00   5.00   5.00   5.00   5.00   5.00   5.00   5.00   5.00   5.00   5.00   5.00   5.00   5.00   5.00   5.00   5.00   5.00   5.00   5.00   5.00   5.00   5.00   5.00   5.00   5.00   5.00   5.00   5.00   5.00   5.00   5.00   5.00   5.00   5.00   5.00   5.00   5.00   5.00   5.00   5.00   5.00   5.00   5.00   5.00   5.00   5.00   5.00   5.00   5.00   5.00   5.00   5.00   5.00   5.00   5.00   5.00   5.00   
0.01   0.22   0.22   0.01   0.07   0.01   0.79   0.01   0.07   0.07   0.07   0.22   0.08   0.07   0.01   0.01   0.07   0.15   0.07   0.22   0.66   0.08   0.01   0.08   0.01   0.07   0.07   0.07   0.07   0.22   0.41   0.96   0.07   0.07   0.96   0.07   0.99   0.22   0.01   0.08   0.22   0.94   0.22   0.80   0.22   0.41   0.22   0.01   0.84   0.94   0.99   0.01   0.29   0.80   0.80   0.96   0.79   0.94   0.80   0.80   0.22   0.94   0.94   0.07   0.94   0.80   0.07   0.80   0.07   0.66   0.80   0.80   0.07   0.94   0.66   0.80   0.80   0.94   
0.01   0.22   0.22   0.01   0.07   0.01   0.79   0.01   0.07   0.07   0.07   0.22   0.08   0.07   0.01   0.01   0.07   0.15   0.07   0.22   0.66   0.08   0.01   0.08   0.01   0.07   0.07   0.07   0.07   0.22   0.41   0.96   0.07   0.07   0.96   0.07   0.99   0.22   0.01   0.08   0.22   0.94   0.22   0.80   0.22   0.41   0.22   0.01   0.84   0.94   0.99   0.01   0.29   0.80   0.80   0.96   0.79   0.94   0.80   0.80   0.22   0.94   0.94   0.07   0.94   0.80   0.07   0.80   0.07   0.66   0.80   0.80   0.07   0.94   0.66   0.80   0.80   0.94   
0.50   0.50   0.07   0.48   0.50   0.69   0.06   0.50   0.50   0.19   0.50   0.38   0.50   0.21   0.22   0.50   0.32   0.34   0.50   0.50   0.50   0.12   0.50   0.50   0.50   0.10   0.87   0.36   0.50   0.08   0.69   0.46   0.50   0.50   0.50   0.98   0.50   0.50   0.67   0.50   0.50   0.50   0.82   0.59   0.99   0.50   0.50   0.50   0.39   0.04   0.50   0.50   0.49   0.16   0.01   0.65   0.79   0.50   0.05   0.08   0.98   0.39   0.47   0.76   0.13   0.50   0.37   0.21   0.92   0.50   0.50   0.68   0.39   0.16   0.58   0.09   0.89   0.50   
0.03   0.03   0.00   0.08   0.03   0.61   0.10   0.03   0.03   0.01   0.03   0.03   0.03   0.01   0.02   0.03   0.01   0.16   0.03   0.06   0.87   0.02   0.03   0.03   0.03   0.00   0.76   0.01   0.03   0.00   0.73   0.95   0.03   0.03   0.98   0.95   0.98   0.03   0.58   0.03   0.06   0.89   0.72   0.87   0.98   0.58   0.06   0.03   0.98   0.04   0.98   0.03   0.17   0.14   0.01   0.98   0.98   0.89   0.04   0.07   0.97   0.82   0.86   0.07   0.14   0.87   0.01   0.19   0.84   0.89   0.89   0.91   0.01   0.17   0.93   0.07   0.97   0.89   

5.00   5.00   5.00   5.00   5.00   5.00   5.00   5.00   5.00   5.00   5.00   5.00   5.00   5.00   5.00   5.00   5.00   5.00   5.00   5.00   5.00   5.00   5.00   5.00   5.00   5.00   5.00   5.00   5.00   5.00   5.00   5.00   5.00   5.00   5.00   5.00   5.00   5.00   5.00   5.00   5.00   5.00   5.00   5.00   5.00   5.00   5.00   5.00   5.00   5.00   5.00   5.00   5.00   5.00   5.00   5.00   5.00   5.00   5.00   5.00   5.00   5.00   5.00   5.00   5.00   5.00   5.00   5.00   5.00   5.00   5.00   5.00   5.00   5.00   5.00   5.00   5.00   5.00   
0.01   0.22   0.22   0.01   0.08   0.01   0.79   0.01   0.08   0.08   0.08   0.22   0.05   0.08   0.01   0.01   0.08   0.16   0.08   0.22   0.64   0.07   0.01   0.05   0.01   0.05   0.08   0.08   0.08   0.22   0.42   0.96   0.05   0.08   0.96   0.08   0.99   0.19   0.01   0.07   0.22   0.94   0.22   0.82   0.22   0.42   0.19   0.01   0.85   0.92   0.99   0.01   0.30   0.82   0.79   0.96   0.79   0.94   0.82   0.82   0.22   0.94   0.94   0.08   0.94   0.82   0.08   0.82   0.08   0.67   0.82   0.82   0.05   0.94   0.67   0.79   0.82   0.94   
0.01   0.22   0.22   0.01   0.08   0.01   0.79   0.01   0.08   0.08   0.08   0.22   0.05   0.08   0.01   0.01   0.08   0.16   0.08   0.22   0.64   0.07   0.01   0.05   0.01   0.05   0.08   0.08   0.08   0.22   0.42   0.96   0.05   0.08   0.96   0.08   0.99   0.19   0.01   0.07   0.22   0.94   0.22   0.82   0.22   0.42   0.19   0.01   0.85   0.92   0.99   0.01   0.30   0.82   0.79   0.96   0.79   0.94   0.82   0.82   0.22   0.94   0.94   0.08   0.94   0.82   0.08   0.82   0.08   0.67   0.82   0.82   0.05   0.94   0.67   0.79   0.82   0.94   
0.50   0.50   0.50   0.45   0.50   0.87   0.04   0.50   0.50   0.50   0.50   0.37   0.50   0.50   0.22   0.50   0.34   0.17   0.50   0.50   0.50   0.18   0.50   0.50   0.50   0.50   0.93   0.45   0.50   0.50   0.61   0.56   0.50   0.50   0.50   0.99   0.50   0.50   0.75   0.50   0.50   0.50   0.84   0.63   0.99   0.50   0.50   0.50   0.39   0.03   0.50   0.50   0.47   0.14   0.01   0.65   0.82   0.50   0.03   0.07   0.98   0.35   0.50   0.83   0.11   0.50   0.37   0.16   0.93   0.50   0.50   0.78   0.42   0.15   0.61   0.08   0.90   0.50   
0.03   0.04   0.23   0.68   0.04   0.94   0.14   0.03   0.03   0.03   0.04   0.25   0.04   0.03   0.15   0.04   0.09   0.25   0.04   0.76   0.79   0.59   0.04   0.04   0.03   0.03   0.92   0.14   0.04   0.23   0.92   0.91   0.03   0.04   0.99   0.99   0.99   0.04   0.89   0.04   0.76   0.91   0.93   0.82   1.00   0.93   0.76   0.03   0.94   0.01   0.99   0.04   0.71   0.10   0.00   0.94   0.99   0.91   0.02   0.04   0.99   0.80   0.88   0.82   0.17   0.79   0.11   0.11   0.93   0.91   0.91   0.91   0.01   0.24   0.92   0.01   0.96   0.91   

5.00   5.00   5.00   5.00   5.00   5.00   5.00   5.00   5.00   5.00   5.00   5.00   5.00   5.00   5.00   5.00   5.00   5.00   5.00   5.00   5.00   5.00   5.00   5.00   5.00   5.00   5.00   5.00   5.00   5.00   5.00   5.00   5.00   5.00   5.00   5.00   5.00   5.00   5.00   5.00   5.00   5.00   5.00   5.00   5.00   5.00   5.00   5.00   5.00   5.00   5.00   5.00   5.00   5.00   5.00   5.00   5.00   5.00   5.00   5.00   5.00   5.00   5.00   5.00   5.00   5.00   5.00   5.00   5.00   5.00   5.00   5.00   5.00   5.00   5.00   5.00   5.00   5.00   
0.01   0.15   0.15   0.01   0.04   0.01   0.75   0.01   0.04   0.04   0.04   0.15   0.06   0.04   0.01   0.01   0.04   0.19   0.04   0.15   0.63   0.06   0.06   0.17   0.01   0.05   0.04   0.04   0.15   0.15   0.38   0.95   0.05   0.04   0.98   0.04   0.98   0.16   0.01   0.06   0.15   0.87   0.15   0.74   0.15   0.47   0.16   0.01   0.85   0.88   0.99   0.06   0.28   0.74   0.75   0.95   0.75   0.87   0.74   0.86   0.15   0.87   0.87   0.04   0.87   0.74   0.04   0.74   0.04   0.63   0.74   0.86   0.05   0.87   0.63   0.86   0.74   0.87   
0.01   0.15   0.15   0.01   0.04   0.01   0.75   0.01   0.04   0.04   0.04   0.15   0.06   0.04   0.01   0.01   0.04   0.19   0.04   0.15   0.63   0.06   0.06   0.17   0.01   0.05   0.04   0.04   0.15   0.15   0.38   0.95   0.05   0.04   0.98   0.04   0.98   0.16   0.01   0.06   0.15   0.87   0.15   0.74   0.15   0.47   0.16   0.01   0.85   0.88   0.99   0.06   0.28   0.74   0.75   0.95   0.75   0.87   0.74   0.86   0.15   0.87   0.87   0.04   0.87   0.74   0.04   0.74   0.04   0.63   0.74   0.86   0.05   0.87   0.63   0.86   0.74   0.87   
0.50   0.50   0.50   0.41   0.50   0.87   0.03   0.50   0.50   0.50   0.50   0.33   0.50   0.50   0.17   0.50   0.32   0.12   0.50   0.50   0.50   0.14   0.50   0.50   0.50   0.50   0.93   0.40   0.50   0.50   0.55   0.49   0.50   0.50   0.50   0.99   0.50   0.50   0.76   0.50   0.50   0.50   0.85   0.60   0.50   0.50   0.50   0.50   0.35   0.02   0.50   0.50   0.44   0.11   0.50   0.62   0.82   0.50   0.02   0.05   0.50   0.35   0.43   0.87   0.08   0.50   0.31   0.17   0.93   0.50   0.50   0.77   0.37   0.12   0.58   0.06   0.90   0.50   
0.03   0.04   0.21   0.69   0.04   0.96   0.12   0.03   0.03   0.03   0.04   0.62   0.04   0.03   0.19   0.04   0.22   0.27   0.04   0.77   0.84   0.53   0.04   0.04   0.03   0.03   0.96   0.29   0.04   0.21   0.91   0.92   0.03   0.04   0.99   0.99   0.99   0.04   0.91   0.04   0.77   0.93   0.95   0.87   0.73   0.92   0.77   0.03   0.94   0.02   0.99   0.04   0.74   0.14   0.19   0.95   0.99   0.93   0.04   0.03   0.73   0.85   0.89   0.92   0.19   0.84   0.22   0.23   0.96   0.93   0.93   0.82   0.09   0.28   0.93   0.01   0.97   0.93   

5.00   5.00   5.00   5.00   5.00   5.00   5.00   5.00   5.00   5.00   5.00   5.00   5.00   5.00   5.00   5.00   5.00   5.00   5.00   5.00   5.00   5.00   5.00   5.00   5.00   5.00   5.00   5.00   5.00   5.00   5.00   5.00   5.00   5.00   5.00   5.00   5.00   5.00   5.00   5.00   5.00   5.00   5.00   5.00   5.00   5.00   5.00   5.00   5.00   5.00   5.00   5.00   5.00   5.00   5.00   5.00   5.00   5.00   5.00   5.00   5.00   5.00   5.00   5.00   5.00   5.00   5.00   5.00   5.00   5.00   5.00   5.00   5.00   5.00   5.00   5.00   5.00   5.00   
0.02   0.57   0.11   0.44   0.08   0.02   0.41   0.02   0.08   0.08   0.08   0.11   0.01   0.54   0.44   0.02   0.08   0.58   0.08   0.11   0.78   0.04   0.01   0.02   0.02   0.04   0.08   0.54   0.10   0.11   0.70   0.99   0.04   0.08   0.99   0.54   0.99   0.06   0.02   0.04   0.11   0.95   0.11   0.93   0.57   0.72   0.06   0.02   0.94   0.90   0.99   0.03   0.68   0.93   0.87   0.99   0.86   0.95   0.93   0.94   0.57   0.95   0.95   0.08   0.95   0.93   0.54   0.93   0.54   0.39   0.93   0.94   0.04   0.95   0.84   0.89   0.93   0.95   
0.02   0.57   0.11   0.44   0.08   0.02   0.41   0.02   0.08   0.08   0.08   0.11   0.01   0.54   0.44   0.02   0.08   0.58   0.08   0.11   0.78   0.04   0.01   0.02   0.02   0.04   0.08   0.54   0.10   0.11   0.70   0.99   0.04   0.08   0.99   0.54   0.99   0.06   0.02   0.04   0.11   0.95   0.11   0.93   0.57   0.72   0.06   0.02   0.94   0.90   0.99   0.03   0.68   0.93   0.87   0.99   0.86   0.95   0.93   0.94   0.57   0.95   0.95   0.08   0.95   0.93   0.54   0.93   0.54   0.39   0.93   0.94   0.04   0.95   0.84   0.89   0.93   0.95   
0.50   0.50   0.50   0.47   0.50   0.86   0.03   0.50   0.50   0.50   0.50   0.37   0.50   0.50   0.23   0.50   0.39   0.18   0.50   0.50   0.50   0.19   0.50   0.50   0.50   0.50   0.94   0.42   0.50   0.50   0.57   0.51   0.50   0.50   0.50   0.50   0.50   0.50   0.79   0.50   0.50   0.50   0.86   0.62   0.50   0.50   0.50   0.50   0.39   0.03   0.50   0.50   0.46   0.13   0.50   0.63   0.81   0.50   0.03   0.06   0.50   0.41   0.45   0.88   0.10   0.50   0.39   0.20   0.92   0.50   0.50   0.75   0.40   0.14   0.61   0.08   0.90   0.50   
0.03   0.03   0.04   0.79   0.03   0.83   0.03   0.03   0.03   0.02   0.03   0.10   0.03   0.02   0.56   0.03   0.09   0.66   0.03   0.65   0.93   0.06   0.03   0.03   0.03   0.02   0.91   0.70   0.03   0.04   0.91   0.98   0.03   0.03   0.99   0.18   0.99   0.03   0.75   0.03   0.65   0.94   0.82   0.96   0.69   0.86   0.65   0.03   0.99   0.04   0.99   0.03   0.85   0.27   0.21   0.99   0.99   0.94   0.08   0.10   0.69   0.94   0.95   0.82   0.25   0.93   0.38   0.39   0.97   0.94   0.94   0.95   0.02   0.78   0.98   0.06   0.99   0.94   

5.00   5.00   5.00   5.00   5.00   5.00   5.00   5.00   5.00   5.00   5.00   5.00   5.00   5.00   5.00   5.00   5.00   5.00   5.00   5.00   5.00   5.00   5.00   5.00   5.00   5.00   5.00   5.00   5.00   5.00   5.00   5.00   5.00   5.00   5.00   5.00   5.00   5.00   5.00   5.00   5.00   5.00   5.00   5.00   5.00   5.00   5.00   5.00   5.00   5.00   5.00   5.00   5.00   5.00   5.00   5.00   5.00   5.00   5.00   5.00   5.00   5.00   5.00   5.00   5.00   5.00   5.00   5.00   5.00   5.00   5.00   5.00   5.00   5.00   5.00   5.00   5.00   5.00   
0.08   0.52   0.16   0.55   0.05   0.08   0.45   0.08   0.15   0.15   0.15   0.06   0.01   0.62   0.55   0.08   0.15   0.68   0.05   0.06   0.79   0.09   0.03   0.01   0.02   0.01   0.15   0.62   0.16   0.16   0.75   0.99   0.06   0.15   0.99   0.62   0.99   0.07   0.08   0.09   0.06   0.86   0.16   0.95   0.63   0.76   0.02   0.08   0.97   0.76   0.99   0.09   0.74   0.95   0.75   0.99   0.90   0.95   0.95   0.95   0.63   0.95   0.95   0.15   0.95   0.85   0.62   0.95   0.62   0.44   0.95   0.95   0.01   0.95   0.89   0.77   0.95   0.95   
0.08   0.52   0.16   0.55   0.05   0.08   0.45   0.08   0.15   0.15   0.15   0.06   0.01   0.62   0.55   0.08   0.15   0.68   0.05   0.06   0.79   0.09   0.03   0.01   0.02   0.01   0.15   0.62   0.16   0.16   0.75   0.99   0.06   0.15   0.99   0.62   0.99   0.07   0.08   0.09   0.06   0.86   0.16   0.95   0.63   0.76   0.02   0.08   0.97   0.76   0.99   0.09   0.74   0.95   0.75   0.99   0.90   0.95   0.95   0.95   0.63   0.95   0.95   0.15   0.95   0.85   0.62   0.95   0.62   0.44   0.95   0.95   0.01   0.95   0.89   0.77   0.95   0.95   
0.50   0.50   0.50   0.36   0.50   0.82   0.03   0.50   0.50   0.50   0.50   0.33   0.50   0.50   0.18   0.50   0.40   0.13   0.50   0.50   0.50   0.20   0.50   0.50   0.50   0.50   0.93   0.36   0.50   0.50   0.55   0.47   0.50   0.50   0.50   0.50   0.50   0.50   0.76   0.50   0.50   0.50   0.82   0.55   0.50   0.50   0.50   0.50   0.52   0.02   0.50   0.50   0.51   0.08   0.50   0.57   0.50   0.50   0.04   0.04   0.50   0.46   0.39   0.83   0.08   0.50   0.31   0.23   0.91   0.50   0.50   0.75   0.34   0.11   0.54   0.07   0.90   0.50   
0.03   0.04   0.09   0.77   0.04   0.91   0.05   0.03   0.03   0.02   0.04   0.17   0.04   0.02   0.57   0.04   0.37   0.65   0.04   0.73   0.91   0.25   0.04   0.04   0.03   0.02   0.96   0.71   0.04   0.09   0.93   0.97   0.03   0.04   0.99   0.42   0.99   0.04   0.88   0.04   0.73   0.94   0.91   0.94   0.75   0.91   0.73   0.03   0.99   0.01   0.99   0.04   0.89   0.22   0.20   0.98   0.98   0.94   0.11   0.07   0.75   0.94   0.93   0.90   0.27   0.91   0.44   0.78   0.98   0.94   0.94   0.92   0.05   0.71   0.96   0.02   0.99   0.94   

5.00   5.00   5.00   5.00   5.00   5.00   5.00   5.00   5.00   5.00   5.00   5.00   5.00   5.00   5.00   5.00   5.00   5.00   5.00   5.00   5.00   5.00   5.00   5.00   5.00   5.00   5.00   5.00   5.00   5.00   5.00   5.00   5.00   5.00   5.00   5.00   5.00   5.00   5.00   5.00   5.00   5.00   5.00   5.00   5.00   5.00   5.00   5.00   5.00   5.00   5.00   5.00   5.00   5.00   5.00   5.00   5.00   5.00   5.00   5.00   5.00   5.00   5.00   5.00   5.00   5.00   5.00   5.00   5.00   5.00   5.00   5.00   5.00   5.00   5.00   5.00   5.00   5.00   
0.06   0.49   0.12   0.52   0.04   0.06   0.42   0.06   0.12   0.12   0.12   0.04   0.01   0.66   0.60   0.06   0.12   0.73   0.04   0.04   0.85   0.07   0.03   0.01   0.02   0.01   0.12   0.58   0.14   0.12   0.79   0.98   0.05   0.12   0.99   0.66   0.98   0.05   0.06   0.07   0.04   0.83   0.12   0.92   0.67   0.75   0.01   0.06   0.96   0.74   0.99   0.09   0.72   0.92   0.73   0.98   0.87   0.93   0.92   0.97   0.59   0.93   0.93   0.12   0.93   0.82   0.58   0.92   0.58   0.41   0.92   0.97   0.01   0.93   0.87   0.76   0.92   0.93   
0.06   0.49   0.12   0.52   0.04   0.06   0.42   0.06   0.12   0.12   0.12   0.04   0.01   0.66   0.60   0.06   0.12   0.73   0.04   0.04   0.85   0.07   0.03   0.01   0.02   0.01   0.12   0.58   0.14   0.12   0.79   0.98   0.05   0.12   0.99   0.66   0.98   0.05   0.06   0.07   0.04   0.83   0.12   0.92   0.67   0.75   0.01   0.06   0.96   0.74   0.99   0.09   0.72   0.92   0.73   0.98   0.87   0.93   0.92   0.97   0.59   0.93   0.93   0.12   0.93   0.82   0.58   0.92   0.58   0.41   0.92   0.97   0.01   0.93   0.87   0.76   0.92   0.93   
0.50   0.50   0.50   0.32   0.50   0.76   0.03   0.50   0.50   0.50   0.50   0.29   0.50   0.50   0.17   0.50   0.36   0.12   0.50   0.50   0.50   0.18   0.50   0.50   0.50   0.50   0.90   0.32   0.50   0.50   0.49   0.42   0.50   0.50   0.50   0.50   0.50   0.50   0.70   0.50   0.50   0.50   0.77   0.50   0.50   0.50   0.50   0.50   0.47   0.03   0.50   0.50   0.45   0.08   0.50   0.51   0.50   0.50   0.04   0.05   0.50   0.41   0.35   0.78   0.08   0.50   0.28   0.21   0.87   0.50   0.50   0.69   0.30   0.11   0.48   0.07   0.86   0.50   
0.03   0.03   0.05   0.78   0.03   0.89   0.05   0.03   0.03   0.02   0.03   0.12   0.03   0.02   0.57   0.03   0.32   0.66   0.03   0.71   0.94   0.20   0.03   0.03   0.03   0.02   0.94   0.45   0.03   0.05   0.91   0.97   0.03   0.03   0.99   0.38   0.99   0.03   0.85   0.03   0.71   0.95   0.87   0.94   0.74   0.91   0.71   0.03   0.99   0.01   0.99   0.03   0.89   0.21   0.16   0.98   0.98   0.95   0.12   0.07   0.74   0.94   0.92   0.87   0.24   0.94   0.40   0.46   0.97   0.95   0.95   0.90   0.03   0.31   0.97   0.02   0.99   0.95   

5.00   5.00   5.00   5.00   5.00   5.00   5.00   5.00   5.00   5.00   5.00   5.00   5.00   5.00   5.00   5.00   5.00   5.00   5.00   5.00   5.00   5.00   5.00   5.00   5.00   5.00   5.00   5.00   5.00   5.00   5.00   5.00   5.00   5.00   5.00   5.00   5.00   5.00   5.00   5.00   5.00   5.00   5.00   5.00   5.00   5.00   5.00   5.00   5.00   5.00   5.00   5.00   5.00   5.00   5.00   5.00   5.00   5.00   5.00   5.00   5.00   5.00   5.00   5.00   5.00   5.00   5.00   5.00   5.00   5.00   5.00   5.00   5.00   5.00   5.00   5.00   5.00   5.00   
0.13   0.48   0.21   0.60   0.10   0.13   0.46   0.13   0.20   0.09   0.20   0.11   0.01   0.73   0.55   0.13   0.20   0.77   0.10   0.11   0.85   0.05   0.01   0.01   0.01   0.01   0.20   0.67   0.20   0.21   0.84   0.99   0.10   0.09   0.94   0.62   0.99   0.03   0.04   0.13   0.11   0.87   0.21   0.95   0.74   0.79   0.03   0.13   0.96   0.66   0.99   0.13   0.78   0.95   0.76   0.99   0.91   0.96   0.95   0.98   0.68   0.96   0.96   0.09   0.96   0.87   0.67   0.95   0.67   0.45   0.95   0.98   0.03   0.96   0.90   0.66   0.95   0.96   
0.13   0.48   0.21   0.60   0.10   0.13   0.46   0.13   0.20   0.09   0.20   0.11   0.01   0.73   0.55   0.13   0.20   0.77   0.10   0.11   0.85   0.05   0.01   0.01   0.01   0.01   0.20   0.67   0.20   0.21   0.84   0.99   0.10   0.09   0.94   0.62   0.99   0.03   0.04   0.13   0.11   0.87   0.21   0.95   0.74   0.79   0.03   0.13   0.96   0.66   0.99   0.13   0.78   0.95   0.76   0.99   0.91   0.96   0.95   0.98   0.68   0.96   0.96   0.09   0.96   0.87   0.67   0.95   0.67   0.45   0.95   0.98   0.03   0.96   0.90   0.66   0.95   0.96   
0.50   0.50   0.50   0.35   0.50   0.81   0.02   0.50   0.50   0.50   0.50   0.31   0.50   0.50   0.17   0.50   0.39   0.12   0.50   0.50   0.50   0.18   0.50   0.50   0.50   0.50   0.93   0.35   0.50   0.50   0.54   0.46   0.50   0.50   0.50   0.50   0.50   0.50   0.75   0.50   0.50   0.50   0.82   0.54   0.50   0.50   0.50   0.50   0.51   0.02   0.50   0.50   0.49   0.07   0.50   0.56   0.50   0.50   0.03   0.04   0.50   0.45   0.37   0.83   0.07   0.50   0.30   0.21   0.91   0.50   0.50   0.75   0.32   0.10   0.53   0.06   0.90   0.50   
0.03   0.03   0.05   0.83   0.03   0.94   0.06   0.03   0.03   0.02   0.03   0.24   0.03   0.02   0.18   0.03   0.48   0.59   0.03   0.72   0.94   0.16   0.03   0.03   0.03   0.02   0.98   0.79   0.03   0.05   0.92   0.98   0.03   0.03   0.99   0.45   0.99   0.03   0.81   0.03   0.72   0.95   0.94   0.96   0.77   0.91   0.72   0.03   0.99   0.01   0.99   0.03   0.93   0.27   0.18   0.99   0.98   0.95   0.14   0.07   0.77   0.96   0.95   0.86   0.30   0.94   0.72   0.86   0.99   0.95   0.95   0.92   0.12   0.38   0.97   0.01   0.99   0.95   

5.00   5.00   5.00   5.00   5.00   5.00   5.00   5.00   5.00   5.00   5.00   5.00   5.00   5.00   5.00   5.00   5.00   5.00   5.00   5.00   5.00   5.00   5.00   5.00   5.00   5.00   5.00   5.00   5.00   5.00   5.00   5.00   5.00   5.00   5.00   5.00   5.00   5.00   5.00   5.00   5.00   5.00   5.00   5.00   5.00   5.00   5.00   5.00   5.00   5.00   5.00   5.00   5.00   5.00   5.00   5.00   5.00   5.00   5.00   5.00   5.00   5.00   5.00   5.00   5.00   5.00   5.00   5.00   5.00   5.00   5.00   5.00   5.00   5.00   5.00   5.00   5.00   5.00   
0.10   0.40   0.16   0.52   0.22   0.10   0.54   0.27   0.15   0.07   0.15   0.07   0.01   0.64   0.51   0.10   0.31   0.83   0.06   0.07   0.75   0.20   0.01   0.01   0.01   0.01   0.31   0.72   0.16   0.16   0.75   0.99   0.06   0.07   0.96   0.70   0.93   0.03   0.19   0.28   0.07   0.89   0.16   0.96   0.80   0.84   0.02   0.10   0.98   0.56   0.99   0.12   0.67   0.84   0.63   0.92   0.94   0.96   0.84   0.98   0.74   0.86   0.96   0.07   0.96   0.74   0.57   0.84   0.57   0.40   0.84   0.98   0.02   0.96   0.93   0.56   0.96   0.96   
0.10   0.40   0.16   0.52   0.22   0.10   0.54   0.27   0.15   0.07   0.15   0.07   0.01   0.64   0.51   0.10   0.31   0.83   0.06   0.07   0.75   0.20   0.01   0.01   0.01   0.01   0.31   0.72   0.16   0.16   0.75   0.99   0.06   0.07   0.96   0.70   0.93   0.03   0.19   0.28   0.07   0.89   0.16   0.96   0.80   0.84   0.02   0.10   0.98   0.56   0.99   0.12   0.67   0.84   0.63   0.92   0.94   0.96   0.84   0.98   0.74   0.86   0.96   0.07   0.96   0.74   0.57   0.84   0.57   0.40   0.84   0.98   0.02   0.96   0.93   0.56   0.96   0.96   
0.50   0.50   0.50   0.36   0.50   0.71   0.03   0.50   0.50   0.50   0.50   0.31   0.50   0.50   0.15   0.50   0.36   0.14   0.50   0.50   0.50   0.22   0.50   0.50   0.50   0.50   0.89   0.30   0.50   0.50   0.61   0.44   0.50   0.50   0.50   0.50   0.50   0.50   0.65   0.50   0.50   0.50   0.78   0.56   0.50   0.50   0.50   0.50   0.50   0.02   0.50   0.50   0.52   0.07   0.50   0.58   0.50   0.50   0.05   0.04   0.50   0.44   0.38   0.74   0.11   0.50   0.35   0.25   0.89   0.50   0.50   0.68   0.30   0.11   0.53   0.08   0.50   0.50   
0.03   0.03   0.06   0.77   0.03   0.87   0.08   0.03   0.03   0.02   0.03   0.21   0.03   0.02   0.14   0.03   0.48   0.67   0.03   0.72   0.93   0.22   0.03   0.03   0.03   0.02   0.97   0.78   0.03   0.06   0.91   0.98   0.03   0.03   0.99   0.43   0.99   0.03   0.76   0.03   0.72   0.95   0.90   0.97   0.77   0.90   0.72   0.03   0.99   0.01   0.99   0.03   0.89   0.22   0.19   0.97   0.98   0.95   0.17   0.09   0.77   0.92   0.96   0.76   0.85   0.93   0.71   0.79   0.98   0.95   0.95   0.92   0.10   0.84   0.98   0.02   0.96   0.95   

5.00   5.00   5.00   5.00   5.00   5.00   5.00   5.00   5.00   5.00   5.00   5.00   5.00   5.00   5.00   5.00   5.00   5.00   5.00   5.00   5.00   5.00   5.00   5.00   5.00   5.00   5.00   5.00   5.00   5.00   5.00   5.00   5.00   5.00   5.00   5.00   5.00   5.00   5.00   5.00   5.00   5.00   5.00   5.00   5.00   5.00   5.00   5.00   5.00   5.00   5.00   5.00   5.00   5.00   5.00   5.00   5.00   5.00   5.00   5.00   5.00   5.00   5.00   5.00   5.00   5.00   5.00   5.00   5.00   5.00   5.00   5.00   5.00   5.00   5.00   5.00   5.00   5.00   
0.14   0.37   0.19   0.54   0.21   0.14   0.57   0.31   0.13   0.06   0.13   0.10   0.01   0.60   0.48   0.10   0.35   0.84   0.05   0.10   0.76   0.20   0.01   0.01   0.02   0.01   0.35   0.73   0.19   0.19   0.71   0.99   0.08   0.06   0.97   0.71   0.93   0.02   0.19   0.32   0.10   0.86   0.19   0.96   0.76   0.80   0.02   0.10   0.98   0.52   0.99   0.16   0.63   0.81   0.59   0.89   0.95   0.95   0.81   0.99   0.70   0.86   0.97   0.10   0.95   0.70   0.53   0.81   0.53   0.43   0.81   0.99   0.01   0.97   0.94   0.52   0.94   0.97   
0.14   0.37   0.19   0.54   0.21   0.14   0.57   0.31   0.13   0.06   0.13   0.10   0.01   0.60   0.48   0.10   0.35   0.84   0.05   0.10   0.76   0.20   0.01   0.01   0.02   0.01   0.35   0.73   0.19   0.19   0.71   0.99   0.08   0.06   0.97   0.71   0.93   0.02   0.19   0.32   0.10   0.86   0.19   0.96   0.76   0.80   0.02   0.10   0.98   0.52   0.99   0.16   0.63   0.81   0.59   0.89   0.95   0.95   0.81   0.99   0.70   0.86   0.97   0.10   0.95   0.70   0.53   0.81   0.53   0.43   0.81   0.99   0.01   0.97   0.94   0.52   0.94   0.97   
0.50   0.50   0.50   0.39   0.50   0.77   0.02   0.50   0.50   0.50   0.50   0.33   0.50   0.50   0.15   0.50   0.38   0.13   0.50   0.50   0.50   0.22   0.50   0.50   0.50   0.50   0.93   0.31   0.50   0.50   0.66   0.48   0.50   0.50   0.50   0.50   0.50   0.50   0.70   0.50   0.50   0.50   0.83   0.61   0.50   0.50   0.50   0.50   0.55   0.02   0.50   0.50   0.57   0.07   0.50   0.63   0.50   0.50   0.05   0.04   0.50   0.48   0.41   0.79   0.11   0.50   0.37   0.26   0.92   0.50   0.50   0.74   0.32   0.10   0.58   0.08   0.50   0.50   
0.03   0.03   0.07   0.78   0.03   0.92   0.10   0.03   0.03   0.02   0.03   0.27   0.03   0.02   0.10   0.03   0.76   0.74   0.03   0.73   0.93   0.20   0.03   0.03   0.03   0.02   0.99   0.82   0.03   0.07   0.85   0.98   0.03   0.03   0.99   0.37   0.99   0.03   0.77   0.03   0.73   0.95   0.94   0.98   0.75   0.90   0.73   0.03   0.99   0.00   0.99   0.03   0.79   0.11   0.16   0.89   0.98   0.95   0.08   0.11   0.75   0.91   0.97   0.84   0.28   0.93   0.40   0.38   0.96   0.95   0.95   0.96   0.08   0.82   0.98   0.01   0.95   0.95   

5.00   5.00   5.00   5.00   5.00   5.00   5.00   5.00   5.00   5.00   5.00   5.00   5.00   5.00   5.00   5.00   5.00   5.00   5.00   5.00   5.00   5.00   5.00   5.00   5.00   5.00   5.00   5.00   5.00   5.00   5.00   5.00   5.00   5.00   5.00   5.00   5.00   5.00   5.00   5.00   5.00   5.00   5.00   5.00   5.00   5.00   5.00   5.00   5.00   5.00   5.00   5.00   5.00   5.00   5.00   5.00   5.00   5.00   5.00   5.00   5.00   5.00   5.00   5.00   5.00   5.00   5.00   5.00   5.00   5.00   5.00   5.00   5.00   5.00   5.00   5.00   5.00   5.00   
0.07   0.29   0.13   0.38   0.15   0.07   0.47   0.19   0.08   0.03   0.08   0.25   0.01   0.45   0.34   0.05   0.24   0.82   0.04   0.08   0.64   0.13   0.01   0.01   0.01   0.01   0.24   0.74   0.12   0.13   0.75   0.99   0.06   0.03   0.97   0.55   0.94   0.02   0.11   0.22   0.08   0.92   0.13   0.84   0.63   0.68   0.17   0.05   0.88   0.47   0.99   0.09   0.49   0.84   0.70   0.76   0.95   0.84   0.67   0.99   0.56   0.73   0.97   0.05   0.96   0.60   0.39   0.67   0.39   0.33   0.67   0.99   0.15   0.97   0.80   0.47   0.95   0.97   
0.07   0.29   0.13   0.38   0.15   0.07   0.47   0.19   0.08   0.03   0.08   0.25   0.01   0.45   0.34   0.05   0.24   0.82   0.04   0.08   0.64   0.13   0.01   0.01   0.01   0.01   0.24   0.74   0.12   0.13   0.75   0.99   0.06   0.03   0.97   0.55   0.94   0.02   0.11   0.22   0.08   0.92   0.13   0.84   0.63   0.68   0.17   0.05   0.88   0.47   0.99   0.09   0.49   0.84   0.70   0.76   0.95   0.84   0.67   0.99   0.56   0.73   0.97   0.05   0.96   0.60   0.39   0.67   0.39   0.33   0.67   0.99   0.15   0.97   0.80   0.47   0.95   0.97   
0.50   0.50   0.50   0.57   0.50   0.75   0.06   0.50   0.50   0.50   0.50   0.40   0.50   0.50   0.23   0.50   0.45   0.12   0.50   0.50   0.50   0.13   0.50   0.50   0.50   0.50   0.89   0.48   0.50   0.50   0.71   0.69   0.50   0.50   0.50   0.50   0.50   0.50   0.70   0.50   0.50   0.50   0.78   0.79   0.50   0.50   0.50   0.50   0.50   0.50   0.50   0.50   0.67   0.17   0.50   0.76   0.50   0.50   0.12   0.06   0.50   0.63   0.57   0.79   0.22   0.50   0.47   0.23   0.97   0.50   0.50   0.80   0.43   0.18   0.74   0.15   0.50   0.50   
0.03   0.03   0.06   0.88   0.03   0.91   0.23   0.03   0.03   0.02   0.03   0.36   0.03   0.02   0.16   0.03   0.81   0.78   0.03   0.75   0.94   0.11   0.03   0.03   0.03   0.02   0.98   0.93   0.03   0.06   0.91   1.00   0.03   0.03   0.99   0.39   0.99   0.03   0.76   0.03   0.75   0.96   0.92   0.99   0.79   0.91   0.75   0.03   0.99   0.18   0.99   0.03   0.87   0.32   0.16   0.95   0.98   0.96   0.20   0.21   0.79   0.95   0.99   0.82   0.80   0.94   0.69   0.36   0.99   0.96   0.96   0.98   0.15   0.94   0.99   0.02   0.96   0.96   

5.00   5.00   5.00   5.00   5.00   5.00   5.00   5.00   5.00   5.00   5.00   5.00   5.00   5.00   5.00   5.00   5.00   5.00   5.00   5.00   5.00   5.00   5.00   5.00   5.00   5.00   5.00   5.00   5.00   5.00   5.00   5.00   5.00   5.00   5.00   5.00   5.00   5.00   5.00   5.00   5.00   5.00   5.00   5.00   5.00   5.00   5.00   5.00   5.00   5.00   5.00   5.00   5.00   5.00   5.00   5.00   5.00   5.00   5.00   5.00   5.00   5.00   5.00   5.00   5.00   5.00   5.00   5.00   5.00   5.00   5.00   5.00   5.00   5.00   5.00   5.00   5.00   5.00   
0.05   0.21   0.08   0.28   0.11   0.05   0.56   0.14   0.06   0.03   0.06   0.17   0.01   0.63   0.53   0.04   0.17   0.90   0.24   0.05   0.76   0.09   0.01   0.01   0.01   0.01   0.17   0.81   0.09   0.08   0.85   0.99   0.04   0.03   0.97   0.70   0.95   0.01   0.08   0.15   0.05   0.92   0.08   0.87   0.76   0.79   0.11   0.04   0.68   0.33   0.99   0.07   0.65   0.63   0.76   0.59   0.94   0.86   0.75   0.99   0.42   0.79   0.76   0.04   0.74   0.43   0.29   0.75   0.54   0.45   0.75   0.99   0.10   0.76   0.84   0.34   0.95   0.96   
0.05   0.21   0.08   0.28   0.11   0.05   0.56   0.14   0.06   0.03   0.06   0.17   0.01   0.63   0.53   0.04   0.17   0.90   0.24   0.05   0.76   0.09   0.01   0.01   0.01   0.01   0.17   0.81   0.09   0.08   0.85   0.99   0.04   0.03   0.97   0.70   0.95   0.01   0.08   0.15   0.05   0.92   0.08   0.87   0.76   0.79   0.11   0.04   0.68   0.33   0.99   0.07   0.65   0.63   0.76   0.59   0.94   0.86   0.75   0.99   0.42   0.79   0.76   0.04   0.74   0.43   0.29   0.75   0.54   0.45   0.75   0.99   0.10   0.76   0.84   0.34   0.95   0.96   
0.50   0.50   0.50   0.68   0.50   0.83   0.06   0.50   0.50   0.50   0.50   0.29   0.50   0.50   0.25   0.50   0.37   0.08   0.50   0.50   0.50   0.13   0.50   0.50   0.50   0.50   0.85   0.47   0.50   0.50   0.73   0.50   0.50   0.50   0.50   0.50   0.50   0.50   0.71   0.50   0.50   0.50   0.75   0.85   0.50   0.50   0.50   0.50   0.50   0.50   0.50   0.50   0.57   0.25   0.50   0.67   0.50   0.50   0.11   0.09   0.50   0.53   0.61   0.73   0.28   0.50   0.53   0.16   0.95   0.50   0.50   0.75   0.43   0.18   0.67   0.16   0.50   0.50   
0.03   0.03   0.06   0.88   0.03   0.90   0.23   0.03   0.03   0.02   0.03   0.20   0.03   0.02   0.19   0.03   0.46   0.73   0.03   0.71   0.93   0.08   0.03   0.03   0.03   0.02   0.94   0.92   0.03   0.06   0.93   0.99   0.03   0.03   0.99   0.31   0.99   0.03   0.70   0.03   0.71   0.95   0.85   0.99   0.74   0.90   0.71   0.03   0.99   0.17   0.99   0.03   0.81   0.35   0.16   0.88   0.98   0.95   0.20   0.36   0.74   0.92   0.97   0.70   0.73   0.93   0.49   0.27   0.98   0.95   0.95   0.98   0.11   0.82   0.99   0.02   0.94   0.95   

5.00   5.00   5.00   5.00   5.00   5.00   5.00   5.00   5.00   5.00   5.00   5.00   5.00   5.00   5.00   5.00   5.00   5.00   5.00   5.00   5.00   5.00   5.00   5.00   5.00   5.00   5.00   5.00   5.00   5.00   5.00   5.00   5.00   5.00   5.00   5.00   5.00   5.00   5.00   5.00   5.00   5.00   5.00   5.00   5.00   5.00   5.00   5.00   5.00   5.00   5.00   5.00   5.00   5.00   5.00   5.00   5.00   5.00   5.00   5.00   5.00   5.00   5.00   5.00   5.00   5.00   5.00   5.00   5.00   5.00   5.00   5.00   5.00   5.00   5.00   5.00   5.00   5.00   
0.04   0.14   0.06   0.19   0.08   0.04   0.66   0.10   0.04   0.02   0.04   0.12   0.01   0.50   0.41   0.03   0.12   0.78   0.18   0.04   0.80   0.07   0.01   0.01   0.01   0.00   0.12   0.84   0.06   0.06   0.88   0.98   0.03   0.02   0.83   0.77   0.95   0.01   0.06   0.12   0.04   0.93   0.06   0.89   0.82   0.84   0.08   0.03   0.55   0.24   0.99   0.05   0.51   0.47   0.59   0.45   0.95   0.89   0.58   0.87   0.55   0.82   0.80   0.03   0.79   0.31   0.20   0.58   0.41   0.35   0.79   0.98   0.07   0.62   0.86   0.24   0.94   0.82   
0.04   0.14   0.06   0.19   0.08   0.04   0.66   0.10   0.04   0.02   0.04   0.12   0.01   0.50   0.41   0.03   0.12   0.78   0.18   0.04   0.80   0.07   0.01   0.01   0.01   0.00   0.12   0.84   0.06   0.06   0.88   0.98   0.03   0.02   0.83   0.77   0.95   0.01   0.06   0.12   0.04   0.93   0.06   0.89   0.82   0.84   0.08   0.03   0.55   0.24   0.99   0.05   0.51   0.47   0.59   0.45   0.95   0.89   0.58   0.87   0.55   0.82   0.80   0.03   0.79   0.31   0.20   0.58   0.41   0.35   0.79   0.98   0.07   0.62   0.86   0.24   0.94   0.82   
0.50   0.50   0.50   0.68   0.50   0.82   0.06   0.50   0.50   0.50   0.50   0.28   0.50   0.50   0.23   0.50   0.36   0.07   0.50   0.50   0.50   0.12   0.50   0.50   0.50   0.50   0.85   0.46   0.50   0.50   0.72   0.50   0.50   0.50   0.50   0.50   0.50   0.50   0.70   0.50   0.50   0.50   0.75   0.85   0.50   0.50   0.50   0.50   0.50   0.50   0.50   0.50   0.56   0.23   0.50   0.67   0.50   0.50   0.10   0.08   0.50   0.52   0.60   0.73   0.26   0.50   0.51   0.15   0.95   0.50   0.50   0.75   0.41   0.17   0.66   0.15   0.50   0.50   
0.03   0.59   0.13   0.76   0.59   0.82   0.23   0.03   0.03   0.03   0.59   0.14   0.59   0.03   0.14   0.59   0.29   0.28   0.59   0.72   0.89   0.05   0.59   0.59   0.03   0.03   0.88   0.89   0.59   0.13   0.94   0.97   0.03   0.59   0.99   0.21   0.99   0.59   0.58   0.59   0.72   0.93   0.74   0.99   0.72   0.89   0.72   0.03   0.98   0.18   0.99   0.59   0.69   0.23   0.20   0.78   0.97   0.93   0.12   0.24   0.72   0.89   0.95   0.40   0.70   0.89   0.33   0.17   0.96   0.93   0.93   0.98   0.08   0.38   0.97   0.02   0.90   0.93   

5.00   5.00   5.00   5.00   5.00   5.00   5.00   5.00   5.00   5.00   5.00   5.00   5.00   5.00   5.00   5.00   5.00   5.00   5.00   5.00   5.00   5.00   5.00   5.00   5.00   5.00   5.00   5.00   5.00   5.00   5.00   5.00   5.00   5.00   5.00   5.00   5.00   5.00   5.00   5.00   5.00   5.00   5.00   5.00   5.00   5.00   5.00   5.00   5.00   5.00   5.00   5.00   5.00   5.00   5.00   5.00   5.00   5.00   5.00   5.00   5.00   5.00   5.00   5.00   5.00   5.00   5.00   5.00   5.00   5.00   5.00   5.00   5.00   5.00   5.00   5.00   5.00   5.00   
0.04   0.14   0.06   0.19   0.08   0.04   0.66   0.11   0.04   0.02   0.04   0.12   0.01   0.49   0.40   0.03   0.13   0.78   0.18   0.04   0.81   0.07   0.01   0.01   0.01   0.00   0.13   0.83   0.06   0.07   0.88   0.98   0.03   0.02   0.83   0.77   0.94   0.01   0.07   0.12   0.04   0.92   0.06   0.88   0.82   0.84   0.08   0.03   0.54   0.23   0.99   0.05   0.50   0.46   0.58   0.44   0.94   0.88   0.57   0.86   0.54   0.81   0.79   0.03   0.78   0.30   0.19   0.57   0.40   0.34   0.78   0.98   0.07   0.61   0.86   0.23   0.94   0.81   
0.04   0.14   0.06   0.19   0.08   0.04   0.66   0.11   0.04   0.02   0.04   0.12   0.01   0.49   0.40   0.03   0.13   0.78   0.18   0.04   0.81   0.07   0.01   0.01   0.01   0.00   0.13   0.83   0.06   0.07   0.88   0.98   0.03   0.02   0.83   0.77   0.94   0.01   0.07   0.12   0.04   0.92   0.06   0.88   0.82   0.84   0.08   0.03   0.54   0.23   0.99   0.05   0.50   0.46   0.58   0.44   0.94   0.88   0.57   0.86   0.54   0.81   0.79   0.03   0.78   0.30   0.19   0.57   0.40   0.34   0.78   0.98   0.07   0.61   0.86   0.23   0.94   0.81   
0.50   0.50   0.50   0.66   0.50   0.81   0.05   0.50   0.50   0.50   0.50   0.26   0.50   0.50   0.21   0.50   0.34   0.06   0.50   0.50   0.50   0.11   0.50   0.50   0.50   0.50   0.84   0.44   0.50   0.50   0.71   0.50   0.50   0.50   0.50   0.50   0.50   0.50   0.69   0.50   0.50   0.50   0.73   0.84   0.50   0.50   0.50   0.50   0.50   0.50   0.50   0.50   0.54   0.21   0.50   0.65   0.50   0.50   0.09   0.07   0.50   0.49   0.58   0.71   0.24   0.50   0.49   0.14   0.95   0.50   0.50   0.73   0.39   0.15   0.65   0.14   0.50   0.50   
0.03   0.58   0.13   0.72   0.58   0.79   0.20   0.03   0.03   0.02   0.58   0.12   0.58   0.02   0.12   0.58   0.26   0.22   0.58   0.72   0.87   0.04   0.58   0.58   0.03   0.02   0.86   0.88   0.58   0.13   0.92   0.97   0.03   0.58   0.99   0.18   0.99   0.58   0.54   0.58   0.72   0.93   0.70   0.98   0.71   0.90   0.72   0.03   0.98   0.15   0.99   0.58   0.49   0.18   0.18   0.72   0.97   0.93   0.09   0.21   0.71   0.86   0.94   0.35   0.65   0.87   0.26   0.13   0.95   0.93   0.93   0.98   0.06   0.32   0.97   0.01   0.89   0.93   

5.00   5.00   5.00   5.00   5.00   5.00   5.00   5.00   5.00   5.00   5.00   5.00   5.00   5.00   5.00   5.00   5.00   5.00   5.00   5.00   5.00   5.00   5.00   5.00   5.00   5.00   5.00   5.00   5.00   5.00   5.00   5.00   5.00   5.00   5.00   5.00   5.00   5.00   5.00   5.00   5.00   5.00   5.00   5.00   5.00   5.00   5.00   5.00   5.00   5.00   5.00   5.00   5.00   5.00   5.00   5.00   5.00   5.00   5.00   5.00   5.00   5.00   5.00   5.00   5.00   5.00   5.00   5.00   5.00   5.00   5.00   5.00   5.00   5.00   5.00   5.00   5.00   5.00   
0.03   0.11   0.05   0.15   0.07   0.03   0.71   0.09   0.04   0.02   0.04   0.10   0.01   0.39   0.32   0.02   0.10   0.65   0.14   0.04   0.66   0.06   0.01   0.01   0.01   0.00   0.10   0.67   0.05   0.05   0.87   0.98   0.02   0.02   0.87   0.78   0.95   0.01   0.05   0.09   0.03   0.93   0.05   0.73   0.81   0.68   0.07   0.02   0.65   0.22   0.99   0.04   0.40   0.60   0.50   0.58   0.80   0.90   0.67   0.89   0.42   0.67   0.68   0.02   0.82   0.47   0.16   0.67   0.31   0.48   0.82   0.98   0.06   0.71   0.87   0.22   0.94   0.85   
0.03   0.11   0.05   0.15   0.07   0.03   0.71   0.09   0.04   0.02   0.04   0.10   0.01   0.39   0.32   0.02   0.10   0.65   0.14   0.04   0.66   0.06   0.01   0.01   0.01   0.00   0.10   0.67   0.05   0.05   0.87   0.98   0.02   0.02   0.87   0.78   0.95   0.01   0.05   0.09   0.03   0.93   0.05   0.73   0.81   0.68   0.07   0.02   0.65   0.22   0.99   0.04   0.40   0.60   0.50   0.58   0.80   0.90   0.67   0.89   0.42   0.67   0.68   0.02   0.82   0.47   0.16   0.67   0.31   0.48   0.82   0.98   0.06   0.71   0.87   0.22   0.94   0.85   
0.50   0.50   0.50   0.71   0.50   0.84   0.07   0.50   0.50   0.50   0.50   0.31   0.50   0.50   0.26   0.50   0.39   0.08   0.50   0.50   0.50   0.14   0.50   0.50   0.50   0.50   0.87   0.50   0.50   0.50   0.75   0.50   0.50   0.50   0.50   0.50   0.50   0.50   0.73   0.50   0.50   0.50   0.78   0.87   0.50   0.50   0.50   0.50   0.50   0.50   0.50   0.50   0.60   0.26   0.50   0.70   0.50   0.50   0.12   0.09   0.50   0.55   0.63   0.75   0.29   0.50   0.55   0.17   0.96   0.50   0.50   0.78   0.45   0.19   0.69   0.17   0.50   0.50   
0.03   0.56   0.13   0.70   0.56   0.77   0.26   0.03   0.03   0.02   0.56   0.12   0.56   0.02   0.13   0.56   0.23   0.19   0.56   0.70   0.87   0.04   0.56   0.56   0.03   0.02   0.84   0.85   0.56   0.13   0.95   0.97   0.03   0.56   0.99   0.15   0.99   0.56   0.52   0.56   0.70   0.92   0.68   0.98   0.69   0.88   0.70   0.03   0.98   0.16   0.99   0.56   0.65   0.28   0.20   0.82   0.97   0.92   0.16   0.30   0.69   0.86   0.92   0.32   0.75   0.87   0.27   0.22   0.96   0.92   0.92   0.99   0.07   0.41   0.98   0.02   0.89   0.92   

5.00   5.00   5.00   5.00   5.00   5.00   5.00   5.00   5.00   5.00   5.00   5.00   5.00   5.00   5.00   5.00   5.00   5.00   5.00   5.00   5.00   5.00   5.00   5.00   5.00   5.00   5.00   5.00   5.00   5.00   5.00   5.00   5.00   5.00   5.00   5.00   5.00   5.00   5.00   5.00   5.00   5.00   5.00   5.00   5.00   5.00   5.00   5.00   5.00   5.00   5.00   5.00   5.00   5.00   5.00   5.00   5.00   5.00   5.00   5.00   5.00   5.00   5.00   5.00   5.00   5.00   5.00   5.00   5.00   5.00   5.00   5.00   5.00   5.00   5.00   5.00   5.00   5.00   
0.02   0.10   0.04   0.12   0.06   0.02   0.67   0.08   0.03   0.02   0.03   0.09   0.01   0.34   0.28   0.02   0.15   0.61   0.12   0.03   0.62   0.06   0.01   0.02   0.01   0.00   0.09   0.69   0.05   0.05   0.84   0.96   0.02   0.02   0.88   0.80   0.95   0.01   0.05   0.08   0.03   0.89   0.04   0.68   0.77   0.71   0.07   0.02   0.59   0.19   0.99   0.03   0.36   0.53   0.44   0.52   0.81   0.85   0.59   0.85   0.38   0.61   0.63   0.02   0.78   0.47   0.13   0.59   0.26   0.42   0.76   0.96   0.06   0.64   0.82   0.19   0.90   0.79   
0.02   0.10   0.04   0.12   0.06   0.02   0.67   0.08   0.03   0.02   0.03   0.09   0.01   0.34   0.28   0.02   0.15   0.61   0.12   0.03   0.62   0.06   0.01   0.02   0.01   0.00   0.09   0.69   0.05   0.05   0.84   0.96   0.02   0.02   0.88   0.80   0.95   0.01   0.05   0.08   0.03   0.89   0.04   0.68   0.77   0.71   0.07   0.02   0.59   0.19   0.99   0.03   0.36   0.53   0.44   0.52   0.81   0.85   0.59   0.85   0.38   0.61   0.63   0.02   0.78   0.47   0.13   0.59   0.26   0.42   0.76   0.96   0.06   0.64   0.82   0.19   0.90   0.79   
0.50   0.50   0.50   0.68   0.50   0.82   0.06   0.50   0.50   0.50   0.50   0.29   0.50   0.50   0.24   0.50   0.37   0.08   0.50   0.50   0.50   0.13   0.50   0.50   0.50   0.50   0.84   0.47   0.50   0.50   0.72   0.50   0.50   0.50   0.50   0.50   0.50   0.50   0.70   0.50   0.50   0.50   0.75   0.85   0.50   0.50   0.50   0.50   0.50   0.50   0.50   0.50   0.57   0.24   0.50   0.67   0.50   0.50   0.11   0.09   0.50   0.52   0.60   0.72   0.27   0.50   0.52   0.16   0.95   0.50   0.50   0.75   0.42   0.18   0.66   0.16   0.50   0.50   
0.03   0.56   0.13   0.62   0.56   0.70   0.23   0.03   0.03   0.02   0.56   0.09   0.56   0.02   0.10   0.56   0.20   0.17   0.56   0.70   0.86   0.03   0.56   0.56   0.03   0.02   0.79   0.82   0.56   0.13   0.94   0.96   0.03   0.56   0.99   0.12   0.99   0.56   0.33   0.56   0.70   0.92   0.60   0.97   0.68   0.88   0.70   0.03   0.97   0.15   0.99   0.56   0.42   0.22   0.19   0.75   0.97   0.92   0.12   0.26   0.68   0.81   0.89   0.24   0.70   0.86   0.19   0.17   0.93   0.92   0.92   0.98   0.05   0.35   0.96   0.02   0.87   0.92   

5.00   5.00   5.00   5.00   5.00   5.00   5.00   5.00   5.00   5.00   5.00   5.00   5.00   5.00   5.00   5.00   5.00   5.00   5.00   5.00   5.00   5.00   5.00   5.00   5.00   5.00   5.00   5.00   5.00   5.00   5.00   5.00   5.00   5.00   5.00   5.00   5.00   5.00   5.00   5.00   5.00   5.00   5.00   5.00   5.00   5.00   5.00   5.00   5.00   5.00   5.00   5.00   5.00   5.00   5.00   5.00   5.00   5.00   5.00   5.00   5.00   5.00   5.00   5.00   5.00   5.00   5.00   5.00   5.00   5.00   5.00   5.00   5.00   5.00   5.00   5.00   5.00   5.00   
0.02   0.08   0.04   0.10   0.05   0.02   0.72   0.06   0.02   0.01   0.02   0.08   0.01   0.29   0.24   0.02   0.13   0.52   0.11   0.03   0.69   0.05   0.01   0.02   0.01   0.00   0.08   0.58   0.04   0.04   0.87   0.96   0.02   0.02   0.89   0.83   0.96   0.01   0.04   0.07   0.02   0.90   0.04   0.73   0.81   0.77   0.05   0.02   0.65   0.15   0.99   0.03   0.48   0.59   0.36   0.43   0.84   0.70   0.48   0.70   0.32   0.68   0.52   0.02   0.80   0.38   0.11   0.65   0.40   0.34   0.79   0.96   0.05   0.51   0.68   0.15   0.91   0.81   
0.02   0.08   0.04   0.10   0.05   0.02   0.72   0.06   0.02   0.01   0.02   0.08   0.01   0.29   0.24   0.02   0.13   0.52   0.11   0.03   0.69   0.05   0.01   0.02   0.01   0.00   0.08   0.58   0.04   0.04   0.87   0.96   0.02   0.02   0.89   0.83   0.96   0.01   0.04   0.07   0.02   0.90   0.04   0.73   0.81   0.77   0.05   0.02   0.65   0.15   0.99   0.03   0.48   0.59   0.36   0.43   0.84   0.70   0.48   0.70   0.32   0.68   0.52   0.02   0.80   0.38   0.11   0.65   0.40   0.34   0.79   0.96   0.05   0.51   0.68   0.15   0.91   0.81   
0.50   0.50   0.50   0.66   0.50   0.81   0.06   0.50   0.50   0.50   0.50   0.28   0.50   0.50   0.23   0.50   0.36   0.07   0.50   0.50   0.50   0.12   0.50   0.50   0.50   0.50   0.84   0.45   0.50   0.50   0.71   0.50   0.50   0.50   0.50   0.50   0.50   0.50   0.69   0.50   0.50   0.50   0.74   0.84   0.50   0.50   0.50   0.50   0.50   0.50   0.50   0.50   0.55   0.23   0.50   0.66   0.50   0.50   0.11   0.08   0.50   0.51   0.59   0.71   0.26   0.50   0.51   0.16   0.95   0.50   0.50   0.74   0.41   0.17   0.65   0.16   0.50   0.50   
0.03   0.56   0.13   0.53   0.56   0.60   0.24   0.03   0.03   0.02   0.56   0.07   0.56   0.02   0.09   0.56   0.13   0.11   0.56   0.70   0.86   0.02   0.56   0.56   0.03   0.02   0.69   0.74   0.56   0.13   0.96   0.97   0.03   0.56   0.99   0.10   0.99   0.56   0.20   0.56   0.70   0.92   0.51   0.97   0.69   0.88   0.70   0.03   0.98   0.15   0.99   0.56   0.50   0.27   0.19   0.71   0.97   0.92   0.10   0.19   0.69   0.84   0.83   0.16   0.73   0.86   0.15   0.22   0.95   0.92   0.92   0.99   0.04   0.26   0.93   0.01   0.88   0.92   

5.00   5.00   5.00   5.00   5.00   5.00   5.00   5.00   5.00   5.00   5.00   5.00   5.00   5.00   5.00   5.00   5.00   5.00   5.00   5.00   5.00   5.00   5.00   5.00   5.00   5.00   5.00   5.00   5.00   5.00   5.00   5.00   5.00   5.00   5.00   5.00   5.00   5.00   5.00   5.00   5.00   5.00   5.00   5.00   5.00   5.00   5.00   5.00   5.00   5.00   5.00   5.00   5.00   5.00   5.00   5.00   5.00   5.00   5.00   5.00   5.00   5.00   5.00   5.00   5.00   5.00   5.00   5.00   5.00   5.00   5.00   5.00   5.00   5.00   5.00   5.00   5.00   5.00   
0.02   0.07   0.03   0.09   0.04   0.02   0.69   0.06   0.04   0.01   0.02   0.07   0.01   0.27   0.23   0.01   0.16   0.54   0.10   0.05   0.71   0.04   0.01   0.01   0.01   0.00   0.07   0.56   0.03   0.04   0.88   0.96   0.02   0.04   0.90   0.85   0.94   0.01   0.04   0.09   0.02   0.87   0.03   0.74   0.79   0.79   0.05   0.03   0.67   0.17   0.99   0.03   0.51   0.57   0.33   0.40   0.82   0.67   0.45   0.67   0.30   0.66   0.49   0.03   0.77   0.35   0.09   0.63   0.39   0.32   0.80   0.96   0.04   0.52   0.64   0.14   0.88   0.82   
0.02   0.07   0.03   0.09   0.04   0.02   0.69   0.06   0.04   0.01   0.02   0.07   0.01   0.27   0.23   0.01   0.16   0.54   0.10   0.05   0.71   0.04   0.01   0.01   0.01   0.00   0.07   0.56   0.03   0.04   0.88   0.96   0.02   0.04   0.90   0.85   0.94   0.01   0.04   0.09   0.02   0.87   0.03   0.74   0.79   0.79   0.05   0.03   0.67   0.17   0.99   0.03   0.51   0.57   0.33   0.40   0.82   0.67   0.45   0.67   0.30   0.66   0.49   0.03   0.77   0.35   0.09   0.63   0.39   0.32   0.80   0.96   0.04   0.52   0.64   0.14   0.88   0.82   
0.50   0.50   0.50   0.70   0.50   0.84   0.07   0.50   0.50   0.50   0.50   0.31   0.50   0.50   0.26   0.50   0.39   0.08   0.50   0.50   0.50   0.14   0.50   0.50   0.50   0.50   0.86   0.49   0.50   0.50   0.75   0.50   0.50   0.50   0.50   0.50   0.50   0.50   0.73   0.50   0.50   0.50   0.77   0.86   0.50   0.50   0.50   0.50   0.50   0.50   0.50   0.50   0.59   0.26   0.50   0.69   0.50   0.50   0.12   0.10   0.50   0.55   0.63   0.75   0.29   0.50   0.55   0.18   0.96   0.50   0.50   0.77   0.45   0.20   0.69   0.18   0.50   0.50   
0.03   0.57   0.13   0.53   0.57   0.61   0.22   0.03   0.03   0.02   0.57   0.07   0.57   0.02   0.09   0.57   0.19   0.14   0.57   0.70   0.85   0.02   0.57   0.57   0.03   0.02   0.71   0.74   0.57   0.13   0.97   0.96   0.03   0.57   0.99   0.09   0.99   0.57   0.23   0.57   0.70   0.92   0.52   0.98   0.70   0.90   0.70   0.03   0.97   0.14   0.99   0.57   0.69   0.26   0.17   0.70   0.97   0.92   0.10   0.18   0.70   0.83   0.82   0.26   0.69   0.85   0.15   0.21   0.95   0.92   0.92   0.99   0.04   0.29   0.92   0.01   0.87   0.92   

5.00   5.00   5.00   5.00   5.00   5.00   5.00   5.00   5.00   5.00   5.00   5.00   5.00   5.00   5.00   5.00   5.00   5.00   5.00   5.00   5.00   5.00   5.00   5.00   5.00   5.00   5.00   5.00   5.00   5.00   5.00   5.00   5.00   5.00   5.00   5.00   5.00   5.00   5.00   5.00   5.00   5.00   5.00   5.00   5.00   5.00   5.00   5.00   5.00   5.00   5.00   5.00   5.00   5.00   5.00   5.00   5.00   5.00   5.00   5.00   5.00   5.00   5.00   5.00   5.00   5.00   5.00   5.00   5.00   5.00   5.00   5.00   5.00   5.00   5.00   5.00   5.00   5.00   
0.02   0.07   0.03   0.09   0.04   0.02   0.69   0.06   0.04   0.01   0.02   0.07   0.01   0.27   0.23   0.01   0.16   0.54   0.10   0.05   0.71   0.04   0.01   0.01   0.01   0.00   0.07   0.56   0.03   0.04   0.88   0.96   0.02   0.04   0.90   0.85   0.94   0.01   0.04   0.09   0.02   0.87   0.03   0.74   0.79   0.79   0.05   0.03   0.67   0.17   0.99   0.03   0.51   0.57   0.33   0.40   0.82   0.67   0.45   0.67   0.30   0.66   0.49   0.03   0.77   0.35   0.09   0.63   0.39   0.32   0.80   0.96   0.04   0.52   0.64   0.14   0.88   0.82   
0.02   0.07   0.03   0.09   0.04   0.02   0.69   0.06   0.04   0.01   0.02   0.07   0.01   0.27   0.23   0.01   0.16   0.54   0.10   0.05   0.71   0.04   0.01   0.01   0.01   0.00   0.07   0.56   0.03   0.04   0.88   0.96   0.02   0.04   0.90   0.85   0.94   0.01   0.04   0.09   0.02   0.87   0.03   0.74   0.79   0.79   0.05   0.03   0.67   0.17   0.99   0.03   0.51   0.57   0.33   0.40   0.82   0.67   0.45   0.67   0.30   0.66   0.49   0.03   0.77   0.35   0.09   0.63   0.39   0.32   0.80   0.96   0.04   0.52   0.64   0.14   0.88   0.82   
0.50   0.50   0.50   0.69   0.50   0.82   0.07   0.50   0.50   0.50   0.50   0.31   0.50   0.50   0.26   0.50   0.39   0.09   0.50   0.50   0.50   0.14   0.50   0.50   0.50   0.50   0.85   0.49   0.50   0.50   0.73   0.50   0.50   0.50   0.50   0.50   0.50   0.50   0.71   0.50   0.50   0.50   0.76   0.85   0.50   0.50   0.50   0.50   0.50   0.50   0.50   0.50   0.58   0.26   0.50   0.68   0.50   0.50   0.13   0.10   0.50   0.54   0.61   0.73   0.29   0.50   0.54   0.18   0.95   0.50   0.50   0.75   0.45   0.20   0.67   0.18   0.50   0.50   
0.03   0.57   0.13   0.32   0.57   0.55   0.23   0.03   0.03   0.02   0.57   0.06   0.57   0.02   0.09   0.57   0.17   0.14   0.57   0.70   0.86   0.02   0.57   0.57   0.03   0.02   0.67   0.72   0.57   0.13   0.96   0.97   0.03   0.57   0.99   0.08   0.99   0.57   0.19   0.57   0.70   0.92   0.30   0.97   0.69   0.90   0.70   0.03   0.97   0.13   0.99   0.57   0.68   0.25   0.17   0.68   0.97   0.92   0.10   0.18   0.69   0.81   0.80   0.22   0.69   0.86   0.13   0.21   0.94   0.92   0.92   0.99   0.03   0.28   0.91   0.01   0.87   0.92   

0.00   0.00   0.00   0.00   0.00   0.00   0.00   0.00   0.00   0.00   0.00   0.00   0.00   0.00   0.00   0.00   0.00   0.00   0.00   0.00   0.00   0.00   0.00   0.00   0.00   0.00   0.00   1.00   0.00   0.00   1.00   1.00   0.00   0.00   1.00   1.00   1.00   0.00   0.00   0.00   0.00   1.00   0.00   1.00   1.00   1.00   1.00   0.00   1.00   0.00   1.00   0.00   1.00   1.00   1.00   1.00   1.00   1.00   1.00   1.00   1.00   1.00   1.00   0.00   1.00   1.00   1.00   1.00   1.00   1.00   1.00   1.00   1.00   1.00   1.00   1.00   1.00   1.00   