5.00   5.00   5.00   5.00   5.00   5.00   5.00   5.00   5.00   5.00   5.00   5.00   5.00   5.00   5.00   5.00   5.00   5.00   5.00   5.00   5.00   5.00   5.00   5.00   5.00   5.00   5.00   5.00   5.00   5.00   5.00   5.00   5.00   5.00   5.00   5.00   5.00   5.00   5.00   5.00   5.00   5.00   5.00   5.00   5.00   5.00   5.00   5.00   5.00   5.00   5.00   5.00   5.00   5.00   5.00   5.00   5.00   5.00   5.00   5.00   5.00   5.00   5.00   5.00   5.00   5.00   5.00   5.00   5.00   5.00   5.00   5.00   5.00   5.00   5.00   5.00   5.00   5.00   
0.04   0.04   0.04   0.04   0.82   0.04   0.04   0.04   0.04   0.04   0.04   0.04   0.04   0.04   0.04   0.04   0.04   0.04   0.04   0.04   0.34   0.82   0.82   0.04   0.04   0.04   0.04   0.04   0.04   0.82   0.34   0.04   0.04   0.04   0.34   0.82   0.34   0.04   0.04   0.04   0.04   0.04   0.82   0.04   0.82   0.82   0.04   0.34   0.04   0.34   0.82   0.04   0.04   0.98   0.04   0.82   0.82   0.82   0.04   0.04   0.04   0.04   0.04   0.04   0.04   0.82   0.04   0.04   0.04   0.04   0.34   0.04   0.04   0.04   0.04   0.82   0.04   0.04   
5.00   5.00   5.00   5.00   5.00   5.00   5.00   5.00   5.00   5.00   5.00   5.00   5.00   5.00   5.00   5.00   5.00   5.00   5.00   5.00   5.00   5.00   5.00   5.00   5.00   5.00   5.00   5.00   5.00   5.00   5.00   5.00   5.00   5.00   5.00   5.00   5.00   5.00   5.00   5.00   5.00   5.00   5.00   5.00   5.00   5.00   5.00   5.00   5.00   5.00   5.00   5.00   5.00   5.00   5.00   5.00   5.00   5.00   5.00   5.00   5.00   5.00   5.00   5.00   5.00   5.00   5.00   5.00   5.00   5.00   5.00   5.00   5.00   5.00   5.00   5.00   5.00   5.00   
0.04   0.04   0.04   0.04   0.36   0.04   0.04   0.04   0.04   0.04   0.04   0.52   0.04   0.04   0.04   0.04   0.04   0.04   0.04   0.04   0.26   0.36   0.84   0.04   0.04   0.04   0.04   0.04   0.04   0.36   0.26   0.04   0.04   0.04   0.72   0.84   0.72   0.04   0.04   0.04   0.04   0.04   0.36   0.04   0.36   0.36   0.04   0.26   0.04   0.26   0.84   0.04   0.04   0.98   0.52   0.36   0.84   0.36   0.04   0.52   0.04   0.04   0.04   0.04   0.04   0.84   0.52   0.04   0.04   0.04   0.26   0.52   0.04   0.52   0.04   0.36   0.04   0.52   
5.00   5.00   5.00   5.00   5.00   5.00   5.00   5.00   5.00   5.00   5.00   5.00   5.00   5.00   5.00   5.00   5.00   5.00   5.00   5.00   5.00   5.00   5.00   5.00   5.00   5.00   5.00   5.00   5.00   5.00   5.00   5.00   5.00   5.00   5.00   5.00   5.00   5.00   5.00   5.00   5.00   5.00   5.00   5.00   5.00   5.00   5.00   5.00   5.00   5.00   5.00   5.00   5.00   5.00   5.00   5.00   5.00   5.00   5.00   5.00   5.00   5.00   5.00   5.00   5.00   5.00   5.00   5.00   5.00   5.00   5.00   5.00   5.00   5.00   5.00   5.00   5.00   5.00   
0.03   0.03   0.14   0.03   0.35   0.03   0.03   0.03   0.03   0.03   0.03   0.43   0.03   0.03   0.03   0.14   0.03   0.03   0.03   0.03   0.22   0.35   0.88   0.03   0.03   0.03   0.14   0.03   0.03   0.35   0.22   0.03   0.03   0.03   0.61   0.77   0.61   0.03   0.03   0.03   0.03   0.03   0.35   0.03   0.35   0.47   0.03   0.22   0.14   0.22   0.77   0.03   0.14   0.94   0.43   0.35   0.77   0.35   0.03   0.43   0.03   0.03   0.03   0.03   0.03   0.77   0.43   0.03   0.03   0.03   0.22   0.43   0.14   0.43   0.03   0.47   0.03   0.43   
5.00   5.00   5.00   5.00   5.00   5.00   5.00   5.00   5.00   5.00   5.00   5.00   5.00   5.00   5.00   5.00   5.00   5.00   5.00   5.00   5.00   5.00   5.00   5.00   5.00   5.00   5.00   5.00   5.00   5.00   5.00   5.00   5.00   5.00   5.00   5.00   5.00   5.00   5.00   5.00   5.00   5.00   5.00   5.00   5.00   5.00   5.00   5.00   5.00   5.00   5.00   5.00   5.00   5.00   5.00   5.00   5.00   5.00   5.00   5.00   5.00   5.00   5.00   5.00   5.00   5.00   5.00   5.00   5.00   5.00   5.00   5.00   5.00   5.00   5.00   5.00   5.00   5.00   
0.03   0.03   0.10   0.03   0.20   0.03   0.31   0.03   0.03   0.03   0.03   0.24   0.03   0.03   0.03   0.10   0.03   0.31   0.03   0.03   0.28   0.20   0.52   0.03   0.03   0.03   0.10   0.03   0.03   0.20   0.28   0.03   0.03   0.03   0.76   0.43   0.76   0.03   0.03   0.03   0.03   0.03   0.48   0.03   0.20   0.28   0.03   0.54   0.10   0.28   0.70   0.03   0.10   0.68   0.24   0.20   0.43   0.20   0.03   0.24   0.03   0.03   0.03   0.03   0.03   0.43   0.24   0.03   0.03   0.03   0.54   0.24   0.10   0.24   0.03   0.28   0.03   0.24   
5.00   5.00   5.00   5.00   5.00   5.00   5.00   5.00   5.00   5.00   5.00   5.00   5.00   5.00   5.00   5.00   5.00   5.00   5.00   5.00   5.00   5.00   5.00   5.00   5.00   5.00   5.00   5.00   5.00   5.00   5.00   5.00   5.00   5.00   5.00   5.00   5.00   5.00   5.00   5.00   5.00   5.00   5.00   5.00   5.00   5.00   5.00   5.00   5.00   5.00   5.00   5.00   5.00   5.00   5.00   5.00   5.00   5.00   5.00   5.00   5.00   5.00   5.00   5.00   5.00   5.00   5.00   5.00   5.00   5.00   5.00   5.00   5.00   5.00   5.00   5.00   5.00   5.00   
0.03   0.03   0.06   0.03   0.16   0.03   0.21   0.03   0.03   0.03   0.03   0.23   0.03   0.03   0.03   0.06   0.03   0.21   0.03   0.03   0.21   0.16   0.43   0.03   0.03   0.03   0.06   0.23   0.03   0.16   0.43   0.03   0.03   0.03   0.61   0.63   0.84   0.03   0.03   0.03   0.03   0.03   0.35   0.03   0.16   0.20   0.03   0.62   0.06   0.21   0.82   0.03   0.06   0.82   0.23   0.39   0.63   0.16   0.03   0.23   0.23   0.03   0.03   0.23   0.03   0.63   0.23   0.03   0.03   0.03   0.39   0.46   0.06   0.46   0.23   0.20   0.23   0.23   
5.00   5.00   5.00   5.00   5.00   5.00   5.00   5.00   5.00   5.00   5.00   5.00   5.00   5.00   5.00   5.00   5.00   5.00   5.00   5.00   5.00   5.00   5.00   5.00   5.00   5.00   5.00   5.00   5.00   5.00   5.00   5.00   5.00   5.00   5.00   5.00   5.00   5.00   5.00   5.00   5.00   5.00   5.00   5.00   5.00   5.00   5.00   5.00   5.00   5.00   5.00   5.00   5.00   5.00   5.00   5.00   5.00   5.00   5.00   5.00   5.00   5.00   5.00   5.00   5.00   5.00   5.00   5.00   5.00   5.00   5.00   5.00   5.00   5.00   5.00   5.00   5.00   5.00   
0.02   0.02   0.02   0.02   0.14   0.02   0.31   0.02   0.02   0.02   0.15   0.38   0.02   0.02   0.02   0.02   0.02   0.17   0.02   0.15   0.29   0.14   0.37   0.15   0.02   0.02   0.02   0.42   0.02   0.29   0.40   0.02   0.02   0.02   0.65   0.78   0.74   0.02   0.15   0.02   0.15   0.02   0.45   0.02   0.29   0.15   0.02   0.69   0.02   0.15   0.90   0.02   0.02   0.73   0.38   0.55   0.78   0.29   0.02   0.38   0.42   0.15   0.15   0.42   0.02   0.78   0.24   0.02   0.02   0.02   0.30   0.48   0.02   0.64   0.42   0.15   0.42   0.38   
5.00   5.00   5.00   5.00   5.00   5.00   5.00   5.00   5.00   5.00   5.00   5.00   5.00   5.00   5.00   5.00   5.00   5.00   5.00   5.00   5.00   5.00   5.00   5.00   5.00   5.00   5.00   5.00   5.00   5.00   5.00   5.00   5.00   5.00   5.00   5.00   5.00   5.00   5.00   5.00   5.00   5.00   5.00   5.00   5.00   5.00   5.00   5.00   5.00   5.00   5.00   5.00   5.00   5.00   5.00   5.00   5.00   5.00   5.00   5.00   5.00   5.00   5.00   5.00   5.00   5.00   5.00   5.00   5.00   5.00   5.00   5.00   5.00   5.00   5.00   5.00   5.00   5.00   
0.02   0.02   0.03   0.02   0.10   0.02   0.25   0.02   0.02   0.02   0.12   0.31   0.02   0.02   0.13   0.03   0.02   0.14   0.02   0.12   0.40   0.10   0.30   0.12   0.02   0.02   0.03   0.50   0.02   0.22   0.50   0.02   0.02   0.02   0.70   0.64   0.79   0.02   0.12   0.02   0.12   0.02   0.50   0.02   0.22   0.25   0.02   0.61   0.03   0.14   0.76   0.02   0.15   0.63   0.45   0.61   0.79   0.22   0.02   0.45   0.50   0.12   0.25   0.50   0.02   0.79   0.19   0.02   0.13   0.02   0.40   0.41   0.15   0.69   0.35   0.12   0.50   0.45   
5.00   5.00   5.00   5.00   5.00   5.00   5.00   5.00   5.00   5.00   5.00   5.00   5.00   5.00   5.00   5.00   5.00   5.00   5.00   5.00   5.00   5.00   5.00   5.00   5.00   5.00   5.00   5.00   5.00   5.00   5.00   5.00   5.00   5.00   5.00   5.00   5.00   5.00   5.00   5.00   5.00   5.00   5.00   5.00   5.00   5.00   5.00   5.00   5.00   5.00   5.00   5.00   5.00   5.00   5.00   5.00   5.00   5.00   5.00   5.00   5.00   5.00   5.00   5.00   5.00   5.00   5.00   5.00   5.00   5.00   5.00   5.00   5.00   5.00   5.00   5.00   5.00   5.00   
0.02   0.02   0.03   0.02   0.11   0.02   0.26   0.02   0.02   0.02   0.12   0.30   0.02   0.02   0.14   0.03   0.02   0.13   0.02   0.12   0.40   0.11   0.30   0.11   0.02   0.02   0.02   0.50   0.02   0.22   0.50   0.02   0.02   0.02   0.69   0.64   0.80   0.02   0.11   0.02   0.12   0.02   0.51   0.02   0.22   0.26   0.02   0.62   0.02   0.14   0.77   0.02   0.15   0.64   0.45   0.61   0.80   0.22   0.02   0.45   0.50   0.12   0.26   0.50   0.02   0.80   0.19   0.02   0.14   0.02   0.41   0.41   0.15   0.70   0.36   0.11   0.50   0.45   
5.00   5.00   5.00   5.00   5.00   5.00   5.00   5.00   5.00   5.00   5.00   5.00   5.00   5.00   5.00   5.00   5.00   5.00   5.00   5.00   5.00   5.00   5.00   5.00   5.00   5.00   5.00   5.00   5.00   5.00   5.00   5.00   5.00   5.00   5.00   5.00   5.00   5.00   5.00   5.00   5.00   5.00   5.00   5.00   5.00   5.00   5.00   5.00   5.00   5.00   5.00   5.00   5.00   5.00   5.00   5.00   5.00   5.00   5.00   5.00   5.00   5.00   5.00   5.00   5.00   5.00   5.00   5.00   5.00   5.00   5.00   5.00   5.00   5.00   5.00   5.00   5.00   5.00   
0.02   0.02   0.03   0.02   0.10   0.02   0.24   0.02   0.02   0.02   0.13   0.29   0.02   0.02   0.13   0.03   0.02   0.13   0.03   0.11   0.39   0.10   0.29   0.10   0.02   0.02   0.03   0.48   0.02   0.21   0.49   0.02   0.02   0.03   0.68   0.62   0.78   0.02   0.10   0.02   0.11   0.02   0.49   0.03   0.21   0.28   0.02   0.60   0.04   0.16   0.74   0.02   0.17   0.62   0.43   0.62   0.77   0.21   0.02   0.43   0.48   0.11   0.27   0.48   0.02   0.77   0.18   0.02   0.13   0.02   0.40   0.39   0.15   0.67   0.34   0.14   0.48   0.43   
5.00   5.00   5.00   5.00   5.00   5.00   5.00   5.00   5.00   5.00   5.00   5.00   5.00   5.00   5.00   5.00   5.00   5.00   5.00   5.00   5.00   5.00   5.00   5.00   5.00   5.00   5.00   5.00   5.00   5.00   5.00   5.00   5.00   5.00   5.00   5.00   5.00   5.00   5.00   5.00   5.00   5.00   5.00   5.00   5.00   5.00   5.00   5.00   5.00   5.00   5.00   5.00   5.00   5.00   5.00   5.00   5.00   5.00   5.00   5.00   5.00   5.00   5.00   5.00   5.00   5.00   5.00   5.00   5.00   5.00   5.00   5.00   5.00   5.00   5.00   5.00   5.00   5.00   
0.02   0.02   0.03   0.02   0.10   0.02   0.25   0.02   0.02   0.02   0.13   0.28   0.02   0.02   0.14   0.03   0.02   0.13   0.03   0.11   0.39   0.10   0.29   0.10   0.01   0.01   0.03   0.48   0.02   0.20   0.49   0.02   0.02   0.03   0.68   0.62   0.79   0.02   0.10   0.02   0.10   0.02   0.50   0.03   0.21   0.28   0.02   0.59   0.04   0.17   0.74   0.02   0.18   0.62   0.43   0.62   0.77   0.21   0.02   0.43   0.48   0.11   0.28   0.48   0.02   0.78   0.18   0.02   0.14   0.02   0.40   0.39   0.15   0.67   0.33   0.14   0.48   0.43   
5.00   5.00   5.00   5.00   5.00   5.00   5.00   5.00   5.00   5.00   5.00   5.00   5.00   5.00   5.00   5.00   5.00   5.00   5.00   5.00   5.00   5.00   5.00   5.00   5.00   5.00   5.00   5.00   5.00   5.00   5.00   5.00   5.00   5.00   5.00   5.00   5.00   5.00   5.00   5.00   5.00   5.00   5.00   5.00   5.00   5.00   5.00   5.00   5.00   5.00   5.00   5.00   5.00   5.00   5.00   5.00   5.00   5.00   5.00   5.00   5.00   5.00   5.00   5.00   5.00   5.00   5.00   5.00   5.00   5.00   5.00   5.00   5.00   5.00   5.00   5.00   5.00   5.00   
0.02   0.02   0.03   0.02   0.09   0.02   0.23   0.02   0.02   0.08   0.11   0.34   0.02   0.02   0.11   0.02   0.08   0.21   0.03   0.09   0.43   0.09   0.36   0.09   0.02   0.02   0.03   0.40   0.02   0.27   0.51   0.02   0.02   0.03   0.65   0.64   0.73   0.02   0.09   0.02   0.09   0.02   0.45   0.03   0.27   0.24   0.02   0.55   0.04   0.16   0.69   0.02   0.14   0.57   0.38   0.53   0.69   0.19   0.02   0.47   0.40   0.09   0.22   0.40   0.02   0.69   0.17   0.02   0.11   0.02   0.38   0.34   0.12   0.58   0.28   0.13   0.40   0.38   
5.00   5.00   5.00   5.00   5.00   5.00   5.00   5.00   5.00   5.00   5.00   5.00   5.00   5.00   5.00   5.00   5.00   5.00   5.00   5.00   5.00   5.00   5.00   5.00   5.00   5.00   5.00   5.00   5.00   5.00   5.00   5.00   5.00   5.00   5.00   5.00   5.00   5.00   5.00   5.00   5.00   5.00   5.00   5.00   5.00   5.00   5.00   5.00   5.00   5.00   5.00   5.00   5.00   5.00   5.00   5.00   5.00   5.00   5.00   5.00   5.00   5.00   5.00   5.00   5.00   5.00   5.00   5.00   5.00   5.00   5.00   5.00   5.00   5.00   5.00   5.00   5.00   5.00   
0.01   0.01   0.02   0.01   0.18   0.06   0.19   0.01   0.01   0.12   0.19   0.43   0.01   0.01   0.09   0.01   0.05   0.14   0.02   0.18   0.37   0.18   0.43   0.17   0.01   0.01   0.02   0.52   0.01   0.36   0.57   0.01   0.01   0.08   0.68   0.75   0.76   0.01   0.17   0.01   0.17   0.01   0.52   0.02   0.37   0.32   0.01   0.60   0.09   0.20   0.77   0.01   0.12   0.65   0.48   0.64   0.79   0.30   0.07   0.56   0.52   0.18   0.32   0.52   0.07   0.80   0.27   0.07   0.18   0.07   0.39   0.46   0.19   0.70   0.39   0.20   0.52   0.49   
5.00   5.00   5.00   5.00   5.00   5.00   5.00   5.00   5.00   5.00   5.00   5.00   5.00   5.00   5.00   5.00   5.00   5.00   5.00   5.00   5.00   5.00   5.00   5.00   5.00   5.00   5.00   5.00   5.00   5.00   5.00   5.00   5.00   5.00   5.00   5.00   5.00   5.00   5.00   5.00   5.00   5.00   5.00   5.00   5.00   5.00   5.00   5.00   5.00   5.00   5.00   5.00   5.00   5.00   5.00   5.00   5.00   5.00   5.00   5.00   5.00   5.00   5.00   5.00   5.00   5.00   5.00   5.00   5.00   5.00   5.00   5.00   5.00   5.00   5.00   5.00   5.00   5.00   
0.01   0.01   0.02   0.01   0.16   0.05   0.15   0.01   0.01   0.11   0.15   0.47   0.06   0.01   0.08   0.01   0.12   0.13   0.01   0.14   0.42   0.16   0.49   0.13   0.01   0.01   0.02   0.44   0.01   0.42   0.61   0.01   0.01   0.07   0.70   0.77   0.69   0.01   0.13   0.06   0.13   0.01   0.56   0.02   0.43   0.39   0.01   0.62   0.16   0.18   0.69   0.01   0.18   0.69   0.41   0.67   0.80   0.35   0.05   0.49   0.44   0.14   0.26   0.44   0.06   0.72   0.22   0.13   0.14   0.13   0.44   0.49   0.16   0.71   0.42   0.28   0.54   0.52   
5.00   5.00   5.00   5.00   5.00   5.00   5.00   5.00   5.00   5.00   5.00   5.00   5.00   5.00   5.00   5.00   5.00   5.00   5.00   5.00   5.00   5.00   5.00   5.00   5.00   5.00   5.00   5.00   5.00   5.00   5.00   5.00   5.00   5.00   5.00   5.00   5.00   5.00   5.00   5.00   5.00   5.00   5.00   5.00   5.00   5.00   5.00   5.00   5.00   5.00   5.00   5.00   5.00   5.00   5.00   5.00   5.00   5.00   5.00   5.00   5.00   5.00   5.00   5.00   5.00   5.00   5.00   5.00   5.00   5.00   5.00   5.00   5.00   5.00   5.00   5.00   5.00   5.00   
0.01   0.01   0.02   0.01   0.14   0.05   0.12   0.01   0.01   0.09   0.13   0.42   0.17   0.01   0.08   0.01   0.10   0.07   0.01   0.14   0.51   0.14   0.57   0.12   0.01   0.01   0.01   0.59   0.01   0.36   0.72   0.10   0.01   0.06   0.78   0.84   0.77   0.01   0.12   0.05   0.12   0.01   0.65   0.02   0.53   0.34   0.01   0.71   0.14   0.29   0.60   0.01   0.16   0.77   0.53   0.78   0.88   0.47   0.17   0.60   0.59   0.27   0.40   0.59   0.06   0.81   0.34   0.26   0.28   0.26   0.38   0.62   0.15   0.82   0.55   0.38   0.68   0.65   
5.00   5.00   5.00   5.00   5.00   5.00   5.00   5.00   5.00   5.00   5.00   5.00   5.00   5.00   5.00   5.00   5.00   5.00   5.00   5.00   5.00   5.00   5.00   5.00   5.00   5.00   5.00   5.00   5.00   5.00   5.00   5.00   5.00   5.00   5.00   5.00   5.00   5.00   5.00   5.00   5.00   5.00   5.00   5.00   5.00   5.00   5.00   5.00   5.00   5.00   5.00   5.00   5.00   5.00   5.00   5.00   5.00   5.00   5.00   5.00   5.00   5.00   5.00   5.00   5.00   5.00   5.00   5.00   5.00   5.00   5.00   5.00   5.00   5.00   5.00   5.00   5.00   5.00   
0.01   0.01   0.02   0.01   0.14   0.05   0.12   0.01   0.01   0.09   0.13   0.42   0.16   0.01   0.08   0.01   0.10   0.07   0.01   0.13   0.50   0.14   0.56   0.12   0.01   0.01   0.01   0.58   0.02   0.36   0.73   0.10   0.01   0.06   0.77   0.84   0.78   0.02   0.11   0.05   0.12   0.02   0.66   0.02   0.54   0.35   0.01   0.70   0.14   0.29   0.60   0.01   0.16   0.76   0.52   0.79   0.88   0.48   0.17   0.60   0.58   0.28   0.41   0.59   0.05   0.82   0.33   0.26   0.28   0.26   0.39   0.61   0.15   0.83   0.55   0.37   0.68   0.65   
5.00   5.00   5.00   5.00   5.00   5.00   5.00   5.00   5.00   5.00   5.00   5.00   5.00   5.00   5.00   5.00   5.00   5.00   5.00   5.00   5.00   5.00   5.00   5.00   5.00   5.00   5.00   5.00   5.00   5.00   5.00   5.00   5.00   5.00   5.00   5.00   5.00   5.00   5.00   5.00   5.00   5.00   5.00   5.00   5.00   5.00   5.00   5.00   5.00   5.00   5.00   5.00   5.00   5.00   5.00   5.00   5.00   5.00   5.00   5.00   5.00   5.00   5.00   5.00   5.00   5.00   5.00   5.00   5.00   5.00   5.00   5.00   5.00   5.00   5.00   5.00   5.00   5.00   
0.01   0.01   0.02   0.01   0.12   0.04   0.10   0.01   0.01   0.08   0.11   0.36   0.17   0.01   0.08   0.01   0.09   0.06   0.01   0.11   0.47   0.12   0.61   0.10   0.01   0.01   0.01   0.52   0.02   0.30   0.77   0.20   0.01   0.06   0.80   0.76   0.82   0.02   0.09   0.05   0.10   0.02   0.60   0.02   0.60   0.31   0.01   0.64   0.13   0.40   0.52   0.01   0.15   0.71   0.46   0.81   0.80   0.54   0.17   0.54   0.52   0.37   0.37   0.53   0.05   0.74   0.42   0.25   0.37   0.36   0.35   0.67   0.13   0.85   0.49   0.34   0.72   0.59   
5.00   5.00   5.00   5.00   5.00   5.00   5.00   5.00   5.00   5.00   5.00   5.00   5.00   5.00   5.00   5.00   5.00   5.00   5.00   5.00   5.00   5.00   5.00   5.00   5.00   5.00   5.00   5.00   5.00   5.00   5.00   5.00   5.00   5.00   5.00   5.00   5.00   5.00   5.00   5.00   5.00   5.00   5.00   5.00   5.00   5.00   5.00   5.00   5.00   5.00   5.00   5.00   5.00   5.00   5.00   5.00   5.00   5.00   5.00   5.00   5.00   5.00   5.00   5.00   5.00   5.00   5.00   5.00   5.00   5.00   5.00   5.00   5.00   5.00   5.00   5.00   5.00   5.00   
0.00   0.02   0.03   0.02   0.11   0.05   0.12   0.00   0.00   0.10   0.12   0.39   0.19   0.01   0.06   0.02   0.11   0.07   0.02   0.13   0.44   0.11   0.65   0.08   0.01   0.01   0.01   0.50   0.01   0.28   0.75   0.23   0.01   0.05   0.83   0.79   0.84   0.03   0.08   0.04   0.09   0.01   0.62   0.02   0.63   0.33   0.01   0.67   0.15   0.43   0.54   0.00   0.16   0.73   0.50   0.82   0.82   0.58   0.20   0.58   0.54   0.40   0.40   0.56   0.04   0.76   0.45   0.28   0.40   0.40   0.37   0.70   0.11   0.87   0.51   0.37   0.69   0.63   
5.00   5.00   5.00   5.00   5.00   5.00   5.00   5.00   5.00   5.00   5.00   5.00   5.00   5.00   5.00   5.00   5.00   5.00   5.00   5.00   5.00   5.00   5.00   5.00   5.00   5.00   5.00   5.00   5.00   5.00   5.00   5.00   5.00   5.00   5.00   5.00   5.00   5.00   5.00   5.00   5.00   5.00   5.00   5.00   5.00   5.00   5.00   5.00   5.00   5.00   5.00   5.00   5.00   5.00   5.00   5.00   5.00   5.00   5.00   5.00   5.00   5.00   5.00   5.00   5.00   5.00   5.00   5.00   5.00   5.00   5.00   5.00   5.00   5.00   5.00   5.00   5.00   5.00   
0.01   0.02   0.02   0.03   0.13   0.08   0.10   0.01   0.01   0.12   0.16   0.42   0.23   0.02   0.05   0.01   0.13   0.09   0.02   0.17   0.49   0.09   0.69   0.11   0.01   0.01   0.00   0.55   0.02   0.32   0.79   0.27   0.01   0.06   0.86   0.83   0.86   0.02   0.11   0.05   0.12   0.01   0.62   0.02   0.69   0.29   0.03   0.72   0.13   0.48   0.57   0.01   0.13   0.77   0.55   0.86   0.86   0.64   0.25   0.63   0.60   0.46   0.45   0.61   0.06   0.80   0.45   0.33   0.46   0.45   0.39   0.75   0.10   0.90   0.58   0.36   0.75   0.68   
5.00   5.00   5.00   5.00   5.00   5.00   5.00   5.00   5.00   5.00   5.00   5.00   5.00   5.00   5.00   5.00   5.00   5.00   5.00   5.00   5.00   5.00   5.00   5.00   5.00   5.00   5.00   5.00   5.00   5.00   5.00   5.00   5.00   5.00   5.00   5.00   5.00   5.00   5.00   5.00   5.00   5.00   5.00   5.00   5.00   5.00   5.00   5.00   5.00   5.00   5.00   5.00   5.00   5.00   5.00   5.00   5.00   5.00   5.00   5.00   5.00   5.00   5.00   5.00   5.00   5.00   5.00   5.00   5.00   5.00   5.00   5.00   5.00   5.00   5.00   5.00   5.00   5.00   
0.01   0.01   0.02   0.02   0.11   0.06   0.09   0.01   0.01   0.11   0.13   0.39   0.20   0.02   0.04   0.01   0.12   0.09   0.01   0.14   0.45   0.08   0.65   0.10   0.01   0.01   0.01   0.50   0.02   0.29   0.75   0.24   0.01   0.06   0.86   0.79   0.83   0.02   0.09   0.05   0.10   0.01   0.57   0.02   0.63   0.27   0.02   0.68   0.12   0.50   0.54   0.01   0.12   0.73   0.51   0.81   0.81   0.58   0.21   0.64   0.60   0.41   0.40   0.55   0.05   0.76   0.42   0.29   0.41   0.41   0.37   0.70   0.09   0.86   0.52   0.38   0.70   0.62   
5.00   5.00   5.00   5.00   5.00   5.00   5.00   5.00   5.00   5.00   5.00   5.00   5.00   5.00   5.00   5.00   5.00   5.00   5.00   5.00   5.00   5.00   5.00   5.00   5.00   5.00   5.00   5.00   5.00   5.00   5.00   5.00   5.00   5.00   5.00   5.00   5.00   5.00   5.00   5.00   5.00   5.00   5.00   5.00   5.00   5.00   5.00   5.00   5.00   5.00   5.00   5.00   5.00   5.00   5.00   5.00   5.00   5.00   5.00   5.00   5.00   5.00   5.00   5.00   5.00   5.00   5.00   5.00   5.00   5.00   5.00   5.00   5.00   5.00   5.00   5.00   5.00   5.00   
0.01   0.01   0.02   0.02   0.11   0.06   0.09   0.01   0.01   0.11   0.13   0.39   0.20   0.02   0.04   0.01   0.12   0.09   0.01   0.14   0.45   0.08   0.65   0.10   0.01   0.01   0.01   0.50   0.02   0.29   0.75   0.24   0.01   0.06   0.86   0.79   0.83   0.02   0.09   0.05   0.10   0.01   0.57   0.02   0.63   0.27   0.02   0.68   0.12   0.50   0.54   0.01   0.12   0.73   0.51   0.81   0.81   0.58   0.21   0.64   0.60   0.41   0.40   0.55   0.05   0.76   0.42   0.29   0.41   0.41   0.37   0.70   0.09   0.86   0.52   0.38   0.70   0.62   
