0.24   0.08   0.08   0.39   0.08   0.08   0.29   0.08   0.08   0.08   0.26   0.31   0.08   0.08   0.96   0.18   0.08   0.08   0.04   0.79   0.08   0.96   0.02   0.02   0.02   0.01   0.01   0.02   0.08   0.96   0.04   0.08   0.39   0.96   0.96   0.96   0.08   0.04   0.64   0.96   0.08   0.21   0.29   0.08   0.04   0.96   0.96   0.96   0.96   0.04   0.96   0.24   0.08   0.04   0.37   0.96   0.37   0.79   0.96   0.96   0.79   0.96   0.96   0.96   0.96   0.96   0.01   0.96   0.96   0.96   0.39   0.96   0.96   0.04   0.96   0.96   0.24   0.79   
0.04   0.28   0.14   0.19   0.01   0.40   0.11   0.18   0.20   0.15   0.37   0.06   0.41   0.14   0.66   0.18   0.16   0.21   0.38   0.34   0.49   0.95   0.40   0.06   0.09   0.21   0.26   0.08   0.67   0.38   0.06   0.27   0.18   0.78   0.86   0.59   0.17   0.33   0.82   0.99   0.58   0.50   0.34   0.14   0.05   0.98   0.82   0.98   0.93   0.18   0.74   0.12   0.18   0.02   0.56   0.28   0.34   0.36   0.55   0.94   0.98   0.31   0.82   0.97   0.40   0.70   0.34   0.29   0.88   0.74   0.58   0.81   0.57   0.28   0.43   0.83   0.68   0.96   
0.01   0.02   0.01   0.07   0.00   0.03   0.03   0.01   0.01   0.01   0.11   0.02   0.04   0.01   0.98   0.04   0.01   0.01   0.02   0.81   0.05   1.00   0.01   0.00   0.00   0.00   0.00   0.00   0.10   0.95   0.00   0.02   0.07   0.99   0.99   0.98   0.01   0.01   0.95   1.00   0.07   0.13   0.12   0.01   0.00   1.00   0.99   1.00   1.00   0.01   0.99   0.03   0.01   0.00   0.61   0.92   0.16   0.82   0.97   1.00   1.00   0.93   0.99   1.00   0.95   0.99   0.00   0.93   1.00   0.99   0.58   0.99   0.98   0.01   0.96   0.99   0.59   1.00   
0.14   0.06   0.06   0.59   0.24   0.06   0.16   0.24   0.24   0.06   0.22   0.24   0.06   0.06   0.51   0.10   0.06   0.24   0.03   0.42   0.24   0.96   0.15   0.02   0.02   0.01   0.01   0.02   0.24   0.96   0.18   0.06   0.59   0.96   0.51   0.96   0.06   0.03   0.75   0.96   0.06   0.36   0.16   0.24   0.03   0.96   0.96   0.96   0.96   0.03   0.96   0.34   0.24   0.03   0.46   0.96   0.21   0.82   0.96   0.96   0.82   0.96   0.96   0.96   0.96   0.96   0.01   0.96   0.96   0.96   0.59   0.96   0.96   0.18   0.96   0.96   0.34   0.82   
0.50   0.50   0.50   0.50   0.50   0.50   0.50   0.50   0.50   0.50   0.50   0.50   0.50   0.50   0.50   0.50   0.50   0.50   0.50   0.03   0.50   0.50   0.50   0.50   0.50   0.50   0.50   0.50   0.50   0.50   0.50   0.50   0.50   0.50   0.50   0.50   0.50   0.50   0.50   0.50   0.50   0.18   0.11   0.50   0.50   0.50   0.50   0.50   0.50   0.50   0.50   0.50   0.50   0.50   0.95   0.50   0.50   0.08   0.50   0.50   0.50   0.50   0.50   0.50   0.50   0.50   0.50   0.50   0.50   0.50   0.79   0.50   0.50   0.50   0.50   0.50   0.87   0.50   
0.74   0.17   0.17   0.84   0.17   0.17   0.81   0.17   0.17   0.17   0.77   0.83   0.17   0.17   0.97   0.73   0.17   0.17   0.53   0.12   0.17   0.97   0.02   0.02   0.02   0.02   0.02   0.02   0.17   0.97   0.53   0.17   0.84   0.97   0.97   0.97   0.17   0.53   0.92   0.97   0.17   0.29   0.14   0.17   0.53   0.97   0.97   0.97   0.97   0.53   0.97   0.74   0.17   0.53   0.99   0.97   0.77   0.81   0.97   0.97   0.97   0.97   0.97   0.97   0.97   0.97   0.02   0.97   0.97   0.97   0.96   0.97   0.97   0.53   0.97   0.97   0.96   0.97   
0.09   0.04   0.04   0.44   0.18   0.04   0.11   0.18   0.18   0.04   0.13   0.15   0.04   0.04   0.32   0.07   0.04   0.18   0.02   0.27   0.18   0.76   0.12   0.02   0.02   0.01   0.01   0.02   0.18   0.98   0.14   0.04   0.44   0.98   0.32   0.98   0.04   0.02   0.54   0.98   0.04   0.25   0.11   0.18   0.02   0.76   0.98   0.76   0.98   0.02   0.98   0.24   0.51   0.02   0.34   0.98   0.14   0.64   0.98   0.98   0.64   0.76   0.98   0.76   0.76   0.98   0.01   0.98   0.76   0.76   0.44   0.98   0.98   0.14   0.98   0.98   0.24   0.94   
0.50   0.50   0.50   0.50   0.50   0.50   0.50   0.50   0.50   0.50   0.50   0.50   0.50   0.50   0.50   0.50   0.50   0.50   0.50   0.01   0.50   0.50   0.50   0.50   0.50   0.50   0.50   0.50   0.50   0.50   0.50   0.50   0.50   0.50   0.50   0.50   0.50   0.50   0.50   0.50   0.50   0.05   0.06   0.50   0.50   0.50   0.50   0.50   0.50   0.50   0.50   0.50   0.50   0.50   0.50   0.50   0.50   0.04   0.50   0.50   0.50   0.50   0.50   0.50   0.50   0.50   0.50   0.50   0.50   0.50   0.50   0.50   0.50   0.50   0.50   0.50   0.50   0.50   
0.20   0.06   0.06   0.72   0.06   0.06   0.50   0.06   0.06   0.06   0.60   0.63   0.06   0.06   0.97   0.13   0.06   0.06   0.03   0.01   0.06   0.97   0.02   0.02   0.02   0.01   0.01   0.02   0.06   0.97   0.03   0.06   0.72   0.97   0.97   0.97   0.06   0.03   0.88   0.97   0.06   0.03   0.01   0.06   0.03   0.97   0.97   0.97   0.97   0.03   0.97   0.20   0.06   0.03   0.65   0.97   0.20   0.07   0.97   0.97   0.91   0.97   0.97   0.97   0.97   0.97   0.01   0.97   0.97   0.97   0.76   0.97   0.97   0.03   0.97   0.97   0.55   0.91   
0.09   0.04   0.04   0.43   0.18   0.04   0.10   0.18   0.18   0.04   0.13   0.14   0.04   0.04   0.31   0.08   0.04   0.18   0.02   0.26   0.18   0.75   0.12   0.02   0.02   0.01   0.01   0.02   0.22   0.97   0.13   0.04   0.43   0.97   0.31   0.97   0.04   0.02   0.63   0.99   0.04   0.24   0.10   0.18   0.02   0.82   0.97   0.75   0.99   0.02   0.99   0.24   0.58   0.02   0.34   0.97   0.13   0.62   0.97   0.97   0.62   0.75   0.97   0.75   0.75   0.97   0.01   0.97   0.75   0.75   0.51   0.97   0.97   0.13   0.97   0.97   0.24   0.93   
0.50   0.50   0.50   0.50   0.50   0.50   0.50   0.50   0.50   0.50   0.50   0.50   0.50   0.50   0.50   0.50   0.50   0.50   0.50   0.50   0.50   0.50   0.50   0.50   0.50   0.50   0.50   0.50   0.50   0.50   0.50   0.50   0.50   0.50   0.50   0.50   0.50   0.50   0.50   0.50   0.50   0.50   0.50   0.50   0.50   0.50   0.50   0.50   0.50   0.50   0.50   0.50   0.50   0.50   0.50   0.50   0.46   0.50   0.50   0.50   0.50   0.50   0.50   0.50   0.50   0.50   0.50   0.50   0.50   0.50   0.50   0.50   0.50   0.50   0.50   0.50   0.50   0.50   
0.69   0.19   0.19   0.85   0.19   0.19   0.81   0.19   0.19   0.19   0.77   0.84   0.19   0.19   0.97   0.71   0.19   0.19   0.55   0.94   0.19   0.97   0.02   0.02   0.02   0.03   0.03   0.02   0.19   0.97   0.55   0.19   0.85   0.97   0.97   0.97   0.19   0.55   0.91   0.97   0.19   0.78   0.78   0.19   0.55   0.97   0.97   0.97   0.97   0.55   0.97   0.69   0.19   0.55   0.84   0.97   0.76   0.98   0.97   0.97   0.98   0.97   0.97   0.97   0.97   0.97   0.03   0.97   0.97   0.97   0.86   0.97   0.97   0.55   0.97   0.97   0.75   0.98   
0.08   0.04   0.04   0.62   0.20   0.04   0.09   0.20   0.20   0.04   0.12   0.13   0.04   0.04   0.30   0.08   0.04   0.20   0.02   0.24   0.29   0.85   0.13   0.02   0.02   0.01   0.01   0.02   0.26   0.96   0.15   0.04   0.62   0.96   0.30   0.96   0.04   0.02   0.67   0.98   0.04   0.26   0.09   0.20   0.02   0.89   0.99   0.85   1.00   0.02   0.98   0.26   0.76   0.02   0.39   0.96   0.13   0.64   0.96   0.99   0.76   0.76   0.96   0.76   0.76   0.96   0.01   0.99   0.76   0.76   0.58   0.96   0.96   0.15   0.96   0.96   0.37   0.93   
0.50   0.50   0.50   0.50   0.50   0.50   0.50   0.50   0.50   0.50   0.50   0.50   0.50   0.50   0.50   0.50   0.50   0.50   0.50   0.50   0.50   0.50   0.50   0.50   0.50   0.50   0.50   0.50   0.50   0.50   0.50   0.50   0.50   0.50   0.50   0.50   0.50   0.50   0.50   0.50   0.50   0.50   0.50   0.50   0.50   0.50   0.50   0.50   0.50   0.50   0.50   0.50   0.50   0.50   0.50   0.50   0.48   0.50   0.50   0.50   0.50   0.50   0.50   0.50   0.50   0.50   0.50   0.50   0.50   0.50   0.50   0.50   0.50   0.50   0.50   0.50   0.50   0.50   
0.69   0.19   0.19   0.85   0.19   0.19   0.81   0.19   0.19   0.19   0.78   0.84   0.19   0.19   0.97   0.71   0.19   0.19   0.55   0.94   0.19   0.97   0.03   0.03   0.03   0.03   0.03   0.03   0.19   0.97   0.55   0.19   0.85   0.97   0.97   0.97   0.19   0.55   0.91   0.97   0.19   0.78   0.77   0.19   0.55   0.97   0.97   0.97   0.97   0.55   0.97   0.69   0.19   0.55   0.84   0.97   0.76   0.98   0.97   0.97   0.98   0.97   0.97   0.97   0.97   0.97   0.03   0.97   0.97   0.97   0.86   0.97   0.97   0.55   0.97   0.97   0.75   0.98   
0.09   0.05   0.05   0.65   0.22   0.05   0.10   0.22   0.22   0.05   0.13   0.14   0.05   0.05   0.32   0.09   0.05   0.22   0.02   0.26   0.32   0.86   0.14   0.02   0.02   0.01   0.01   0.02   0.28   0.96   0.16   0.05   0.65   0.96   0.32   0.96   0.05   0.02   0.70   0.98   0.05   0.28   0.10   0.22   0.02   0.89   0.99   0.86   1.00   0.02   0.98   0.28   0.78   0.02   0.41   0.97   0.14   0.66   0.96   0.99   0.78   0.78   0.96   0.78   0.78   0.96   0.01   0.99   0.78   0.78   0.61   0.96   0.96   0.16   0.96   0.96   0.39   0.93   
0.50   0.50   0.50   0.50   0.50   0.50   0.50   0.50   0.50   0.50   0.50   0.50   0.50   0.50   0.50   0.50   0.50   0.50   0.50   0.50   0.50   0.50   0.50   0.50   0.50   0.50   0.50   0.50   0.50   0.50   0.50   0.50   0.50   0.50   0.50   0.50   0.50   0.50   0.50   0.50   0.50   0.50   0.50   0.50   0.50   0.50   0.50   0.50   0.50   0.50   0.50   0.50   0.50   0.50   0.50   0.50   0.46   0.50   0.50   0.50   0.50   0.50   0.50   0.50   0.50   0.50   0.50   0.50   0.50   0.50   0.50   0.50   0.50   0.50   0.50   0.50   0.50   0.50   
0.67   0.17   0.17   0.85   0.17   0.17   0.81   0.17   0.17   0.17   0.78   0.85   0.17   0.17   0.97   0.72   0.17   0.17   0.55   0.94   0.17   0.97   0.02   0.02   0.02   0.02   0.02   0.02   0.17   0.97   0.55   0.17   0.85   0.97   0.97   0.97   0.17   0.55   0.92   0.97   0.17   0.80   0.77   0.17   0.55   0.97   0.97   0.97   0.97   0.55   0.97   0.67   0.17   0.55   0.84   0.97   0.73   0.98   0.97   0.97   0.98   0.97   0.97   0.97   0.97   0.97   0.02   0.97   0.97   0.97   0.87   0.97   0.97   0.55   0.97   0.97   0.76   0.98   
0.08   0.04   0.04   0.51   0.17   0.04   0.10   0.17   0.17   0.04   0.13   0.15   0.10   0.04   0.32   0.09   0.04   0.17   0.08   0.37   0.23   0.76   0.11   0.01   0.01   0.01   0.01   0.01   0.22   0.97   0.13   0.04   0.51   0.97   0.32   0.97   0.04   0.02   0.73   0.99   0.04   0.24   0.10   0.17   0.02   0.90   0.95   0.76   0.99   0.02   0.95   0.23   0.62   0.02   0.33   0.97   0.22   0.73   0.92   0.99   0.68   0.81   0.97   0.67   0.81   0.97   0.01   0.99   0.67   0.67   0.64   0.92   0.97   0.22   0.97   0.92   0.30   0.94   
0.50   0.50   0.50   0.50   0.50   0.50   0.50   0.50   0.50   0.50   0.50   0.50   0.50   0.50   0.50   0.50   0.50   0.50   0.50   0.50   0.50   0.50   0.50   0.50   0.50   0.50   0.50   0.50   0.50   0.50   0.50   0.50   0.50   0.50   0.50   0.50   0.50   0.50   0.50   0.50   0.50   0.50   0.50   0.50   0.50   0.50   0.50   0.50   0.50   0.50   0.50   0.50   0.50   0.50   0.50   0.50   0.49   0.50   0.50   0.50   0.50   0.50   0.50   0.50   0.50   0.50   0.50   0.50   0.50   0.50   0.50   0.50   0.50   0.50   0.50   0.50   0.50   0.50   
0.69   0.18   0.18   0.85   0.18   0.18   0.81   0.18   0.18   0.18   0.77   0.84   0.18   0.18   0.97   0.71   0.18   0.18   0.55   0.94   0.18   0.97   0.02   0.02   0.02   0.03   0.03   0.02   0.18   0.97   0.55   0.18   0.85   0.97   0.97   0.97   0.18   0.55   0.91   0.97   0.18   0.78   0.77   0.18   0.55   0.97   0.97   0.97   0.97   0.55   0.97   0.69   0.18   0.55   0.83   0.97   0.76   0.98   0.97   0.97   0.98   0.97   0.97   0.97   0.97   0.97   0.03   0.97   0.97   0.97   0.86   0.97   0.97   0.55   0.97   0.97   0.75   0.98   
0.09   0.04   0.04   0.48   0.16   0.04   0.11   0.17   0.17   0.04   0.13   0.14   0.10   0.04   0.32   0.09   0.04   0.16   0.07   0.36   0.24   0.85   0.11   0.01   0.01   0.01   0.01   0.01   0.21   0.93   0.12   0.04   0.64   0.98   0.32   0.93   0.04   0.02   0.82   0.95   0.04   0.23   0.11   0.16   0.02   0.93   0.97   0.85   0.99   0.09   0.90   0.38   0.60   0.02   0.33   0.98   0.35   0.67   0.94   0.99   0.79   0.87   0.93   0.62   0.76   0.98   0.01   0.99   0.78   0.78   0.58   0.94   0.98   0.21   0.98   0.87   0.48   0.89   
0.50   0.50   0.50   0.50   0.50   0.50   0.50   0.50   0.50   0.50   0.50   0.50   0.50   0.50   0.50   0.50   0.50   0.50   0.50   0.50   0.50   0.50   0.50   0.50   0.50   0.50   0.50   0.50   0.50   0.50   0.50   0.50   0.50   0.50   0.50   0.50   0.50   0.50   0.50   0.50   0.50   0.50   0.50   0.50   0.50   0.50   0.50   0.50   0.50   0.50   0.50   0.50   0.50   0.50   0.50   0.50   0.50   0.50   0.50   0.50   0.50   0.50   0.50   0.50   0.50   0.50   0.50   0.50   0.50   0.50   0.50   0.50   0.50   0.50   0.50   0.50   0.50   0.50   
0.74   0.20   0.20   0.85   0.20   0.20   0.82   0.20   0.20   0.20   0.77   0.84   0.20   0.20   0.97   0.72   0.20   0.20   0.56   0.94   0.20   0.97   0.03   0.03   0.03   0.03   0.03   0.03   0.20   0.97   0.56   0.20   0.85   0.97   0.97   0.97   0.20   0.56   0.91   0.97   0.20   0.78   0.78   0.20   0.56   0.97   0.97   0.97   0.97   0.56   0.97   0.74   0.20   0.56   0.84   0.97   0.78   0.98   0.97   0.97   0.98   0.97   0.97   0.97   0.97   0.97   0.03   0.97   0.97   0.97   0.86   0.97   0.97   0.56   0.97   0.97   0.76   0.98   
0.09   0.10   0.04   0.44   0.15   0.04   0.10   0.15   0.15   0.04   0.12   0.13   0.09   0.04   0.30   0.09   0.04   0.15   0.06   0.33   0.22   0.90   0.10   0.01   0.01   0.01   0.01   0.01   0.18   0.89   0.11   0.04   0.71   0.98   0.41   0.89   0.04   0.02   0.77   0.91   0.04   0.20   0.10   0.15   0.02   0.96   0.98   0.90   0.99   0.09   0.91   0.35   0.51   0.02   0.42   0.96   0.33   0.60   0.91   0.98   0.75   0.83   0.89   0.56   0.70   0.96   0.01   0.99   0.74   0.74   0.51   0.91   0.98   0.18   0.98   0.81   0.44   0.83   
0.50   0.50   0.50   0.50   0.50   0.50   0.50   0.50   0.50   0.50   0.50   0.50   0.50   0.50   0.50   0.50   0.50   0.50   0.50   0.50   0.50   0.50   0.50   0.50   0.50   0.50   0.50   0.50   0.50   0.50   0.50   0.50   0.50   0.50   0.50   0.50   0.50   0.50   0.50   0.50   0.50   0.50   0.50   0.50   0.50   0.50   0.50   0.50   0.50   0.50   0.50   0.50   0.50   0.50   0.50   0.50   0.48   0.50   0.50   0.50   0.50   0.50   0.50   0.50   0.50   0.50   0.50   0.50   0.50   0.50   0.50   0.50   0.50   0.50   0.50   0.50   0.50   0.50   
0.68   0.20   0.20   0.85   0.20   0.20   0.81   0.20   0.20   0.20   0.77   0.84   0.20   0.20   0.97   0.71   0.20   0.20   0.55   0.94   0.20   0.97   0.03   0.03   0.03   0.03   0.03   0.03   0.20   0.97   0.55   0.20   0.85   0.97   0.97   0.97   0.20   0.55   0.91   0.97   0.20   0.78   0.77   0.20   0.55   0.97   0.97   0.97   0.97   0.55   0.97   0.68   0.20   0.55   0.83   0.97   0.75   0.98   0.97   0.97   0.98   0.97   0.97   0.97   0.97   0.97   0.03   0.97   0.97   0.97   0.86   0.97   0.97   0.55   0.97   0.97   0.75   0.98   
0.08   0.14   0.04   0.45   0.15   0.04   0.09   0.15   0.15   0.04   0.12   0.13   0.09   0.04   0.29   0.08   0.04   0.20   0.06   0.32   0.23   0.88   0.10   0.01   0.01   0.01   0.01   0.01   0.19   0.91   0.11   0.04   0.77   0.98   0.40   0.88   0.04   0.02   0.82   0.94   0.04   0.20   0.09   0.15   0.02   0.95   0.97   0.88   0.99   0.09   0.91   0.35   0.60   0.02   0.42   0.95   0.32   0.67   0.90   0.99   0.74   0.82   0.88   0.55   0.68   0.95   0.01   0.99   0.79   0.72   0.52   0.90   0.98   0.18   0.98   0.81   0.45   0.83   
0.50   0.50   0.50   0.50   0.50   0.50   0.50   0.50   0.50   0.50   0.50   0.50   0.50   0.50   0.50   0.50   0.50   0.50   0.50   0.50   0.50   0.50   0.50   0.50   0.50   0.50   0.50   0.50   0.50   0.50   0.50   0.50   0.50   0.50   0.50   0.50   0.50   0.50   0.50   0.50   0.50   0.50   0.50   0.50   0.50   0.50   0.50   0.50   0.50   0.50   0.50   0.50   0.50   0.50   0.50   0.50   0.49   0.50   0.50   0.50   0.50   0.50   0.50   0.50   0.50   0.50   0.50   0.50   0.50   0.50   0.50   0.50   0.50   0.50   0.50   0.50   0.50   0.50   
0.66   0.17   0.17   0.85   0.17   0.17   0.81   0.17   0.17   0.17   0.78   0.84   0.17   0.17   0.97   0.72   0.17   0.17   0.55   0.94   0.17   0.97   0.02   0.02   0.02   0.02   0.02   0.02   0.17   0.97   0.55   0.17   0.85   0.97   0.97   0.97   0.17   0.55   0.92   0.97   0.17   0.80   0.77   0.17   0.55   0.97   0.97   0.97   0.97   0.55   0.97   0.66   0.17   0.55   0.84   0.97   0.74   0.98   0.97   0.97   0.97   0.97   0.97   0.97   0.97   0.97   0.02   0.97   0.97   0.97   0.87   0.97   0.97   0.55   0.97   0.97   0.76   0.97   
0.08   0.14   0.03   0.42   0.13   0.03   0.09   0.13   0.13   0.03   0.11   0.12   0.09   0.03   0.28   0.08   0.03   0.19   0.11   0.41   0.21   0.85   0.09   0.01   0.01   0.01   0.01   0.01   0.18   0.90   0.10   0.03   0.74   0.98   0.39   0.91   0.03   0.02   0.86   0.96   0.03   0.19   0.09   0.13   0.02   0.93   0.96   0.85   0.99   0.08   0.93   0.32   0.59   0.02   0.49   0.94   0.31   0.66   0.92   0.98   0.70   0.79   0.87   0.52   0.66   0.94   0.01   0.99   0.75   0.68   0.61   0.88   0.97   0.17   0.97   0.79   0.41   0.82   
0.50   0.50   0.50   0.50   0.50   0.50   0.50   0.50   0.50   0.50   0.50   0.50   0.50   0.50   0.50   0.50   0.50   0.50   0.50   0.50   0.50   0.50   0.50   0.50   0.50   0.50   0.50   0.50   0.50   0.50   0.50   0.50   0.50   0.50   0.50   0.50   0.50   0.50   0.50   0.50   0.50   0.50   0.50   0.50   0.50   0.50   0.50   0.50   0.50   0.50   0.50   0.50   0.50   0.50   0.50   0.50   0.46   0.50   0.50   0.50   0.50   0.50   0.50   0.50   0.50   0.50   0.50   0.50   0.50   0.50   0.50   0.50   0.50   0.50   0.50   0.50   0.50   0.50   
0.66   0.17   0.17   0.85   0.17   0.17   0.81   0.17   0.17   0.17   0.78   0.84   0.17   0.17   0.97   0.72   0.17   0.17   0.55   0.94   0.17   0.97   0.02   0.02   0.02   0.02   0.02   0.02   0.17   0.97   0.55   0.17   0.85   0.97   0.97   0.97   0.17   0.55   0.92   0.97   0.17   0.80   0.77   0.17   0.55   0.97   0.97   0.97   0.97   0.55   0.97   0.66   0.17   0.55   0.84   0.97   0.71   0.98   0.97   0.97   0.98   0.97   0.97   0.97   0.97   0.97   0.02   0.97   0.97   0.97   0.87   0.97   0.97   0.55   0.97   0.97   0.76   0.98   
0.11   0.13   0.03   0.48   0.12   0.03   0.09   0.12   0.12   0.03   0.11   0.12   0.09   0.03   0.33   0.08   0.03   0.23   0.11   0.46   0.25   0.88   0.08   0.01   0.01   0.01   0.01   0.01   0.22   0.88   0.09   0.03   0.72   0.97   0.38   0.92   0.06   0.04   0.88   0.96   0.03   0.23   0.09   0.12   0.02   0.95   0.94   0.88   0.99   0.07   0.91   0.29   0.62   0.04   0.45   0.91   0.30   0.71   0.90   0.98   0.68   0.82   0.88   0.58   0.70   0.94   0.01   0.99   0.79   0.72   0.58   0.89   0.97   0.17   0.95   0.75   0.39   0.79   
0.50   0.50   0.50   0.50   0.50   0.50   0.50   0.50   0.50   0.50   0.50   0.50   0.50   0.50   0.50   0.50   0.50   0.50   0.50   0.50   0.50   0.50   0.50   0.50   0.50   0.50   0.50   0.50   0.50   0.50   0.50   0.50   0.50   0.50   0.50   0.50   0.50   0.50   0.50   0.50   0.50   0.50   0.50   0.50   0.50   0.50   0.50   0.50   0.50   0.50   0.50   0.50   0.50   0.50   0.50   0.50   0.47   0.50   0.50   0.50   0.50   0.50   0.50   0.50   0.50   0.50   0.50   0.50   0.50   0.50   0.50   0.50   0.50   0.50   0.50   0.50   0.50   0.50   
0.50   0.18   0.18   0.85   0.18   0.18   0.80   0.18   0.18   0.18   0.78   0.84   0.18   0.18   0.97   0.70   0.18   0.18   0.54   0.94   0.18   0.97   0.02   0.02   0.02   0.03   0.03   0.02   0.18   0.97   0.54   0.18   0.85   0.97   0.97   0.97   0.18   0.54   0.91   0.97   0.18   0.79   0.76   0.18   0.54   0.97   0.97   0.97   0.97   0.54   0.97   0.50   0.18   0.54   0.83   0.97   0.65   0.98   0.97   0.97   0.98   0.97   0.97   0.97   0.97   0.97   0.03   0.97   0.97   0.97   0.87   0.97   0.97   0.54   0.97   0.97   0.75   0.98   
0.10   0.12   0.03   0.45   0.12   0.03   0.08   0.15   0.15   0.04   0.10   0.11   0.08   0.03   0.30   0.07   0.03   0.22   0.09   0.42   0.24   0.86   0.08   0.01   0.01   0.01   0.01   0.01   0.21   0.87   0.09   0.03   0.70   0.97   0.34   0.91   0.05   0.03   0.89   0.97   0.03   0.25   0.08   0.15   0.03   0.94   0.95   0.86   0.99   0.09   0.92   0.28   0.60   0.03   0.48   0.93   0.27   0.68   0.89   0.99   0.70   0.80   0.87   0.55   0.73   0.94   0.01   0.99   0.77   0.75   0.55   0.91   0.97   0.16   0.95   0.77   0.37   0.77   
0.50   0.50   0.50   0.50   0.50   0.50   0.50   0.50   0.50   0.50   0.50   0.50   0.50   0.50   0.50   0.50   0.50   0.50   0.50   0.50   0.50   0.50   0.50   0.50   0.50   0.50   0.50   0.50   0.50   0.50   0.50   0.50   0.50   0.50   0.50   0.50   0.50   0.50   0.50   0.50   0.50   0.50   0.50   0.50   0.50   0.50   0.50   0.50   0.50   0.50   0.50   0.50   0.50   0.50   0.50   0.50   0.49   0.50   0.50   0.50   0.50   0.50   0.50   0.50   0.50   0.50   0.50   0.50   0.50   0.50   0.50   0.50   0.50   0.50   0.50   0.50   0.50   0.50   
0.49   0.17   0.17   0.85   0.17   0.17   0.80   0.17   0.17   0.17   0.78   0.84   0.17   0.17   0.97   0.70   0.17   0.17   0.54   0.94   0.17   0.97   0.02   0.02   0.02   0.03   0.03   0.02   0.17   0.97   0.54   0.17   0.85   0.97   0.97   0.97   0.17   0.54   0.91   0.97   0.17   0.79   0.75   0.17   0.54   0.97   0.97   0.97   0.97   0.54   0.97   0.49   0.17   0.54   0.83   0.97   0.64   0.98   0.97   0.97   0.98   0.97   0.97   0.97   0.97   0.97   0.03   0.97   0.97   0.97   0.87   0.97   0.97   0.54   0.97   0.97   0.75   0.98   
0.07   0.09   0.04   0.50   0.15   0.04   0.06   0.18   0.18   0.06   0.13   0.14   0.06   0.02   0.34   0.09   0.02   0.25   0.12   0.46   0.19   0.86   0.10   0.02   0.01   0.01   0.01   0.01   0.25   0.89   0.12   0.04   0.72   0.97   0.37   0.93   0.07   0.05   0.89   0.97   0.02   0.30   0.09   0.18   0.02   0.88   0.95   0.86   1.00   0.11   0.94   0.22   0.64   0.05   0.50   0.93   0.21   0.71   0.90   0.99   0.73   0.81   0.89   0.59   0.75   0.94   0.01   0.99   0.67   0.77   0.61   0.92   0.97   0.13   0.95   0.81   0.29   0.81   
0.50   0.50   0.50   0.50   0.50   0.50   0.50   0.50   0.50   0.50   0.50   0.50   0.50   0.50   0.50   0.50   0.50   0.50   0.50   0.50   0.50   0.50   0.50   0.50   0.50   0.50   0.50   0.50   0.50   0.50   0.50   0.50   0.50   0.50   0.50   0.50   0.50   0.50   0.50   0.50   0.50   0.50   0.50   0.50   0.50   0.50   0.50   0.50   0.50   0.50   0.50   0.50   0.50   0.50   0.50   0.50   0.52   0.50   0.50   0.50   0.50   0.50   0.50   0.50   0.50   0.50   0.50   0.50   0.50   0.50   0.50   0.50   0.50   0.50   0.50   0.50   0.50   0.50   
0.48   0.17   0.17   0.85   0.17   0.17   0.80   0.17   0.17   0.17   0.78   0.84   0.17   0.17   0.97   0.70   0.17   0.17   0.54   0.94   0.17   0.97   0.02   0.02   0.02   0.03   0.03   0.02   0.17   0.97   0.54   0.17   0.85   0.97   0.97   0.97   0.17   0.54   0.91   0.97   0.17   0.79   0.75   0.17   0.54   0.97   0.97   0.97   0.97   0.54   0.97   0.48   0.17   0.54   0.83   0.97   0.66   0.98   0.97   0.97   0.98   0.97   0.97   0.97   0.97   0.97   0.03   0.97   0.97   0.97   0.87   0.97   0.97   0.54   0.97   0.97   0.75   0.98   
0.07   0.25   0.04   0.46   0.13   0.04   0.06   0.15   0.15   0.06   0.12   0.14   0.05   0.02   0.32   0.08   0.02   0.23   0.10   0.43   0.18   0.90   0.08   0.02   0.01   0.01   0.01   0.01   0.21   0.91   0.10   0.04   0.80   0.97   0.55   0.93   0.07   0.05   0.81   0.97   0.02   0.27   0.09   0.16   0.02   0.91   0.96   0.90   0.99   0.10   0.87   0.19   0.57   0.05   0.45   0.85   0.20   0.64   0.82   0.99   0.80   0.73   0.80   0.71   0.81   0.95   0.01   0.99   0.61   0.69   0.52   0.93   0.97   0.11   0.89   0.85   0.26   0.84   
0.50   0.50   0.50   0.50   0.50   0.50   0.50   0.50   0.50   0.50   0.50   0.50   0.50   0.50   0.50   0.50   0.50   0.50   0.50   0.50   0.50   0.50   0.50   0.50   0.50   0.50   0.50   0.50   0.50   0.50   0.50   0.50   0.50   0.50   0.50   0.50   0.50   0.50   0.50   0.50   0.50   0.50   0.50   0.50   0.50   0.50   0.50   0.50   0.50   0.50   0.50   0.50   0.50   0.50   0.50   0.50   0.47   0.50   0.50   0.50   0.50   0.50   0.50   0.50   0.50   0.50   0.50   0.50   0.50   0.50   0.50   0.50   0.50   0.50   0.50   0.50   0.50   0.50   
0.48   0.17   0.17   0.85   0.17   0.17   0.80   0.17   0.17   0.17   0.78   0.84   0.17   0.17   0.97   0.69   0.17   0.17   0.54   0.94   0.17   0.97   0.02   0.02   0.02   0.03   0.03   0.02   0.17   0.97   0.54   0.17   0.85   0.97   0.97   0.97   0.17   0.54   0.91   0.97   0.17   0.78   0.75   0.17   0.54   0.97   0.97   0.97   0.97   0.54   0.97   0.48   0.17   0.54   0.83   0.97   0.45   0.98   0.97   0.97   0.98   0.97   0.97   0.97   0.97   0.97   0.03   0.97   0.97   0.97   0.87   0.97   0.97   0.54   0.97   0.97   0.74   0.98   
0.07   0.22   0.05   0.48   0.14   0.05   0.06   0.17   0.17   0.07   0.13   0.16   0.06   0.02   0.35   0.08   0.02   0.25   0.11   0.45   0.19   0.87   0.09   0.01   0.01   0.01   0.01   0.01   0.23   0.92   0.11   0.05   0.81   0.98   0.56   0.94   0.05   0.05   0.82   0.98   0.02   0.29   0.10   0.17   0.02   0.91   0.97   0.91   0.99   0.11   0.88   0.16   0.59   0.05   0.47   0.87   0.17   0.66   0.84   0.99   0.81   0.75   0.83   0.73   0.83   0.95   0.01   0.99   0.63   0.71   0.55   0.94   0.98   0.09   0.90   0.86   0.22   0.86   
0.50   0.50   0.50   0.50   0.50   0.50   0.50   0.50   0.50   0.50   0.50   0.50   0.50   0.50   0.50   0.50   0.50   0.50   0.50   0.50   0.50   0.50   0.50   0.50   0.50   0.50   0.50   0.50   0.50   0.50   0.50   0.50   0.50   0.50   0.50   0.50   0.50   0.50   0.50   0.50   0.50   0.50   0.50   0.50   0.50   0.50   0.50   0.50   0.50   0.50   0.50   0.50   0.50   0.50   0.50   0.50   0.46   0.50   0.50   0.50   0.50   0.50   0.50   0.50   0.50   0.50   0.50   0.50   0.50   0.50   0.50   0.50   0.50   0.50   0.50   0.50   0.50   0.50   
0.48   0.16   0.16   0.85   0.16   0.16   0.80   0.16   0.16   0.16   0.78   0.84   0.16   0.16   0.97   0.69   0.16   0.16   0.54   0.93   0.16   0.97   0.02   0.02   0.02   0.03   0.03   0.02   0.16   0.97   0.54   0.16   0.85   0.97   0.97   0.97   0.16   0.54   0.91   0.97   0.16   0.78   0.75   0.16   0.54   0.97   0.97   0.97   0.97   0.54   0.97   0.48   0.16   0.54   0.83   0.97   0.43   0.98   0.97   0.97   0.98   0.97   0.97   0.97   0.97   0.97   0.03   0.97   0.97   0.97   0.87   0.97   0.97   0.54   0.97   0.97   0.74   0.98   
0.07   0.22   0.04   0.45   0.12   0.04   0.06   0.14   0.14   0.06   0.13   0.15   0.05   0.02   0.34   0.08   0.02   0.22   0.11   0.45   0.17   0.92   0.08   0.01   0.01   0.01   0.01   0.01   0.21   0.87   0.10   0.04   0.78   0.98   0.72   0.96   0.05   0.05   0.88   0.98   0.02   0.27   0.10   0.15   0.02   0.89   0.93   0.94   1.00   0.10   0.84   0.15   0.53   0.05   0.44   0.81   0.16   0.63   0.88   0.96   0.88   0.71   0.77   0.83   0.78   0.91   0.01   0.99   0.76   0.67   0.52   0.95   0.98   0.08   0.92   0.81   0.20   0.90   
0.50   0.50   0.50   0.50   0.50   0.50   0.50   0.50   0.50   0.50   0.50   0.50   0.50   0.50   0.50   0.50   0.50   0.50   0.50   0.50   0.50   0.50   0.50   0.50   0.50   0.50   0.50   0.50   0.50   0.50   0.50   0.50   0.50   0.50   0.50   0.50   0.50   0.50   0.50   0.50   0.50   0.50   0.50   0.50   0.50   0.50   0.50   0.50   0.50   0.50   0.50   0.50   0.50   0.50   0.50   0.50   0.49   0.50   0.50   0.50   0.50   0.50   0.50   0.50   0.50   0.50   0.50   0.50   0.50   0.50   0.50   0.50   0.50   0.50   0.50   0.50   0.50   0.50   
0.47   0.16   0.16   0.85   0.16   0.16   0.79   0.16   0.16   0.16   0.78   0.85   0.16   0.16   0.97   0.69   0.16   0.16   0.54   0.93   0.16   0.97   0.02   0.02   0.02   0.03   0.03   0.02   0.16   0.97   0.54   0.16   0.85   0.97   0.97   0.97   0.16   0.54   0.92   0.97   0.16   0.79   0.75   0.16   0.54   0.97   0.97   0.97   0.97   0.54   0.97   0.47   0.16   0.54   0.83   0.97   0.43   0.98   0.97   0.97   0.98   0.97   0.97   0.97   0.97   0.97   0.03   0.97   0.97   0.97   0.87   0.97   0.97   0.54   0.97   0.97   0.74   0.98   
0.07   0.22   0.04   0.45   0.12   0.04   0.06   0.14   0.14   0.06   0.13   0.15   0.05   0.02   0.34   0.08   0.02   0.22   0.11   0.45   0.17   0.92   0.08   0.01   0.01   0.01   0.01   0.01   0.21   0.87   0.10   0.04   0.78   0.98   0.72   0.96   0.05   0.05   0.88   0.98   0.02   0.27   0.10   0.15   0.02   0.89   0.93   0.94   1.00   0.10   0.84   0.15   0.53   0.05   0.44   0.81   0.16   0.63   0.88   0.96   0.88   0.71   0.77   0.83   0.78   0.91   0.01   0.99   0.76   0.67   0.52   0.95   0.98   0.08   0.92   0.81   0.20   0.90   
0.50   0.50   0.50   0.50   0.50   0.50   0.50   0.50   0.50   0.50   0.50   0.50   0.50   0.50   0.50   0.50   0.50   0.50   0.50   0.50   0.50   0.50   0.50   0.50   0.50   0.50   0.50   0.50   0.50   0.50   0.50   0.50   0.50   0.50   0.50   0.50   0.50   0.50   0.50   0.50   0.50   0.50   0.50   0.50   0.50   0.50   0.50   0.50   0.50   0.50   0.50   0.50   0.50   0.50   0.50   0.50   0.50   0.50   0.50   0.50   0.50   0.50   0.50   0.50   0.50   0.50   0.50   0.50   0.50   0.50   0.50   0.50   0.50   0.50   0.50   0.50   0.50   0.50   
0.47   0.16   0.16   0.85   0.16   0.16   0.79   0.16   0.16   0.16   0.78   0.85   0.16   0.16   0.97   0.69   0.16   0.16   0.54   0.93   0.16   0.97   0.02   0.02   0.02   0.03   0.03   0.02   0.16   0.97   0.54   0.16   0.85   0.97   0.97   0.97   0.16   0.54   0.92   0.97   0.16   0.79   0.75   0.16   0.54   0.97   0.97   0.97   0.97   0.54   0.97   0.47   0.16   0.54   0.83   0.97   0.44   0.98   0.97   0.97   0.98   0.97   0.97   0.97   0.97   0.97   0.03   0.97   0.97   0.97   0.87   0.97   0.97   0.54   0.97   0.97   0.74   0.98   
