5.00   5.00   5.00   5.00   5.00   5.00   5.00   5.00   5.00   5.00   5.00   5.00   5.00   5.00   5.00   5.00   5.00   5.00   5.00   5.00   5.00   5.00   5.00   5.00   5.00   5.00   5.00   5.00   5.00   5.00   
0.93   0.53   0.16   0.93   0.16   0.01   0.99   0.03   0.99   0.16   0.93   0.99   0.01   0.16   0.16   0.01   0.16   0.99   0.16   0.16   0.07   0.93   0.01   0.16   0.16   0.93   0.01   0.93   0.16   0.93   
5.00   5.00   5.00   5.00   5.00   5.00   5.00   5.00   5.00   5.00   5.00   5.00   5.00   5.00   5.00   5.00   5.00   5.00   5.00   5.00   5.00   5.00   5.00   5.00   5.00   5.00   5.00   5.00   5.00   5.00   
0.85   0.49   0.17   0.98   0.17   0.01   0.99   0.04   0.99   0.17   0.98   0.99   0.01   0.79   0.17   0.01   0.17   0.92   0.17   0.17   0.08   0.85   0.01   0.17   0.17   0.85   0.01   0.85   0.79   0.85   
5.00   5.00   5.00   5.00   5.00   5.00   5.00   5.00   5.00   5.00   5.00   5.00   5.00   5.00   5.00   5.00   5.00   5.00   5.00   5.00   5.00   5.00   5.00   5.00   5.00   5.00   5.00   5.00   5.00   5.00   
0.76   0.34   0.13   0.90   0.13   0.01   0.99   0.03   0.99   0.13   0.90   0.99   0.01   0.51   0.13   0.00   0.13   0.86   0.13   0.13   0.06   0.95   0.01   0.13   0.13   0.95   0.01   0.76   0.51   0.95   
5.00   5.00   5.00   5.00   5.00   5.00   5.00   5.00   5.00   5.00   5.00   5.00   5.00   5.00   5.00   5.00   5.00   5.00   5.00   5.00   5.00   5.00   5.00   5.00   5.00   5.00   5.00   5.00   5.00   5.00   
0.80   0.47   0.03   0.91   0.03   0.01   0.99   0.08   0.99   0.20   0.91   0.99   0.04   0.60   0.20   0.03   0.20   0.88   0.20   0.20   0.14   0.95   0.01   0.20   0.03   0.95   0.01   0.80   0.60   0.95   
5.00   5.00   5.00   5.00   5.00   5.00   5.00   5.00   5.00   5.00   5.00   5.00   5.00   5.00   5.00   5.00   5.00   5.00   5.00   5.00   5.00   5.00   5.00   5.00   5.00   5.00   5.00   5.00   5.00   5.00   
0.69   0.80   0.03   0.85   0.03   0.01   1.00   0.12   1.00   0.18   0.85   1.00   0.04   0.56   0.18   0.03   0.18   0.94   0.18   0.18   0.13   0.96   0.01   0.18   0.03   0.89   0.01   0.69   0.83   0.89   
5.00   5.00   5.00   5.00   5.00   5.00   5.00   5.00   5.00   5.00   5.00   5.00   5.00   5.00   5.00   5.00   5.00   5.00   5.00   5.00   5.00   5.00   5.00   5.00   5.00   5.00   5.00   5.00   5.00   5.00   
0.70   0.81   0.03   0.85   0.03   0.01   0.99   0.11   0.99   0.18   0.85   0.99   0.04   0.69   0.18   0.03   0.18   0.93   0.18   0.18   0.13   0.97   0.01   0.33   0.03   0.90   0.01   0.70   0.83   0.92   
5.00   5.00   5.00   5.00   5.00   5.00   5.00   5.00   5.00   5.00   5.00   5.00   5.00   5.00   5.00   5.00   5.00   5.00   5.00   5.00   5.00   5.00   5.00   5.00   5.00   5.00   5.00   5.00   5.00   5.00   
0.68   0.80   0.03   0.85   0.03   0.01   0.99   0.10   0.99   0.17   0.85   0.99   0.04   0.67   0.17   0.03   0.17   0.94   0.17   0.17   0.12   0.97   0.01   0.31   0.03   0.91   0.01   0.68   0.82   0.92   
5.00   5.00   5.00   5.00   5.00   5.00   5.00   5.00   5.00   5.00   5.00   5.00   5.00   5.00   5.00   5.00   5.00   5.00   5.00   5.00   5.00   5.00   5.00   5.00   5.00   5.00   5.00   5.00   5.00   5.00   
0.66   0.79   0.03   0.82   0.03   0.01   0.99   0.09   0.99   0.16   0.82   0.99   0.03   0.63   0.16   0.03   0.16   0.97   0.16   0.16   0.11   0.99   0.01   0.30   0.03   0.90   0.01   0.66   0.81   0.92   
5.00   5.00   5.00   5.00   5.00   5.00   5.00   5.00   5.00   5.00   5.00   5.00   5.00   5.00   5.00   5.00   5.00   5.00   5.00   5.00   5.00   5.00   5.00   5.00   5.00   5.00   5.00   5.00   5.00   5.00   
0.74   0.84   0.05   0.78   0.02   0.01   0.99   0.09   0.98   0.13   0.78   0.99   0.06   0.53   0.13   0.02   0.13   0.97   0.13   0.13   0.09   0.98   0.01   0.23   0.02   0.92   0.01   0.74   0.84   0.93   
5.00   5.00   5.00   5.00   5.00   5.00   5.00   5.00   5.00   5.00   5.00   5.00   5.00   5.00   5.00   5.00   5.00   5.00   5.00   5.00   5.00   5.00   5.00   5.00   5.00   5.00   5.00   5.00   5.00   5.00   
0.74   0.84   0.05   0.78   0.02   0.01   0.99   0.09   0.98   0.13   0.78   0.99   0.06   0.53   0.13   0.02   0.13   0.97   0.13   0.13   0.09   0.98   0.01   0.23   0.02   0.92   0.01   0.74   0.84   0.93   
