5.00   5.00   5.00   5.00   5.00   5.00   5.00   5.00   5.00   5.00   5.00   5.00   5.00   5.00   5.00   5.00   5.00   5.00   5.00   5.00   5.00   5.00   5.00   5.00   5.00   5.00   5.00   5.00   5.00   5.00   5.00   5.00   5.00   5.00   5.00   5.00   5.00   5.00   5.00   5.00   5.00   5.00   5.00   5.00   5.00   5.00   5.00   5.00   5.00   5.00   5.00   5.00   5.00   5.00   5.00   5.00   5.00   5.00   5.00   5.00   5.00   5.00   5.00   5.00   5.00   5.00   5.00   5.00   5.00   5.00   5.00   5.00   5.00   5.00   5.00   5.00   5.00   5.00   
0.08   0.96   0.08   0.08   0.08   0.08   0.08   0.08   0.08   0.08   0.08   0.99   0.91   0.08   0.99   0.08   0.02   0.08   0.80   0.75   0.08   0.08   0.80   0.80   0.08   0.08   0.02   0.02   0.02   0.08   0.79   0.08   0.91   0.08   0.02   0.72   0.02   0.99   0.79   0.02   0.08   0.08   0.08   0.08   0.91   0.08   0.91   0.97   0.96   0.91   0.02   0.08   0.08   0.08   0.08   0.91   0.79   0.79   0.79   0.80   0.08   0.08   0.08   0.08   0.02   0.91   0.79   0.08   0.08   0.08   0.08   0.08   0.08   0.97   0.91   0.08   0.02   0.08   
5.00   5.00   5.00   5.00   5.00   5.00   5.00   5.00   5.00   5.00   5.00   5.00   5.00   5.00   5.00   5.00   5.00   5.00   5.00   5.00   5.00   5.00   5.00   5.00   5.00   5.00   5.00   5.00   5.00   5.00   5.00   5.00   5.00   5.00   5.00   5.00   5.00   5.00   5.00   5.00   5.00   5.00   5.00   5.00   5.00   5.00   5.00   5.00   5.00   5.00   5.00   5.00   5.00   5.00   5.00   5.00   5.00   5.00   5.00   5.00   5.00   5.00   5.00   5.00   5.00   5.00   5.00   5.00   5.00   5.00   5.00   5.00   5.00   5.00   5.00   5.00   5.00   5.00   
0.06   0.95   0.06   0.06   0.06   0.06   0.06   0.06   0.06   0.06   0.06   0.97   0.96   0.06   0.97   0.06   0.02   0.06   0.77   0.71   0.06   0.06   0.77   0.77   0.06   0.06   0.02   0.02   0.02   0.06   0.78   0.06   0.96   0.06   0.02   0.89   0.76   0.99   0.91   0.02   0.06   0.06   0.06   0.06   0.96   0.06   0.92   0.98   0.95   0.96   0.02   0.06   0.81   0.06   0.81   0.92   0.91   0.91   0.78   0.90   0.06   0.06   0.06   0.06   0.02   0.96   0.91   0.06   0.81   0.06   0.06   0.81   0.81   0.98   0.96   0.81   0.02   0.81   
5.00   5.00   5.00   5.00   5.00   5.00   5.00   5.00   5.00   5.00   5.00   5.00   5.00   5.00   5.00   5.00   5.00   5.00   5.00   5.00   5.00   5.00   5.00   5.00   5.00   5.00   5.00   5.00   5.00   5.00   5.00   5.00   5.00   5.00   5.00   5.00   5.00   5.00   5.00   5.00   5.00   5.00   5.00   5.00   5.00   5.00   5.00   5.00   5.00   5.00   5.00   5.00   5.00   5.00   5.00   5.00   5.00   5.00   5.00   5.00   5.00   5.00   5.00   5.00   5.00   5.00   5.00   5.00   5.00   5.00   5.00   5.00   5.00   5.00   5.00   5.00   5.00   5.00   
0.03   0.53   0.03   0.42   0.03   0.03   0.42   0.42   0.03   0.42   0.03   0.98   0.96   0.42   0.98   0.42   0.36   0.03   0.88   0.87   0.03   0.42   0.88   0.88   0.42   0.42   0.02   0.02   0.02   0.42   0.10   0.03   0.96   0.03   0.36   0.86   0.74   0.99   0.88   0.02   0.03   0.42   0.03   0.42   0.96   0.03   0.90   0.99   0.94   0.96   0.02   0.42   0.15   0.03   0.78   0.90   0.88   0.26   0.69   0.94   0.42   0.42   0.42   0.42   0.36   0.96   0.88   0.03   0.78   0.03   0.03   0.78   0.78   0.99   0.96   0.78   0.02   0.15   
5.00   5.00   5.00   5.00   5.00   5.00   5.00   5.00   5.00   5.00   5.00   5.00   5.00   5.00   5.00   5.00   5.00   5.00   5.00   5.00   5.00   5.00   5.00   5.00   5.00   5.00   5.00   5.00   5.00   5.00   5.00   5.00   5.00   5.00   5.00   5.00   5.00   5.00   5.00   5.00   5.00   5.00   5.00   5.00   5.00   5.00   5.00   5.00   5.00   5.00   5.00   5.00   5.00   5.00   5.00   5.00   5.00   5.00   5.00   5.00   5.00   5.00   5.00   5.00   5.00   5.00   5.00   5.00   5.00   5.00   5.00   5.00   5.00   5.00   5.00   5.00   5.00   5.00   
0.03   0.49   0.03   0.17   0.48   0.48   0.17   0.17   0.03   0.17   0.03   0.69   0.97   0.17   0.90   0.17   0.60   0.03   0.76   0.27   0.03   0.17   0.34   0.76   0.17   0.17   0.01   0.01   0.01   0.17   0.62   0.03   0.97   0.03   0.11   0.93   0.89   0.99   0.95   0.01   0.03   0.17   0.03   0.17   0.97   0.03   0.84   0.99   0.89   0.97   0.01   0.17   0.83   0.03   0.92   0.84   0.95   0.89   0.77   0.95   0.66   0.66   0.66   0.66   0.11   0.97   0.95   0.48   0.92   0.48   0.48   0.92   0.92   0.99   0.97   0.92   0.01   0.83   
5.00   5.00   5.00   5.00   5.00   5.00   5.00   5.00   5.00   5.00   5.00   5.00   5.00   5.00   5.00   5.00   5.00   5.00   5.00   5.00   5.00   5.00   5.00   5.00   5.00   5.00   5.00   5.00   5.00   5.00   5.00   5.00   5.00   5.00   5.00   5.00   5.00   5.00   5.00   5.00   5.00   5.00   5.00   5.00   5.00   5.00   5.00   5.00   5.00   5.00   5.00   5.00   5.00   5.00   5.00   5.00   5.00   5.00   5.00   5.00   5.00   5.00   5.00   5.00   5.00   5.00   5.00   5.00   5.00   5.00   5.00   5.00   5.00   5.00   5.00   5.00   5.00   5.00   
0.02   0.55   0.02   0.15   0.38   0.38   0.15   0.15   0.02   0.15   0.02   0.74   0.96   0.15   0.90   0.15   0.54   0.02   0.71   0.25   0.02   0.15   0.31   0.78   0.15   0.25   0.01   0.01   0.01   0.15   0.55   0.02   0.96   0.02   0.20   0.94   0.85   0.99   0.93   0.01   0.02   0.15   0.08   0.15   0.96   0.02   0.86   0.98   0.90   0.98   0.05   0.15   0.76   0.02   0.91   0.82   0.95   0.83   0.73   0.92   0.68   0.59   0.59   0.59   0.20   0.96   0.93   0.38   0.88   0.38   0.38   0.88   0.91   0.99   0.98   0.88   0.01   0.76   
5.00   5.00   5.00   5.00   5.00   5.00   5.00   5.00   5.00   5.00   5.00   5.00   5.00   5.00   5.00   5.00   5.00   5.00   5.00   5.00   5.00   5.00   5.00   5.00   5.00   5.00   5.00   5.00   5.00   5.00   5.00   5.00   5.00   5.00   5.00   5.00   5.00   5.00   5.00   5.00   5.00   5.00   5.00   5.00   5.00   5.00   5.00   5.00   5.00   5.00   5.00   5.00   5.00   5.00   5.00   5.00   5.00   5.00   5.00   5.00   5.00   5.00   5.00   5.00   5.00   5.00   5.00   5.00   5.00   5.00   5.00   5.00   5.00   5.00   5.00   5.00   5.00   5.00   
0.02   0.45   0.09   0.12   0.46   0.46   0.12   0.12   0.02   0.12   0.02   0.66   0.96   0.25   0.90   0.12   0.47   0.02   0.75   0.22   0.02   0.12   0.26   0.81   0.25   0.34   0.01   0.01   0.01   0.25   0.47   0.02   0.92   0.09   0.30   0.95   0.88   0.99   0.94   0.07   0.02   0.12   0.06   0.12   0.96   0.02   0.79   0.98   0.86   0.95   0.04   0.12   0.69   0.02   0.87   0.82   0.96   0.85   0.77   0.94   0.72   0.65   0.65   0.65   0.30   0.96   0.94   0.33   0.89   0.33   0.33   0.83   0.93   0.99   0.95   0.83   0.01   0.69   
5.00   5.00   5.00   5.00   5.00   5.00   5.00   5.00   5.00   5.00   5.00   5.00   5.00   5.00   5.00   5.00   5.00   5.00   5.00   5.00   5.00   5.00   5.00   5.00   5.00   5.00   5.00   5.00   5.00   5.00   5.00   5.00   5.00   5.00   5.00   5.00   5.00   5.00   5.00   5.00   5.00   5.00   5.00   5.00   5.00   5.00   5.00   5.00   5.00   5.00   5.00   5.00   5.00   5.00   5.00   5.00   5.00   5.00   5.00   5.00   5.00   5.00   5.00   5.00   5.00   5.00   5.00   5.00   5.00   5.00   5.00   5.00   5.00   5.00   5.00   5.00   5.00   5.00   
0.01   0.34   0.07   0.06   0.59   0.59   0.06   0.06   0.16   0.06   0.01   0.70   0.97   0.14   0.91   0.06   0.31   0.01   0.51   0.10   0.01   0.06   0.11   0.59   0.14   0.47   0.01   0.01   0.01   0.38   0.61   0.01   0.76   0.07   0.46   0.97   0.91   1.00   0.96   0.25   0.01   0.06   0.24   0.06   0.97   0.01   0.81   0.98   0.87   0.95   0.23   0.26   0.78   0.01   0.90   0.83   0.98   0.91   0.80   0.94   0.78   0.71   0.71   0.71   0.46   0.97   0.96   0.24   0.92   0.47   0.47   0.86   0.95   0.99   0.95   0.86   0.15   0.78   
5.00   5.00   5.00   5.00   5.00   5.00   5.00   5.00   5.00   5.00   5.00   5.00   5.00   5.00   5.00   5.00   5.00   5.00   5.00   5.00   5.00   5.00   5.00   5.00   5.00   5.00   5.00   5.00   5.00   5.00   5.00   5.00   5.00   5.00   5.00   5.00   5.00   5.00   5.00   5.00   5.00   5.00   5.00   5.00   5.00   5.00   5.00   5.00   5.00   5.00   5.00   5.00   5.00   5.00   5.00   5.00   5.00   5.00   5.00   5.00   5.00   5.00   5.00   5.00   5.00   5.00   5.00   5.00   5.00   5.00   5.00   5.00   5.00   5.00   5.00   5.00   5.00   5.00   
0.01   0.32   0.06   0.06   0.54   0.54   0.06   0.06   0.14   0.06   0.01   0.67   0.95   0.13   0.90   0.06   0.29   0.01   0.48   0.10   0.01   0.06   0.19   0.64   0.13   0.43   0.01   0.01   0.01   0.34   0.57   0.01   0.72   0.06   0.42   0.98   0.92   1.00   0.97   0.22   0.01   0.06   0.22   0.06   0.95   0.01   0.78   0.97   0.89   0.96   0.21   0.33   0.74   0.01   0.88   0.85   0.97   0.88   0.78   0.93   0.75   0.67   0.67   0.67   0.42   0.95   0.94   0.22   0.89   0.42   0.52   0.83   0.93   0.99   0.94   0.83   0.13   0.74   
5.00   5.00   5.00   5.00   5.00   5.00   5.00   5.00   5.00   5.00   5.00   5.00   5.00   5.00   5.00   5.00   5.00   5.00   5.00   5.00   5.00   5.00   5.00   5.00   5.00   5.00   5.00   5.00   5.00   5.00   5.00   5.00   5.00   5.00   5.00   5.00   5.00   5.00   5.00   5.00   5.00   5.00   5.00   5.00   5.00   5.00   5.00   5.00   5.00   5.00   5.00   5.00   5.00   5.00   5.00   5.00   5.00   5.00   5.00   5.00   5.00   5.00   5.00   5.00   5.00   5.00   5.00   5.00   5.00   5.00   5.00   5.00   5.00   5.00   5.00   5.00   5.00   5.00   
0.01   0.63   0.06   0.05   0.51   0.51   0.05   0.05   0.13   0.05   0.01   0.71   0.97   0.13   0.95   0.05   0.28   0.01   0.48   0.09   0.01   0.05   0.19   0.62   0.13   0.41   0.01   0.01   0.01   0.32   0.77   0.01   0.84   0.06   0.39   0.91   0.93   0.99   0.96   0.20   0.01   0.05   0.20   0.05   0.97   0.01   0.89   0.98   0.95   0.91   0.18   0.31   0.65   0.01   0.90   0.93   0.89   0.92   0.88   0.84   0.69   0.81   0.81   0.81   0.39   0.97   0.86   0.21   0.80   0.40   0.49   0.73   0.94   0.99   0.88   0.88   0.11   0.82   
5.00   5.00   5.00   5.00   5.00   5.00   5.00   5.00   5.00   5.00   5.00   5.00   5.00   5.00   5.00   5.00   5.00   5.00   5.00   5.00   5.00   5.00   5.00   5.00   5.00   5.00   5.00   5.00   5.00   5.00   5.00   5.00   5.00   5.00   5.00   5.00   5.00   5.00   5.00   5.00   5.00   5.00   5.00   5.00   5.00   5.00   5.00   5.00   5.00   5.00   5.00   5.00   5.00   5.00   5.00   5.00   5.00   5.00   5.00   5.00   5.00   5.00   5.00   5.00   5.00   5.00   5.00   5.00   5.00   5.00   5.00   5.00   5.00   5.00   5.00   5.00   5.00   5.00   
0.01   0.60   0.05   0.05   0.47   0.47   0.05   0.05   0.12   0.05   0.01   0.69   0.96   0.16   0.95   0.08   0.25   0.01   0.43   0.08   0.01   0.05   0.17   0.59   0.12   0.39   0.01   0.01   0.01   0.30   0.74   0.01   0.82   0.05   0.43   0.92   0.92   0.99   0.97   0.18   0.01   0.05   0.24   0.08   0.96   0.03   0.90   0.97   0.94   0.91   0.17   0.35   0.66   0.01   0.91   0.91   0.88   0.90   0.88   0.81   0.66   0.82   0.82   0.79   0.43   0.96   0.85   0.18   0.81   0.36   0.45   0.70   0.94   0.98   0.86   0.88   0.11   0.80   
5.00   5.00   5.00   5.00   5.00   5.00   5.00   5.00   5.00   5.00   5.00   5.00   5.00   5.00   5.00   5.00   5.00   5.00   5.00   5.00   5.00   5.00   5.00   5.00   5.00   5.00   5.00   5.00   5.00   5.00   5.00   5.00   5.00   5.00   5.00   5.00   5.00   5.00   5.00   5.00   5.00   5.00   5.00   5.00   5.00   5.00   5.00   5.00   5.00   5.00   5.00   5.00   5.00   5.00   5.00   5.00   5.00   5.00   5.00   5.00   5.00   5.00   5.00   5.00   5.00   5.00   5.00   5.00   5.00   5.00   5.00   5.00   5.00   5.00   5.00   5.00   5.00   5.00   
0.01   0.46   0.04   0.04   0.39   0.39   0.04   0.04   0.10   0.04   0.01   0.62   0.96   0.13   0.97   0.07   0.19   0.01   0.34   0.07   0.01   0.04   0.13   0.49   0.10   0.33   0.01   0.01   0.01   0.58   0.65   0.01   0.68   0.04   0.38   0.95   0.85   0.99   0.98   0.16   0.01   0.04   0.20   0.07   0.89   0.03   0.92   0.91   0.95   0.86   0.14   0.29   0.54   0.01   0.84   0.94   0.93   0.83   0.93   0.88   0.59   0.74   0.74   0.70   0.38   0.96   0.91   0.13   0.74   0.28   0.37   0.60   0.96   0.93   0.90   0.80   0.09   0.67   
5.00   5.00   5.00   5.00   5.00   5.00   5.00   5.00   5.00   5.00   5.00   5.00   5.00   5.00   5.00   5.00   5.00   5.00   5.00   5.00   5.00   5.00   5.00   5.00   5.00   5.00   5.00   5.00   5.00   5.00   5.00   5.00   5.00   5.00   5.00   5.00   5.00   5.00   5.00   5.00   5.00   5.00   5.00   5.00   5.00   5.00   5.00   5.00   5.00   5.00   5.00   5.00   5.00   5.00   5.00   5.00   5.00   5.00   5.00   5.00   5.00   5.00   5.00   5.00   5.00   5.00   5.00   5.00   5.00   5.00   5.00   5.00   5.00   5.00   5.00   5.00   5.00   5.00   
0.01   0.45   0.04   0.04   0.37   0.37   0.04   0.04   0.10   0.04   0.01   0.55   0.92   0.12   0.93   0.06   0.18   0.01   0.30   0.05   0.01   0.04   0.11   0.44   0.08   0.30   0.01   0.01   0.01   0.48   0.78   0.01   0.66   0.04   0.34   0.90   0.90   0.99   0.98   0.15   0.01   0.04   0.19   0.06   0.85   0.03   0.94   0.87   0.96   0.89   0.14   0.28   0.71   0.01   0.90   0.95   0.87   0.89   0.94   0.81   0.73   0.71   0.84   0.81   0.34   0.97   0.84   0.13   0.68   0.28   0.36   0.56   0.97   0.95   0.91   0.87   0.09   0.80   
5.00   5.00   5.00   5.00   5.00   5.00   5.00   5.00   5.00   5.00   5.00   5.00   5.00   5.00   5.00   5.00   5.00   5.00   5.00   5.00   5.00   5.00   5.00   5.00   5.00   5.00   5.00   5.00   5.00   5.00   5.00   5.00   5.00   5.00   5.00   5.00   5.00   5.00   5.00   5.00   5.00   5.00   5.00   5.00   5.00   5.00   5.00   5.00   5.00   5.00   5.00   5.00   5.00   5.00   5.00   5.00   5.00   5.00   5.00   5.00   5.00   5.00   5.00   5.00   5.00   5.00   5.00   5.00   5.00   5.00   5.00   5.00   5.00   5.00   5.00   5.00   5.00   5.00   
0.01   0.41   0.04   0.03   0.34   0.34   0.03   0.03   0.09   0.03   0.01   0.49   0.89   0.10   0.89   0.05   0.16   0.01   0.28   0.05   0.01   0.03   0.20   0.52   0.07   0.26   0.01   0.01   0.01   0.42   0.82   0.01   0.62   0.04   0.29   0.91   0.92   0.99   0.99   0.13   0.01   0.03   0.17   0.05   0.87   0.02   0.92   0.84   0.95   0.87   0.12   0.25   0.76   0.06   0.92   0.93   0.88   0.91   0.95   0.83   0.78   0.75   0.81   0.84   0.29   0.97   0.81   0.13   0.64   0.26   0.46   0.53   0.95   0.96   0.92   0.85   0.08   0.84   
5.00   5.00   5.00   5.00   5.00   5.00   5.00   5.00   5.00   5.00   5.00   5.00   5.00   5.00   5.00   5.00   5.00   5.00   5.00   5.00   5.00   5.00   5.00   5.00   5.00   5.00   5.00   5.00   5.00   5.00   5.00   5.00   5.00   5.00   5.00   5.00   5.00   5.00   5.00   5.00   5.00   5.00   5.00   5.00   5.00   5.00   5.00   5.00   5.00   5.00   5.00   5.00   5.00   5.00   5.00   5.00   5.00   5.00   5.00   5.00   5.00   5.00   5.00   5.00   5.00   5.00   5.00   5.00   5.00   5.00   5.00   5.00   5.00   5.00   5.00   5.00   5.00   5.00   
0.01   0.34   0.04   0.04   0.36   0.36   0.04   0.04   0.09   0.04   0.01   0.51   0.91   0.12   0.91   0.07   0.19   0.01   0.32   0.06   0.01   0.04   0.22   0.57   0.08   0.28   0.01   0.01   0.01   0.44   0.83   0.01   0.67   0.01   0.30   0.92   0.93   0.99   0.99   0.07   0.01   0.04   0.17   0.07   0.89   0.03   0.93   0.86   0.96   0.90   0.06   0.27   0.79   0.03   0.93   0.94   0.89   0.92   0.96   0.85   0.80   0.77   0.84   0.86   0.30   0.98   0.83   0.15   0.68   0.28   0.48   0.57   0.96   0.97   0.94   0.88   0.04   0.86   
5.00   5.00   5.00   5.00   5.00   5.00   5.00   5.00   5.00   5.00   5.00   5.00   5.00   5.00   5.00   5.00   5.00   5.00   5.00   5.00   5.00   5.00   5.00   5.00   5.00   5.00   5.00   5.00   5.00   5.00   5.00   5.00   5.00   5.00   5.00   5.00   5.00   5.00   5.00   5.00   5.00   5.00   5.00   5.00   5.00   5.00   5.00   5.00   5.00   5.00   5.00   5.00   5.00   5.00   5.00   5.00   5.00   5.00   5.00   5.00   5.00   5.00   5.00   5.00   5.00   5.00   5.00   5.00   5.00   5.00   5.00   5.00   5.00   5.00   5.00   5.00   5.00   5.00   
0.02   0.25   0.04   0.04   0.31   0.31   0.04   0.04   0.07   0.04   0.02   0.41   0.92   0.11   0.91   0.07   0.18   0.02   0.47   0.20   0.02   0.04   0.19   0.50   0.23   0.22   0.01   0.01   0.01   0.34   0.84   0.02   0.74   0.01   0.24   0.93   0.95   0.99   0.99   0.05   0.02   0.04   0.14   0.07   0.91   0.03   0.93   0.89   0.90   0.91   0.04   0.22   0.82   0.02   0.94   0.94   0.91   0.93   0.95   0.88   0.71   0.81   0.86   0.78   0.24   0.98   0.76   0.14   0.75   0.42   0.40   0.67   0.97   0.98   0.94   0.90   0.03   0.88   
5.00   5.00   5.00   5.00   5.00   5.00   5.00   5.00   5.00   5.00   5.00   5.00   5.00   5.00   5.00   5.00   5.00   5.00   5.00   5.00   5.00   5.00   5.00   5.00   5.00   5.00   5.00   5.00   5.00   5.00   5.00   5.00   5.00   5.00   5.00   5.00   5.00   5.00   5.00   5.00   5.00   5.00   5.00   5.00   5.00   5.00   5.00   5.00   5.00   5.00   5.00   5.00   5.00   5.00   5.00   5.00   5.00   5.00   5.00   5.00   5.00   5.00   5.00   5.00   5.00   5.00   5.00   5.00   5.00   5.00   5.00   5.00   5.00   5.00   5.00   5.00   5.00   5.00   
0.01   0.27   0.05   0.05   0.27   0.32   0.05   0.03   0.09   0.03   0.01   0.42   0.92   0.08   0.92   0.05   0.19   0.02   0.48   0.21   0.02   0.05   0.21   0.46   0.24   0.18   0.01   0.01   0.01   0.30   0.82   0.01   0.75   0.01   0.20   0.93   0.93   0.99   0.99   0.04   0.02   0.03   0.11   0.05   0.91   0.02   0.91   0.90   0.90   0.91   0.05   0.22   0.83   0.03   0.94   0.94   0.91   0.93   0.96   0.88   0.71   0.81   0.86   0.78   0.20   0.98   0.76   0.16   0.76   0.43   0.41   0.63   0.97   0.98   0.95   0.90   0.04   0.86   
5.00   5.00   5.00   5.00   5.00   5.00   5.00   5.00   5.00   5.00   5.00   5.00   5.00   5.00   5.00   5.00   5.00   5.00   5.00   5.00   5.00   5.00   5.00   5.00   5.00   5.00   5.00   5.00   5.00   5.00   5.00   5.00   5.00   5.00   5.00   5.00   5.00   5.00   5.00   5.00   5.00   5.00   5.00   5.00   5.00   5.00   5.00   5.00   5.00   5.00   5.00   5.00   5.00   5.00   5.00   5.00   5.00   5.00   5.00   5.00   5.00   5.00   5.00   5.00   5.00   5.00   5.00   5.00   5.00   5.00   5.00   5.00   5.00   5.00   5.00   5.00   5.00   5.00   
0.01   0.25   0.04   0.05   0.24   0.28   0.14   0.03   0.08   0.03   0.01   0.39   0.93   0.08   0.93   0.04   0.17   0.02   0.43   0.19   0.02   0.05   0.19   0.54   0.21   0.17   0.01   0.01   0.01   0.39   0.84   0.01   0.69   0.01   0.18   0.94   0.94   0.99   0.97   0.04   0.02   0.03   0.21   0.04   0.92   0.02   0.93   0.91   0.91   0.92   0.05   0.20   0.77   0.03   0.95   0.91   0.92   0.94   0.96   0.90   0.75   0.84   0.81   0.81   0.18   0.98   0.71   0.14   0.69   0.38   0.37   0.57   0.94   0.98   0.95   0.91   0.03   0.87   
5.00   5.00   5.00   5.00   5.00   5.00   5.00   5.00   5.00   5.00   5.00   5.00   5.00   5.00   5.00   5.00   5.00   5.00   5.00   5.00   5.00   5.00   5.00   5.00   5.00   5.00   5.00   5.00   5.00   5.00   5.00   5.00   5.00   5.00   5.00   5.00   5.00   5.00   5.00   5.00   5.00   5.00   5.00   5.00   5.00   5.00   5.00   5.00   5.00   5.00   5.00   5.00   5.00   5.00   5.00   5.00   5.00   5.00   5.00   5.00   5.00   5.00   5.00   5.00   5.00   5.00   5.00   5.00   5.00   5.00   5.00   5.00   5.00   5.00   5.00   5.00   5.00   5.00   
0.01   0.25   0.04   0.05   0.24   0.28   0.14   0.03   0.08   0.03   0.01   0.39   0.93   0.08   0.93   0.04   0.17   0.02   0.43   0.19   0.02   0.05   0.19   0.54   0.21   0.17   0.01   0.01   0.01   0.39   0.84   0.01   0.69   0.01   0.18   0.94   0.94   0.99   0.97   0.04   0.02   0.03   0.21   0.04   0.92   0.02   0.93   0.91   0.91   0.92   0.05   0.20   0.77   0.03   0.95   0.91   0.92   0.94   0.96   0.90   0.75   0.84   0.81   0.81   0.18   0.98   0.71   0.14   0.69   0.38   0.37   0.57   0.94   0.98   0.95   0.91   0.03   0.87   
