0.26   0.45   0.38   0.26   0.30   0.37   0.15   0.63   0.06   0.29   0.21   0.25   0.52   0.09   0.60   0.21   0.46   0.42   0.30   0.60   0.22   0.12   0.60   0.26   0.31   0.32   0.19   0.20   0.13   0.10   0.32   0.50   0.67   0.20   0.04   0.29   0.55   0.19   0.85   0.23   0.55   0.36   0.06   0.13   0.63   0.15   0.68   0.77   0.15   0.82   0.43   0.70   0.65   0.65   0.83   0.38   0.41   0.65   0.57   0.63   0.44   0.75   0.37   0.56   0.29   0.52   0.56   0.53   0.35   0.38   0.65   0.52   0.76   0.24   0.46   0.61   0.68   0.87   
0.03   0.93   0.05   0.03   0.04   0.05   0.02   0.13   0.01   0.04   0.02   0.97   0.86   0.01   0.98   0.02   0.01   0.06   0.38   0.71   0.03   0.01   0.80   0.33   0.04   0.04   0.00   0.00   0.00   0.01   0.38   0.08   0.92   0.02   0.00   0.23   0.01   0.86   0.93   0.00   0.10   0.05   0.01   0.01   0.91   0.02   0.92   0.98   0.73   0.96   0.01   0.18   0.15   0.15   0.31   0.78   0.63   0.82   0.77   0.82   0.07   0.22   0.05   0.10   0.00   0.86   0.76   0.09   0.05   0.05   0.14   0.09   0.23   0.84   0.83   0.13   0.03   0.38   
0.50   0.50   0.50   0.50   0.50   0.50   0.50   0.58   0.50   0.50   0.50   0.50   0.32   0.50   0.50   0.50   0.50   0.50   0.10   0.47   0.50   0.50   0.30   0.02   0.50   0.50   0.50   0.50   0.50   0.50   0.13   0.50   0.50   0.50   0.50   0.06   0.50   0.11   0.50   0.50   0.50   0.50   0.50   0.50   0.50   0.50   0.50   0.50   0.01   0.50   0.50   0.28   0.56   0.81   0.66   0.11   0.24   0.69   0.76   0.64   0.50   0.91   0.50   0.50   0.50   0.37   0.20   0.50   0.50   0.50   0.57   0.50   0.53   0.06   0.28   0.43   0.50   0.75   
0.08   0.96   0.08   0.08   0.08   0.08   0.08   0.08   0.08   0.08   0.08   0.99   0.82   0.08   0.97   0.08   0.01   0.08   0.05   0.17   0.08   0.08   0.17   0.01   0.08   0.08   0.01   0.01   0.01   0.08   0.08   0.08   0.89   0.08   0.01   0.08   0.01   0.79   0.76   0.01   0.08   0.08   0.08   0.08   0.89   0.08   0.89   0.95   0.02   0.89   0.01   0.02   0.72   0.22   0.80   0.15   0.57   0.90   0.80   0.87   0.08   0.41   0.08   0.08   0.01   0.85   0.34   0.08   0.08   0.08   0.08   0.08   0.70   0.55   0.79   0.60   0.01   0.86   
0.50   0.50   0.50   0.50   0.50   0.50   0.50   0.50   0.50   0.50   0.50   0.50   0.27   0.50   0.50   0.50   0.50   0.50   0.50   0.42   0.50   0.50   0.23   0.50   0.50   0.50   0.50   0.50   0.50   0.50   0.50   0.50   0.50   0.50   0.50   0.50   0.50   0.11   0.50   0.50   0.50   0.50   0.50   0.50   0.50   0.50   0.50   0.50   0.50   0.50   0.50   0.50   0.52   0.79   0.66   0.14   0.26   0.50   0.80   0.57   0.50   0.74   0.50   0.50   0.50   0.34   0.16   0.50   0.50   0.50   0.50   0.50   0.55   0.06   0.28   0.45   0.50   0.80   
0.08   0.97   0.08   0.08   0.08   0.08   0.08   0.04   0.08   0.08   0.08   0.99   0.82   0.08   0.98   0.08   0.02   0.08   0.75   0.62   0.08   0.08   0.37   0.75   0.08   0.08   0.02   0.02   0.02   0.08   0.75   0.08   0.91   0.08   0.02   0.78   0.02   0.91   0.80   0.02   0.08   0.08   0.08   0.08   0.91   0.08   0.91   0.96   0.95   0.91   0.02   0.04   0.06   0.07   0.76   0.56   0.64   0.83   0.93   0.87   0.08   0.64   0.08   0.08   0.02   0.86   0.36   0.08   0.08   0.08   0.04   0.08   0.67   0.65   0.83   0.57   0.02   0.20   
0.50   0.50   0.50   0.50   0.50   0.50   0.50   0.50   0.50   0.50   0.50   0.50   0.27   0.50   0.50   0.50   0.50   0.50   0.50   0.35   0.50   0.50   0.29   0.50   0.50   0.50   0.50   0.50   0.50   0.50   0.50   0.50   0.50   0.50   0.50   0.50   0.50   0.50   0.50   0.50   0.50   0.50   0.50   0.50   0.50   0.50   0.50   0.50   0.50   0.50   0.50   0.50   0.50   0.50   0.63   0.31   0.28   0.50   0.50   0.49   0.50   0.62   0.50   0.50   0.50   0.31   0.20   0.50   0.50   0.50   0.50   0.50   0.65   0.08   0.30   0.40   0.50   0.63   
0.08   0.98   0.08   0.08   0.08   0.08   0.08   0.05   0.08   0.08   0.08   0.99   0.85   0.08   0.98   0.08   0.01   0.08   0.55   0.11   0.08   0.08   0.12   0.55   0.08   0.08   0.01   0.01   0.01   0.08   0.68   0.08   0.93   0.08   0.01   0.79   0.01   0.98   0.81   0.01   0.08   0.08   0.08   0.08   0.93   0.08   0.93   0.96   0.93   0.93   0.01   0.05   0.19   0.03   0.82   0.74   0.71   0.85   0.71   0.82   0.08   0.57   0.08   0.08   0.01   0.87   0.60   0.08   0.08   0.08   0.05   0.08   0.83   0.72   0.87   0.64   0.01   0.45   
0.50   0.50   0.50   0.50   0.50   0.50   0.50   0.50   0.50   0.50   0.50   0.50   0.23   0.50   0.50   0.50   0.50   0.50   0.50   0.50   0.50   0.50   0.31   0.50   0.50   0.50   0.50   0.50   0.50   0.50   0.50   0.50   0.50   0.50   0.50   0.50   0.50   0.50   0.50   0.50   0.50   0.50   0.50   0.50   0.50   0.50   0.50   0.50   0.50   0.50   0.50   0.50   0.50   0.50   0.58   0.28   0.30   0.50   0.50   0.43   0.50   0.51   0.50   0.50   0.50   0.30   0.16   0.50   0.50   0.50   0.50   0.50   0.63   0.09   0.28   0.39   0.50   0.65   
0.08   0.98   0.08   0.08   0.08   0.08   0.08   0.05   0.08   0.08   0.08   0.99   0.70   0.08   0.98   0.08   0.01   0.08   0.42   0.15   0.08   0.08   0.11   0.42   0.08   0.08   0.01   0.01   0.01   0.08   0.61   0.08   0.92   0.08   0.01   0.78   0.01   0.98   0.81   0.01   0.08   0.08   0.08   0.08   0.92   0.08   0.92   0.96   0.90   0.92   0.01   0.05   0.23   0.02   0.88   0.56   0.81   0.85   0.65   0.71   0.08   0.34   0.08   0.08   0.01   0.76   0.42   0.08   0.08   0.08   0.05   0.08   0.90   0.79   0.89   0.54   0.01   0.46   
0.50   0.50   0.50   0.50   0.50   0.50   0.50   0.50   0.50   0.50   0.50   0.50   0.18   0.50   0.50   0.50   0.50   0.50   0.50   0.50   0.50   0.50   0.50   0.50   0.50   0.50   0.50   0.50   0.50   0.50   0.50   0.50   0.50   0.50   0.50   0.50   0.50   0.50   0.50   0.50   0.50   0.50   0.50   0.50   0.50   0.50   0.50   0.50   0.50   0.50   0.50   0.50   0.50   0.50   0.66   0.30   0.30   0.50   0.50   0.46   0.50   0.50   0.50   0.50   0.50   0.27   0.25   0.50   0.50   0.50   0.50   0.50   0.50   0.10   0.50   0.44   0.50   0.71   
0.08   0.98   0.08   0.08   0.08   0.08   0.08   0.04   0.08   0.08   0.08   0.99   0.71   0.08   0.98   0.08   0.01   0.08   0.59   0.17   0.08   0.08   0.23   0.59   0.08   0.08   0.01   0.01   0.01   0.08   0.72   0.08   0.93   0.08   0.01   0.79   0.01   0.98   0.82   0.01   0.08   0.08   0.08   0.08   0.93   0.08   0.93   0.96   0.95   0.93   0.01   0.04   0.09   0.02   0.77   0.73   0.81   0.85   0.74   0.79   0.08   0.56   0.08   0.08   0.01   0.80   0.64   0.08   0.08   0.08   0.04   0.08   0.81   0.83   0.96   0.33   0.01   0.28   
0.50   0.50   0.50   0.50   0.50   0.50   0.50   0.50   0.50   0.50   0.50   0.50   0.19   0.50   0.50   0.50   0.50   0.50   0.50   0.50   0.50   0.50   0.50   0.50   0.50   0.50   0.50   0.50   0.50   0.50   0.50   0.50   0.50   0.50   0.50   0.50   0.50   0.50   0.50   0.50   0.50   0.50   0.50   0.50   0.50   0.50   0.50   0.50   0.50   0.50   0.50   0.50   0.50   0.50   0.60   0.29   0.29   0.50   0.50   0.43   0.50   0.46   0.50   0.50   0.50   0.26   0.25   0.50   0.50   0.50   0.50   0.50   0.50   0.11   0.50   0.41   0.50   0.65   
0.08   0.98   0.08   0.08   0.08   0.08   0.08   0.04   0.08   0.08   0.08   0.99   0.73   0.08   0.98   0.08   0.01   0.08   0.61   0.18   0.08   0.08   0.25   0.61   0.08   0.08   0.01   0.01   0.01   0.08   0.74   0.08   0.93   0.08   0.01   0.80   0.01   0.99   0.83   0.01   0.08   0.08   0.08   0.08   0.93   0.08   0.93   0.97   0.95   0.93   0.01   0.04   0.10   0.02   0.75   0.74   0.81   0.86   0.75   0.78   0.08   0.55   0.08   0.08   0.01   0.81   0.66   0.08   0.08   0.08   0.04   0.08   0.82   0.86   0.96   0.34   0.01   0.26   
0.50   0.50   0.50   0.50   0.50   0.50   0.50   0.50   0.50   0.50   0.50   0.50   0.20   0.50   0.50   0.50   0.50   0.50   0.50   0.50   0.50   0.50   0.50   0.50   0.50   0.50   0.50   0.50   0.50   0.50   0.50   0.50   0.50   0.50   0.50   0.50   0.50   0.50   0.50   0.50   0.50   0.50   0.50   0.50   0.50   0.50   0.50   0.50   0.50   0.50   0.50   0.50   0.50   0.50   0.63   0.30   0.30   0.50   0.50   0.45   0.50   0.49   0.50   0.50   0.50   0.27   0.26   0.50   0.50   0.50   0.50   0.50   0.50   0.11   0.50   0.43   0.50   0.68   
0.08   0.98   0.08   0.08   0.08   0.08   0.08   0.04   0.08   0.08   0.08   0.99   0.72   0.08   0.98   0.08   0.01   0.08   0.62   0.16   0.08   0.08   0.22   0.62   0.08   0.08   0.01   0.01   0.01   0.08   0.74   0.08   0.93   0.08   0.01   0.78   0.01   0.98   0.82   0.01   0.08   0.08   0.08   0.08   0.93   0.08   0.93   0.96   0.95   0.93   0.01   0.04   0.07   0.02   0.72   0.83   0.79   0.85   0.75   0.77   0.08   0.55   0.08   0.08   0.01   0.80   0.64   0.08   0.08   0.08   0.04   0.08   0.79   0.82   0.96   0.29   0.01   0.22   
0.50   0.50   0.50   0.50   0.50   0.50   0.50   0.50   0.50   0.50   0.50   0.50   0.19   0.50   0.50   0.50   0.50   0.50   0.50   0.50   0.50   0.50   0.50   0.50   0.50   0.50   0.50   0.50   0.50   0.50   0.50   0.50   0.50   0.50   0.50   0.50   0.50   0.50   0.50   0.50   0.50   0.50   0.50   0.50   0.50   0.50   0.50   0.50   0.50   0.50   0.50   0.50   0.50   0.50   0.69   0.32   0.31   0.50   0.50   0.49   0.50   0.54   0.50   0.50   0.50   0.28   0.26   0.50   0.50   0.50   0.50   0.50   0.50   0.10   0.50   0.46   0.50   0.75   
0.08   0.98   0.08   0.08   0.08   0.08   0.08   0.04   0.08   0.08   0.08   0.99   0.72   0.08   0.98   0.08   0.01   0.08   0.62   0.16   0.08   0.08   0.22   0.62   0.08   0.08   0.01   0.01   0.01   0.08   0.74   0.08   0.93   0.08   0.01   0.78   0.01   0.98   0.82   0.01   0.08   0.08   0.08   0.08   0.93   0.08   0.93   0.96   0.95   0.93   0.01   0.04   0.07   0.02   0.79   0.85   0.79   0.85   0.75   0.79   0.08   0.62   0.08   0.08   0.01   0.81   0.62   0.08   0.08   0.08   0.04   0.08   0.80   0.81   0.96   0.34   0.01   0.31   
0.50   0.50   0.50   0.50   0.50   0.50   0.50   0.50   0.50   0.50   0.50   0.50   0.20   0.50   0.50   0.50   0.50   0.50   0.50   0.50   0.50   0.50   0.50   0.50   0.50   0.50   0.50   0.50   0.50   0.50   0.50   0.50   0.50   0.50   0.50   0.50   0.50   0.50   0.50   0.50   0.50   0.50   0.50   0.50   0.50   0.50   0.50   0.50   0.50   0.50   0.50   0.50   0.50   0.50   0.71   0.33   0.32   0.50   0.50   0.51   0.50   0.56   0.50   0.50   0.50   0.29   0.27   0.50   0.50   0.50   0.50   0.50   0.50   0.10   0.50   0.48   0.50   0.77   
0.08   0.98   0.08   0.08   0.08   0.08   0.08   0.04   0.08   0.08   0.08   0.99   0.74   0.08   0.98   0.08   0.01   0.08   0.64   0.14   0.08   0.08   0.19   0.64   0.08   0.08   0.01   0.01   0.01   0.08   0.75   0.08   0.93   0.08   0.01   0.79   0.01   0.98   0.82   0.01   0.08   0.08   0.08   0.08   0.93   0.08   0.93   0.96   0.96   0.93   0.01   0.04   0.06   0.02   0.72   0.87   0.81   0.85   0.76   0.82   0.08   0.56   0.08   0.08   0.01   0.83   0.67   0.08   0.08   0.08   0.04   0.08   0.79   0.81   0.96   0.24   0.01   0.31   
0.50   0.50   0.50   0.50   0.50   0.50   0.50   0.50   0.50   0.50   0.50   0.50   0.19   0.50   0.50   0.50   0.50   0.50   0.50   0.50   0.50   0.50   0.50   0.50   0.50   0.50   0.50   0.50   0.50   0.50   0.50   0.50   0.50   0.50   0.50   0.50   0.50   0.50   0.50   0.50   0.50   0.50   0.50   0.50   0.50   0.50   0.50   0.50   0.50   0.50   0.50   0.50   0.50   0.50   0.65   0.30   0.30   0.50   0.50   0.46   0.50   0.50   0.50   0.50   0.50   0.27   0.26   0.50   0.50   0.50   0.50   0.50   0.50   0.11   0.50   0.43   0.50   0.70   
0.07   0.98   0.07   0.07   0.07   0.07   0.07   0.04   0.07   0.07   0.07   0.99   0.78   0.07   0.99   0.07   0.02   0.07   0.64   0.13   0.07   0.07   0.18   0.64   0.07   0.07   0.02   0.02   0.02   0.07   0.79   0.07   0.93   0.07   0.02   0.81   0.02   0.99   0.84   0.02   0.07   0.07   0.07   0.07   0.93   0.07   0.93   0.96   0.97   0.93   0.02   0.04   0.04   0.01   0.33   0.90   0.83   0.86   0.79   0.85   0.07   0.29   0.07   0.07   0.02   0.85   0.75   0.07   0.07   0.07   0.04   0.07   0.72   0.59   0.95   0.11   0.02   0.15   
0.50   0.50   0.50   0.50   0.50   0.50   0.50   0.50   0.50   0.50   0.50   0.50   0.22   0.50   0.50   0.50   0.50   0.50   0.50   0.50   0.50   0.50   0.50   0.50   0.50   0.50   0.50   0.50   0.50   0.50   0.50   0.50   0.50   0.50   0.50   0.50   0.50   0.50   0.50   0.50   0.50   0.50   0.50   0.50   0.50   0.50   0.50   0.50   0.50   0.50   0.50   0.50   0.50   0.50   0.62   0.50   0.26   0.50   0.50   0.45   0.50   0.50   0.50   0.50   0.50   0.32   0.18   0.50   0.50   0.50   0.50   0.50   0.50   0.05   0.50   0.50   0.50   0.71   
0.07   0.98   0.07   0.07   0.07   0.07   0.07   0.04   0.07   0.07   0.07   0.99   0.81   0.07   0.98   0.07   0.02   0.07   0.68   0.12   0.07   0.07   0.16   0.68   0.07   0.07   0.02   0.02   0.02   0.07   0.81   0.07   0.93   0.07   0.02   0.82   0.02   0.99   0.85   0.02   0.07   0.07   0.07   0.07   0.93   0.07   0.93   0.96   0.97   0.93   0.02   0.04   0.03   0.01   0.26   0.95   0.82   0.87   0.81   0.86   0.07   0.28   0.07   0.07   0.02   0.87   0.69   0.07   0.07   0.07   0.04   0.07   0.74   0.26   0.95   0.13   0.02   0.14   
0.50   0.50   0.50   0.50   0.50   0.50   0.50   0.50   0.50   0.50   0.50   0.50   0.23   0.50   0.50   0.50   0.50   0.50   0.50   0.50   0.50   0.50   0.50   0.50   0.50   0.50   0.50   0.50   0.50   0.50   0.50   0.50   0.50   0.50   0.50   0.50   0.50   0.50   0.50   0.50   0.50   0.50   0.50   0.50   0.50   0.50   0.50   0.50   0.50   0.50   0.50   0.50   0.50   0.50   0.57   0.50   0.27   0.50   0.50   0.42   0.50   0.46   0.50   0.50   0.50   0.31   0.20   0.50   0.50   0.50   0.50   0.50   0.50   0.06   0.50   0.50   0.50   0.65   
0.07   0.98   0.07   0.07   0.07   0.07   0.07   0.04   0.07   0.07   0.07   0.99   0.84   0.07   0.98   0.07   0.02   0.07   0.67   0.12   0.07   0.07   0.16   0.67   0.07   0.07   0.02   0.02   0.02   0.07   0.81   0.07   0.93   0.07   0.02   0.82   0.02   0.99   0.85   0.02   0.07   0.07   0.07   0.07   0.93   0.07   0.93   0.96   0.97   0.93   0.02   0.04   0.04   0.01   0.22   0.95   0.82   0.87   0.81   0.84   0.07   0.25   0.07   0.07   0.02   0.86   0.73   0.07   0.07   0.07   0.04   0.07   0.74   0.31   0.95   0.14   0.02   0.11   
0.50   0.50   0.50   0.50   0.50   0.50   0.50   0.50   0.50   0.50   0.50   0.50   0.27   0.50   0.50   0.50   0.50   0.50   0.50   0.50   0.50   0.50   0.50   0.50   0.50   0.50   0.50   0.50   0.50   0.50   0.50   0.50   0.50   0.50   0.50   0.50   0.50   0.50   0.50   0.50   0.50   0.50   0.50   0.50   0.50   0.50   0.50   0.50   0.50   0.50   0.50   0.50   0.50   0.50   0.56   0.50   0.29   0.50   0.50   0.41   0.50   0.30   0.50   0.50   0.50   0.27   0.17   0.50   0.50   0.50   0.50   0.50   0.50   0.10   0.50   0.50   0.50   0.50   
0.07   0.98   0.07   0.07   0.07   0.07   0.07   0.04   0.07   0.07   0.07   0.99   0.87   0.07   0.99   0.07   0.02   0.07   0.66   0.13   0.07   0.07   0.18   0.66   0.07   0.07   0.02   0.02   0.02   0.07   0.80   0.07   0.93   0.07   0.02   0.82   0.02   0.99   0.85   0.02   0.07   0.07   0.07   0.07   0.93   0.07   0.93   0.97   0.97   0.93   0.02   0.04   0.04   0.01   0.26   0.95   0.84   0.87   0.80   0.84   0.07   0.16   0.07   0.07   0.02   0.84   0.69   0.07   0.07   0.07   0.04   0.07   0.73   0.54   0.95   0.15   0.02   0.07   
0.50   0.50   0.50   0.50   0.50   0.50   0.50   0.50   0.50   0.50   0.50   0.50   0.27   0.50   0.50   0.50   0.50   0.50   0.50   0.50   0.50   0.50   0.50   0.50   0.50   0.50   0.50   0.50   0.50   0.50   0.50   0.50   0.50   0.50   0.50   0.50   0.50   0.50   0.50   0.50   0.50   0.50   0.50   0.50   0.50   0.50   0.50   0.50   0.50   0.50   0.50   0.50   0.50   0.50   0.61   0.50   0.30   0.50   0.50   0.44   0.50   0.30   0.50   0.50   0.50   0.27   0.16   0.50   0.50   0.50   0.50   0.50   0.50   0.09   0.50   0.50   0.50   0.50   
0.08   0.98   0.08   0.08   0.08   0.08   0.08   0.04   0.08   0.08   0.08   0.99   0.86   0.08   0.98   0.08   0.02   0.08   0.66   0.14   0.08   0.08   0.19   0.66   0.08   0.08   0.02   0.02   0.02   0.08   0.78   0.08   0.94   0.08   0.02   0.81   0.02   0.99   0.84   0.02   0.08   0.08   0.08   0.08   0.94   0.08   0.94   0.97   0.96   0.94   0.02   0.04   0.05   0.02   0.42   0.95   0.84   0.86   0.79   0.85   0.08   0.21   0.08   0.08   0.02   0.86   0.56   0.08   0.08   0.08   0.04   0.08   0.77   0.56   0.96   0.19   0.02   0.09   
0.50   0.50   0.50   0.50   0.50   0.50   0.50   0.50   0.50   0.50   0.50   0.50   0.32   0.50   0.50   0.50   0.50   0.50   0.50   0.50   0.50   0.50   0.50   0.50   0.50   0.50   0.50   0.50   0.50   0.50   0.50   0.50   0.50   0.50   0.50   0.50   0.50   0.50   0.50   0.50   0.50   0.50   0.50   0.50   0.50   0.50   0.50   0.50   0.50   0.50   0.50   0.50   0.50   0.50   0.59   0.50   0.35   0.50   0.50   0.46   0.50   0.35   0.50   0.50   0.50   0.32   0.22   0.50   0.50   0.50   0.50   0.50   0.50   0.14   0.50   0.50   0.50   0.50   
0.07   0.98   0.07   0.07   0.07   0.07   0.07   0.04   0.07   0.07   0.07   0.99   0.88   0.07   0.98   0.07   0.01   0.07   0.65   0.13   0.07   0.07   0.17   0.65   0.07   0.07   0.01   0.01   0.01   0.07   0.78   0.07   0.93   0.07   0.01   0.80   0.01   0.99   0.84   0.01   0.07   0.07   0.07   0.07   0.93   0.07   0.93   0.96   0.96   0.93   0.01   0.04   0.05   0.02   0.37   0.95   0.86   0.86   0.78   0.85   0.07   0.22   0.07   0.07   0.01   0.87   0.63   0.07   0.07   0.07   0.04   0.07   0.76   0.66   0.95   0.18   0.01   0.09   
0.50   0.50   0.50   0.50   0.50   0.50   0.50   0.50   0.50   0.50   0.50   0.50   0.31   0.50   0.50   0.50   0.50   0.50   0.50   0.50   0.50   0.50   0.50   0.50   0.50   0.50   0.50   0.50   0.50   0.50   0.50   0.50   0.50   0.50   0.50   0.50   0.50   0.50   0.50   0.50   0.50   0.50   0.50   0.50   0.50   0.50   0.50   0.50   0.50   0.50   0.50   0.50   0.50   0.50   0.61   0.50   0.34   0.50   0.50   0.46   0.50   0.34   0.50   0.50   0.50   0.31   0.20   0.50   0.50   0.50   0.50   0.50   0.50   0.12   0.50   0.50   0.50   0.50   
0.07   0.98   0.07   0.07   0.07   0.07   0.07   0.04   0.07   0.07   0.07   0.99   0.84   0.07   0.98   0.07   0.01   0.07   0.64   0.14   0.07   0.07   0.19   0.64   0.07   0.07   0.01   0.01   0.01   0.07   0.74   0.07   0.93   0.07   0.01   0.78   0.01   0.98   0.82   0.01   0.07   0.07   0.07   0.07   0.93   0.07   0.93   0.97   0.95   0.93   0.01   0.04   0.06   0.02   0.74   0.95   0.84   0.85   0.75   0.83   0.07   0.34   0.07   0.07   0.01   0.89   0.23   0.07   0.07   0.07   0.04   0.07   0.80   0.75   0.96   0.26   0.01   0.16   
0.50   0.50   0.50   0.50   0.50   0.50   0.50   0.50   0.50   0.50   0.50   0.50   0.28   0.50   0.50   0.50   0.50   0.50   0.50   0.50   0.50   0.50   0.50   0.50   0.50   0.50   0.50   0.50   0.50   0.50   0.50   0.50   0.50   0.50   0.50   0.50   0.50   0.50   0.50   0.50   0.50   0.50   0.50   0.50   0.50   0.50   0.50   0.50   0.50   0.50   0.50   0.50   0.50   0.50   0.66   0.50   0.30   0.50   0.50   0.53   0.50   0.35   0.50   0.50   0.50   0.50   0.21   0.50   0.50   0.50   0.50   0.50   0.50   0.09   0.50   0.50   0.50   0.50   
0.07   0.98   0.07   0.07   0.07   0.07   0.07   0.04   0.07   0.07   0.07   0.99   0.82   0.07   0.98   0.07   0.01   0.07   0.64   0.14   0.07   0.07   0.19   0.64   0.07   0.07   0.01   0.01   0.01   0.07   0.74   0.07   0.93   0.07   0.01   0.78   0.01   0.98   0.82   0.01   0.07   0.07   0.07   0.07   0.93   0.07   0.93   0.97   0.95   0.93   0.01   0.04   0.06   0.02   0.78   0.95   0.81   0.85   0.75   0.87   0.07   0.35   0.07   0.07   0.01   0.95   0.24   0.07   0.07   0.07   0.04   0.07   0.80   0.68   0.96   0.25   0.01   0.16   
