108 4 432
0 0 0
0 1 0
0 2 0
0 3 0
1 0 1
1 1 0
1 2 0
1 3 0
2 0 0
2 1 0
2 2 0
2 3 0
3 0 1
3 1 0
3 2 0
3 3 0
4 0 1
4 1 0
4 2 0
4 3 0
5 0 1
5 1 0
5 2 0
5 3 0
6 0 1
6 1 0
6 2 1
6 3 0
7 0 1
7 1 0
7 2 0
7 3 0
8 0 1
8 1 0
8 2 0
8 3 0
9 0 1
9 1 0
9 2 0
9 3 0
10 0 1
10 1 0
10 2 0
10 3 0
11 0 1
11 1 0
11 2 0
11 3 0
12 0 1
12 1 0
12 2 0
12 3 0
13 0 1
13 1 0
13 2 0
13 3 0
14 0 1
14 1 0
14 2 0
14 3 0
15 0 1
15 1 0
15 2 1
15 3 1
16 0 1
16 1 0
16 2 0
16 3 0
17 0 1
17 1 0
17 2 0
17 3 0
18 0 1
18 1 0
18 2 0
18 3 0
19 0 0
19 1 0
19 2 0
19 3 1
20 0 1
20 1 0
20 2 0
20 3 0
21 0 0
21 1 0
21 2 0
21 3 0
22 0 1
22 1 0
22 2 0
22 3 0
23 0 1
23 1 0
23 2 0
23 3 0
24 0 1
24 1 0
24 2 0
24 3 0
25 0 1
25 1 0
25 2 0
25 3 0
26 0 0
26 1 0
26 2 0
26 3 0
27 0 1
27 1 0
27 2 0
27 3 0
28 0 0
28 1 0
28 2 0
28 3 0
29 0 1
29 1 0
29 2 0
29 3 0
30 0 1
30 1 0
30 2 0
30 3 0
31 0 1
31 1 0
31 2 0
31 3 0
32 0 1
32 1 0
32 2 0
32 3 0
33 0 1
33 1 0
33 2 0
33 3 0
34 0 1
34 1 0
34 2 0
34 3 0
35 0 1
35 1 0
35 2 1
35 3 0
36 0 1
36 1 1
36 2 1
36 3 1
37 0 0
37 1 0
37 2 0
37 3 0
38 0 0
38 1 0
38 2 0
38 3 0
39 0 0
39 1 0
39 2 0
39 3 0
40 0 0
40 1 0
40 2 0
40 3 0
41 0 0
41 1 0
41 2 0
41 3 0
42 0 0
42 1 0
42 2 0
42 3 0
43 0 1
43 1 0
43 2 0
43 3 1
44 0 1
44 1 0
44 2 0
44 3 0
45 0 1
45 1 0
45 2 0
45 3 0
46 0 1
46 1 0
46 2 1
46 3 0
47 0 1
47 1 1
47 2 0
47 3 0
48 0 1
48 1 1
48 2 0
48 3 0
49 0 1
49 1 1
49 2 0
49 3 0
50 0 1
50 1 0
50 2 0
50 3 0
51 0 1
51 1 0
51 2 0
51 3 0
52 0 1
52 1 0
52 2 0
52 3 0
53 0 0
53 1 1
53 2 0
53 3 1
54 0 0
54 1 1
54 2 0
54 3 0
55 0 0
55 1 0
55 2 1
55 3 1
56 0 1
56 1 1
56 2 0
56 3 1
57 0 0
57 1 0
57 2 1
57 3 0
58 0 1
58 1 0
58 2 0
58 3 0
59 0 1
59 1 0
59 2 0
59 3 0
60 0 1
60 1 0
60 2 0
60 3 0
61 0 1
61 1 0
61 2 0
61 3 0
62 0 1
62 1 0
62 2 0
62 3 0
63 0 1
63 1 0
63 2 1
63 3 0
64 0 1
64 1 0
64 2 0
64 3 0
65 0 1
65 1 0
65 2 1
65 3 1
66 0 1
66 1 1
66 2 1
66 3 0
67 0 1
67 1 1
67 2 1
67 3 1
68 0 1
68 1 0
68 2 1
68 3 0
69 0 1
69 1 0
69 2 0
69 3 0
70 0 1
70 1 0
70 2 0
70 3 0
71 0 0
71 1 0
71 2 0
71 3 0
72 0 1
72 1 1
72 2 0
72 3 0
73 0 1
73 1 0
73 2 1
73 3 1
74 0 1
74 1 0
74 2 0
74 3 0
75 0 1
75 1 0
75 2 0
75 3 0
76 0 0
76 1 0
76 2 0
76 3 0
77 0 1
77 1 0
77 2 0
77 3 0
78 0 1
78 1 1
78 2 0
78 3 0
79 0 1
79 1 0
79 2 1
79 3 1
80 0 1
80 1 0
80 2 0
80 3 1
81 0 1
81 1 1
81 2 0
81 3 0
82 0 1
82 1 1
82 2 1
82 3 0
83 0 1
83 1 0
83 2 1
83 3 1
84 0 1
84 1 1
84 2 1
84 3 0
85 0 1
85 1 0
85 2 0
85 3 0
86 0 1
86 1 0
86 2 0
86 3 1
87 0 1
87 1 0
87 2 0
87 3 0
88 0 1
88 1 1
88 2 0
88 3 0
89 0 1
89 1 0
89 2 0
89 3 0
90 0 1
90 1 0
90 2 0
90 3 0
91 0 1
91 1 0
91 2 0
91 3 0
92 0 1
92 1 0
92 2 0
92 3 0
93 0 1
93 1 0
93 2 1
93 3 1
94 0 1
94 1 1
94 2 0
94 3 1
95 0 1
95 1 0
95 2 0
95 3 0
96 0 1
96 1 0
96 2 0
96 3 0
97 0 1
97 1 1
97 2 0
97 3 0
98 0 1
98 1 0
98 2 0
98 3 0
99 0 1
99 1 1
99 2 0
99 3 0
100 0 1
100 1 1
100 2 0
100 3 1
101 0 1
101 1 1
101 2 0
101 3 0
102 0 1
102 1 0
102 2 0
102 3 0
103 0 1
103 1 1
103 2 0
103 3 1
104 0 1
104 1 0
104 2 0
104 3 0
105 0 0
105 1 0
105 2 1
105 3 0
106 0 1
106 1 1
106 2 0
106 3 0
107 0 1
107 1 0
107 2 0
107 3 1
