5.00   5.00   5.00   5.00   5.00   5.00   5.00   5.00   5.00   5.00   5.00   5.00   5.00   5.00   5.00   5.00   5.00   5.00   5.00   5.00   5.00   5.00   5.00   5.00   5.00   5.00   5.00   5.00   5.00   5.00   5.00   5.00   5.00   5.00   5.00   5.00   5.00   5.00   5.00   5.00   5.00   5.00   5.00   5.00   5.00   5.00   5.00   5.00   5.00   5.00   5.00   5.00   5.00   5.00   5.00   5.00   5.00   5.00   5.00   5.00   5.00   5.00   5.00   5.00   5.00   5.00   5.00   5.00   5.00   5.00   5.00   5.00   5.00   5.00   5.00   5.00   5.00   5.00   
0.95   0.04   0.95   0.95   0.95   0.95   0.95   0.95   0.95   0.95   0.95   0.95   0.12   0.12   0.04   0.95   0.04   0.95   0.95   0.95   0.95   0.95   0.95   0.95   0.04   0.04   0.04   0.04   0.95   0.95   0.95   0.95   0.95   0.95   0.95   0.95   0.04   0.04   0.04   0.95   0.95   0.95   0.12   0.95   0.95   0.12   0.95   0.95   0.01   0.12   0.95   0.95   0.12   0.12   0.12   0.95   0.95   0.95   0.95   0.95   0.95   0.95   0.95   0.95   0.95   0.12   0.95   0.95   0.95   0.95   0.95   0.95   0.95   0.95   0.95   0.01   0.95   0.95   
0.95   0.04   0.95   0.95   0.95   0.95   0.95   0.95   0.95   0.95   0.95   0.95   0.12   0.12   0.04   0.95   0.04   0.95   0.95   0.95   0.95   0.95   0.95   0.95   0.04   0.04   0.04   0.04   0.95   0.95   0.95   0.95   0.95   0.95   0.95   0.95   0.04   0.04   0.04   0.95   0.95   0.95   0.12   0.95   0.95   0.12   0.95   0.95   0.01   0.12   0.95   0.95   0.12   0.12   0.12   0.95   0.95   0.95   0.95   0.95   0.95   0.95   0.95   0.95   0.95   0.12   0.95   0.95   0.95   0.95   0.95   0.95   0.95   0.95   0.95   0.01   0.95   0.95   
0.18   0.06   0.16   0.35   0.35   0.64   0.32   0.40   0.14   0.39   0.10   0.36   0.43   0.35   0.35   0.33   0.43   0.23   0.24   0.36   0.22   0.40   0.17   0.17   0.15   0.13   0.15   0.34   0.18   0.61   0.21   0.20   0.58   0.73   0.61   0.08   0.68   0.74   0.07   0.30   0.07   0.29   0.12   0.52   0.28   0.32   0.27   0.57   0.20   0.27   0.08   0.07   0.38   0.40   0.44   0.42   0.44   0.28   0.58   0.44   0.78   0.50   0.55   0.34   0.72   0.35   0.41   0.50   0.67   0.72   0.77   0.82   0.86   0.65   0.48   0.61   0.67   0.34   
0.86   0.01   0.85   0.94   0.94   0.98   0.93   0.95   0.83   0.95   0.77   0.94   0.77   0.70   0.05   0.94   0.07   0.90   0.90   0.94   0.89   0.95   0.86   0.86   0.02   0.01   0.02   0.05   0.86   0.98   0.88   0.88   0.98   0.99   0.98   0.71   0.64   0.69   0.01   0.93   0.68   0.92   0.08   0.97   0.92   0.67   0.91   0.98   0.00   0.62   0.70   0.67   0.73   0.74   0.78   0.95   0.96   0.92   0.98   0.96   0.99   0.97   0.97   0.94   0.99   0.70   0.95   0.97   0.98   0.99   0.99   0.99   0.99   0.98   0.96   0.03   0.98   0.94   

5.00   5.00   5.00   5.00   5.00   5.00   5.00   5.00   5.00   5.00   5.00   5.00   5.00   5.00   5.00   5.00   5.00   5.00   5.00   5.00   5.00   5.00   5.00   5.00   5.00   5.00   5.00   5.00   5.00   5.00   5.00   5.00   5.00   5.00   5.00   5.00   5.00   5.00   5.00   5.00   5.00   5.00   5.00   5.00   5.00   5.00   5.00   5.00   5.00   5.00   5.00   5.00   5.00   5.00   5.00   5.00   5.00   5.00   5.00   5.00   5.00   5.00   5.00   5.00   5.00   5.00   5.00   5.00   5.00   5.00   5.00   5.00   5.00   5.00   5.00   5.00   5.00   5.00   
0.88   0.24   0.99   0.88   0.88   0.88   0.88   0.88   0.88   0.88   0.88   0.99   0.03   0.03   0.98   0.88   0.24   0.88   0.88   0.88   0.99   0.88   0.88   0.88   0.24   0.24   0.24   0.24   0.88   0.99   0.88   0.88   0.99   0.88   0.88   0.88   0.98   0.98   0.24   0.88   0.88   0.88   0.03   0.88   0.99   0.03   0.88   0.88   0.01   0.03   0.99   0.88   0.03   0.03   0.03   0.88   0.88   0.99   0.88   0.99   0.88   0.88   0.88   0.88   0.88   0.03   0.88   0.88   0.88   0.99   0.88   0.88   0.88   0.88   0.88   0.01   0.88   0.88   
0.88   0.24   0.99   0.88   0.88   0.88   0.88   0.88   0.88   0.88   0.88   0.99   0.03   0.03   0.98   0.88   0.24   0.88   0.88   0.88   0.99   0.88   0.88   0.88   0.24   0.24   0.24   0.24   0.88   0.99   0.88   0.88   0.99   0.88   0.88   0.88   0.98   0.98   0.24   0.88   0.88   0.88   0.03   0.88   0.99   0.03   0.88   0.88   0.01   0.03   0.99   0.88   0.03   0.03   0.03   0.88   0.88   0.99   0.88   0.99   0.88   0.88   0.88   0.88   0.88   0.03   0.88   0.88   0.88   0.99   0.88   0.88   0.88   0.88   0.88   0.01   0.88   0.88   
0.12   0.50   0.10   0.31   0.32   0.69   0.27   0.38   0.09   0.37   0.06   0.34   0.41   0.31   0.30   0.28   0.42   0.17   0.19   0.32   0.16   0.38   0.11   0.12   0.10   0.08   0.09   0.30   0.13   0.65   0.15   0.15   0.62   0.78   0.64   0.04   0.74   0.80   0.03   0.26   0.03   0.25   0.07   0.53   0.22   0.28   0.21   0.60   0.50   0.21   0.04   0.03   0.35   0.37   0.40   0.41   0.42   0.25   0.60   0.43   0.84   0.50   0.56   0.28   0.77   0.31   0.39   0.51   0.71   0.77   0.83   0.88   0.50   0.71   0.48   0.63   0.72   0.31   
0.61   0.81   0.94   0.84   0.85   0.96   0.81   0.88   0.03   0.87   0.02   0.99   0.02   0.01   0.98   0.82   0.75   0.71   0.73   0.85   0.96   0.88   0.60   0.61   0.02   0.02   0.02   0.08   0.63   1.00   0.68   0.67   1.00   0.98   0.96   0.01   1.00   1.00   0.01   0.81   0.01   0.79   0.00   0.93   0.98   0.01   0.76   0.95   0.01   0.01   0.85   0.01   0.01   0.01   0.02   0.89   0.90   0.98   0.95   0.99   0.98   0.92   0.94   0.82   0.98   0.01   0.88   0.93   0.97   1.00   0.98   0.99   0.96   0.97   0.91   0.02   0.97   0.84   

5.00   5.00   5.00   5.00   5.00   5.00   5.00   5.00   5.00   5.00   5.00   5.00   5.00   5.00   5.00   5.00   5.00   5.00   5.00   5.00   5.00   5.00   5.00   5.00   5.00   5.00   5.00   5.00   5.00   5.00   5.00   5.00   5.00   5.00   5.00   5.00   5.00   5.00   5.00   5.00   5.00   5.00   5.00   5.00   5.00   5.00   5.00   5.00   5.00   5.00   5.00   5.00   5.00   5.00   5.00   5.00   5.00   5.00   5.00   5.00   5.00   5.00   5.00   5.00   5.00   5.00   5.00   5.00   5.00   5.00   5.00   5.00   5.00   5.00   5.00   5.00   5.00   5.00   
0.73   0.04   0.91   0.73   0.73   0.73   0.73   0.73   0.73   0.73   0.73   0.91   0.94   0.06   0.97   0.73   0.04   0.73   0.73   0.73   0.91   0.73   0.73   0.73   0.04   0.04   0.04   0.04   0.73   0.99   0.73   0.73   0.99   0.96   0.96   0.73   0.97   0.97   0.04   0.73   0.73   0.73   0.06   0.96   0.91   0.06   0.73   0.96   0.01   0.06   0.91   0.73   0.94   0.94   0.06   0.96   0.96   0.99   0.73   0.99   0.73   0.96   0.96   0.73   0.73   0.94   0.96   0.73   0.96   0.91   0.96   0.96   0.96   0.96   0.96   0.01   0.96   0.96   
0.73   0.04   0.91   0.73   0.73   0.73   0.73   0.73   0.73   0.73   0.73   0.91   0.94   0.06   0.97   0.73   0.04   0.73   0.73   0.73   0.91   0.73   0.73   0.73   0.04   0.04   0.04   0.04   0.73   0.99   0.73   0.73   0.99   0.96   0.96   0.73   0.97   0.97   0.04   0.73   0.73   0.73   0.06   0.96   0.91   0.06   0.73   0.96   0.01   0.06   0.91   0.73   0.94   0.94   0.06   0.96   0.96   0.99   0.73   0.99   0.73   0.96   0.96   0.73   0.73   0.94   0.96   0.73   0.96   0.91   0.96   0.96   0.96   0.96   0.96   0.01   0.96   0.96   
0.05   0.50   0.02   0.28   0.28   0.91   0.33   0.68   0.03   0.41   0.01   0.33   0.60   0.39   0.22   0.43   0.42   0.07   0.11   0.37   0.07   0.35   0.02   0.03   0.02   0.01   0.02   0.42   0.04   0.50   0.06   0.03   0.50   0.93   0.79   0.00   0.50   0.50   0.00   0.11   0.00   0.20   0.50   0.55   0.21   0.17   0.23   0.70   0.50   0.50   0.00   0.00   0.30   0.35   0.35   0.36   0.52   0.15   0.79   0.31   0.94   0.56   0.80   0.16   0.87   0.13   0.26   0.53   0.88   0.50   0.98   0.99   0.50   0.95   0.57   0.80   0.78   0.22   
0.00   0.72   0.03   0.54   0.53   0.97   0.59   0.86   0.00   0.67   0.00   0.75   0.97   0.03   0.90   0.69   0.01   0.01   0.01   0.64   0.11   0.62   0.00   0.00   0.00   0.00   0.00   0.01   0.00   0.99   0.01   0.00   0.99   1.00   0.99   0.00   0.95   0.95   0.00   0.01   0.00   0.02   0.86   0.97   0.60   0.01   0.03   0.98   0.01   0.86   0.01   0.00   0.90   0.92   0.02   0.94   0.97   0.96   0.92   0.98   0.98   0.97   0.99   0.02   0.95   0.69   0.90   0.77   0.99   0.99   1.00   1.00   0.97   1.00   0.97   0.79   0.99   0.88   

5.00   5.00   5.00   5.00   5.00   5.00   5.00   5.00   5.00   5.00   5.00   5.00   5.00   5.00   5.00   5.00   5.00   5.00   5.00   5.00   5.00   5.00   5.00   5.00   5.00   5.00   5.00   5.00   5.00   5.00   5.00   5.00   5.00   5.00   5.00   5.00   5.00   5.00   5.00   5.00   5.00   5.00   5.00   5.00   5.00   5.00   5.00   5.00   5.00   5.00   5.00   5.00   5.00   5.00   5.00   5.00   5.00   5.00   5.00   5.00   5.00   5.00   5.00   5.00   5.00   5.00   5.00   5.00   5.00   5.00   5.00   5.00   5.00   5.00   5.00   5.00   5.00   5.00   
0.10   0.01   0.39   0.10   0.10   0.10   0.10   0.10   0.10   0.10   0.10   0.39   0.94   0.04   0.70   0.10   0.01   0.10   0.10   0.10   0.39   0.10   0.10   0.10   0.01   0.01   0.01   0.01   0.10   0.80   0.10   0.10   0.99   0.96   0.96   0.10   0.93   0.93   0.01   0.10   0.10   0.10   0.04   0.96   0.79   0.04   0.10   0.96   0.01   0.04   0.39   0.10   0.94   0.94   0.04   0.96   0.96   0.99   0.10   0.99   0.10   0.73   0.73   0.10   0.10   0.68   0.96   0.10   0.96   0.39   0.96   0.73   0.96   0.96   0.73   0.01   0.96   0.96   
0.10   0.01   0.39   0.10   0.10   0.10   0.10   0.10   0.10   0.10   0.10   0.39   0.94   0.04   0.70   0.10   0.01   0.10   0.10   0.10   0.39   0.10   0.10   0.10   0.01   0.01   0.01   0.01   0.10   0.80   0.10   0.10   0.99   0.96   0.96   0.10   0.93   0.93   0.01   0.10   0.10   0.10   0.04   0.96   0.79   0.04   0.10   0.96   0.01   0.04   0.39   0.10   0.94   0.94   0.04   0.96   0.96   0.99   0.10   0.99   0.10   0.73   0.73   0.10   0.10   0.68   0.96   0.10   0.96   0.39   0.96   0.73   0.96   0.96   0.73   0.01   0.96   0.96   
0.50   0.50   0.01   0.30   0.22   0.91   0.27   0.68   0.50   0.35   0.50   0.25   0.61   0.34   0.17   0.27   0.42   0.05   0.07   0.38   0.06   0.22   0.50   0.50   0.50   0.50   0.50   0.43   0.50   0.50   0.50   0.50   0.50   0.50   0.87   0.50   0.50   0.50   0.50   0.06   0.50   0.11   0.50   0.42   0.18   0.13   0.19   0.79   0.50   0.50   0.50   0.50   0.31   0.34   0.39   0.29   0.49   0.08   0.77   0.32   0.97   0.55   0.86   0.09   0.89   0.07   0.26   0.68   0.50   0.50   0.50   0.50   0.50   0.50   0.54   0.85   0.81   0.14   
0.76   0.50   0.01   0.08   0.05   0.96   0.07   0.84   0.76   0.09   0.76   0.59   0.98   0.04   0.47   0.07   0.01   0.01   0.01   0.61   0.07   0.05   0.76   0.76   0.02   0.02   0.02   0.02   0.76   0.99   0.76   0.76   0.99   0.97   1.00   0.76   0.84   0.84   0.02   0.01   0.76   0.02   0.81   0.97   0.76   0.01   0.04   0.99   0.01   0.81   0.87   0.76   0.94   0.95   0.05   0.95   0.98   0.92   0.90   0.98   0.99   0.93   0.99   0.02   0.96   0.28   0.94   0.85   0.97   0.99   0.97   0.97   0.97   0.97   0.93   0.68   0.99   0.89   

5.00   5.00   5.00   5.00   5.00   5.00   5.00   5.00   5.00   5.00   5.00   5.00   5.00   5.00   5.00   5.00   5.00   5.00   5.00   5.00   5.00   5.00   5.00   5.00   5.00   5.00   5.00   5.00   5.00   5.00   5.00   5.00   5.00   5.00   5.00   5.00   5.00   5.00   5.00   5.00   5.00   5.00   5.00   5.00   5.00   5.00   5.00   5.00   5.00   5.00   5.00   5.00   5.00   5.00   5.00   5.00   5.00   5.00   5.00   5.00   5.00   5.00   5.00   5.00   5.00   5.00   5.00   5.00   5.00   5.00   5.00   5.00   5.00   5.00   5.00   5.00   5.00   5.00   
0.09   0.01   0.40   0.09   0.09   0.09   0.09   0.09   0.09   0.09   0.09   0.40   0.94   0.05   0.71   0.09   0.01   0.09   0.09   0.09   0.40   0.43   0.43   0.09   0.01   0.01   0.01   0.01   0.09   0.80   0.09   0.09   0.98   0.98   0.95   0.09   0.96   0.93   0.01   0.09   0.09   0.09   0.05   0.95   0.85   0.05   0.09   0.98   0.01   0.37   0.40   0.09   0.97   0.94   0.05   0.95   0.98   0.98   0.43   0.98   0.09   0.74   0.74   0.09   0.09   0.71   0.95   0.09   0.95   0.40   0.95   0.74   0.95   0.95   0.74   0.01   0.95   0.95   
0.09   0.01   0.40   0.09   0.09   0.09   0.09   0.09   0.09   0.09   0.09   0.40   0.94   0.05   0.71   0.09   0.01   0.09   0.09   0.09   0.40   0.43   0.43   0.09   0.01   0.01   0.01   0.01   0.09   0.80   0.09   0.09   0.98   0.98   0.95   0.09   0.96   0.93   0.01   0.09   0.09   0.09   0.05   0.95   0.85   0.05   0.09   0.98   0.01   0.37   0.40   0.09   0.97   0.94   0.05   0.95   0.98   0.98   0.43   0.98   0.09   0.74   0.74   0.09   0.09   0.71   0.95   0.09   0.95   0.40   0.95   0.74   0.95   0.95   0.74   0.01   0.95   0.95   
0.50   0.50   0.02   0.46   0.22   0.93   0.30   0.71   0.50   0.28   0.50   0.22   0.67   0.46   0.26   0.30   0.56   0.08   0.10   0.41   0.11   0.29   0.50   0.50   0.50   0.50   0.50   0.45   0.50   0.50   0.50   0.50   0.50   0.50   0.50   0.50   0.50   0.50   0.50   0.07   0.50   0.11   0.50   0.41   0.20   0.23   0.22   0.50   0.50   0.50   0.50   0.50   0.41   0.53   0.49   0.37   0.39   0.09   0.83   0.42   0.99   0.70   0.88   0.10   0.92   0.19   0.29   0.69   0.50   0.50   0.50   0.50   0.50   0.50   0.57   0.90   0.50   0.22   
0.73   0.60   0.02   0.13   0.05   0.96   0.07   0.83   0.73   0.06   0.73   0.22   0.98   0.04   0.74   0.07   0.03   0.01   0.02   0.10   0.11   0.62   0.73   0.73   0.02   0.02   0.02   0.02   0.73   0.99   0.73   0.73   0.99   0.96   0.97   0.73   0.90   0.90   0.02   0.01   0.73   0.02   0.04   0.96   0.79   0.01   0.04   0.97   0.01   0.04   0.85   0.73   0.96   0.96   0.04   0.95   0.98   0.85   0.95   0.98   0.99   0.95   0.98   0.02   0.96   0.44   0.93   0.81   0.96   0.99   0.96   0.96   0.97   0.96   0.92   0.74   0.97   0.89   

5.00   5.00   5.00   5.00   5.00   5.00   5.00   5.00   5.00   5.00   5.00   5.00   5.00   5.00   5.00   5.00   5.00   5.00   5.00   5.00   5.00   5.00   5.00   5.00   5.00   5.00   5.00   5.00   5.00   5.00   5.00   5.00   5.00   5.00   5.00   5.00   5.00   5.00   5.00   5.00   5.00   5.00   5.00   5.00   5.00   5.00   5.00   5.00   5.00   5.00   5.00   5.00   5.00   5.00   5.00   5.00   5.00   5.00   5.00   5.00   5.00   5.00   5.00   5.00   5.00   5.00   5.00   5.00   5.00   5.00   5.00   5.00   5.00   5.00   5.00   5.00   5.00   5.00   
0.04   0.16   0.68   0.49   0.04   0.49   0.49   0.49   0.49   0.04   0.04   0.68   0.96   0.48   0.86   0.04   0.16   0.04   0.49   0.49   0.68   0.69   0.38   0.04   0.01   0.01   0.01   0.01   0.04   0.82   0.04   0.04   0.94   0.94   0.96   0.04   0.98   0.96   0.01   0.04   0.04   0.04   0.03   0.96   0.91   0.48   0.49   0.98   0.01   0.68   0.68   0.04   0.98   0.96   0.48   0.96   0.98   0.98   0.69   0.98   0.49   0.85   0.85   0.49   0.49   0.85   0.96   0.49   0.96   0.68   0.96   0.77   0.96   0.96   0.85   0.01   0.92   0.96   
0.04   0.16   0.68   0.49   0.04   0.49   0.49   0.49   0.49   0.04   0.04   0.68   0.96   0.48   0.86   0.04   0.16   0.04   0.49   0.49   0.68   0.69   0.38   0.04   0.01   0.01   0.01   0.01   0.04   0.82   0.04   0.04   0.94   0.94   0.96   0.04   0.98   0.96   0.01   0.04   0.04   0.04   0.03   0.96   0.91   0.48   0.49   0.98   0.01   0.68   0.68   0.04   0.98   0.96   0.48   0.96   0.98   0.98   0.69   0.98   0.49   0.85   0.85   0.49   0.49   0.85   0.96   0.49   0.96   0.68   0.96   0.77   0.96   0.96   0.85   0.01   0.92   0.96   
0.50   0.50   0.02   0.46   0.22   0.93   0.30   0.71   0.50   0.28   0.50   0.22   0.68   0.47   0.26   0.30   0.56   0.08   0.10   0.41   0.10   0.29   0.50   0.50   0.50   0.50   0.50   0.45   0.50   0.50   0.50   0.50   0.50   0.50   0.50   0.50   0.50   0.50   0.50   0.07   0.50   0.11   0.50   0.41   0.20   0.23   0.21   0.50   0.50   0.50   0.50   0.50   0.41   0.53   0.50   0.37   0.39   0.08   0.83   0.42   0.99   0.71   0.88   0.10   0.92   0.19   0.29   0.69   0.50   0.50   0.50   0.50   0.50   0.50   0.57   0.91   0.50   0.21   
0.72   0.64   0.01   0.14   0.01   0.96   0.08   0.82   0.72   0.01   0.72   0.18   0.98   0.07   0.72   0.01   0.07   0.00   0.02   0.12   0.08   0.27   0.72   0.72   0.02   0.02   0.02   0.01   0.72   0.99   0.72   0.72   0.99   0.96   0.98   0.72   0.89   0.89   0.02   0.00   0.72   0.00   0.03   0.96   0.77   0.03   0.05   0.98   0.01   0.03   0.83   0.72   0.97   0.96   0.08   0.95   0.98   0.85   0.94   0.98   0.99   0.95   0.98   0.02   0.96   0.43   0.93   0.81   0.96   0.99   0.96   0.96   0.97   0.96   0.92   0.23   0.98   0.90   

5.00   5.00   5.00   5.00   5.00   5.00   5.00   5.00   5.00   5.00   5.00   5.00   5.00   5.00   5.00   5.00   5.00   5.00   5.00   5.00   5.00   5.00   5.00   5.00   5.00   5.00   5.00   5.00   5.00   5.00   5.00   5.00   5.00   5.00   5.00   5.00   5.00   5.00   5.00   5.00   5.00   5.00   5.00   5.00   5.00   5.00   5.00   5.00   5.00   5.00   5.00   5.00   5.00   5.00   5.00   5.00   5.00   5.00   5.00   5.00   5.00   5.00   5.00   5.00   5.00   5.00   5.00   5.00   5.00   5.00   5.00   5.00   5.00   5.00   5.00   5.00   5.00   5.00   
0.03   0.07   0.31   0.16   0.52   0.65   0.16   0.16   0.16   0.03   0.03   0.31   0.97   0.13   0.87   0.03   0.57   0.52   0.16   0.16   0.31   0.33   0.62   0.03   0.01   0.01   0.01   0.01   0.03   0.85   0.03   0.03   0.96   0.96   0.97   0.03   0.98   0.97   0.01   0.03   0.03   0.03   0.02   0.97   0.91   0.63   0.16   0.99   0.01   0.29   0.31   0.03   0.86   0.97   0.13   0.97   0.99   0.99   0.72   0.99   0.65   0.87   0.87   0.65   0.65   0.86   0.97   0.65   0.97   0.72   0.97   0.82   0.97   0.97   0.87   0.01   0.94   0.97   
0.03   0.07   0.31   0.16   0.52   0.65   0.16   0.16   0.16   0.03   0.03   0.31   0.97   0.13   0.87   0.03   0.57   0.52   0.16   0.16   0.31   0.33   0.62   0.03   0.01   0.01   0.01   0.01   0.03   0.85   0.03   0.03   0.96   0.96   0.97   0.03   0.98   0.97   0.01   0.03   0.03   0.03   0.02   0.97   0.91   0.63   0.16   0.99   0.01   0.29   0.31   0.03   0.86   0.97   0.13   0.97   0.99   0.99   0.72   0.99   0.65   0.87   0.87   0.65   0.65   0.86   0.97   0.65   0.97   0.72   0.97   0.82   0.97   0.97   0.87   0.01   0.94   0.97   
0.50   0.50   0.01   0.30   0.50   0.87   0.12   0.55   0.50   0.28   0.50   0.07   0.76   0.12   0.31   0.16   0.61   0.50   0.05   0.21   0.03   0.27   0.50   0.50   0.50   0.50   0.50   0.50   0.50   0.50   0.50   0.50   0.50   0.50   0.50   0.50   0.50   0.50   0.50   0.50   0.50   0.50   0.50   0.47   0.20   0.13   0.22   0.50   0.50   0.50   0.50   0.50   0.57   0.61   0.45   0.42   0.35   0.03   0.78   0.46   0.99   0.73   0.92   0.08   0.89   0.19   0.19   0.68   0.50   0.50   0.50   0.50   0.50   0.50   0.45   0.92   0.50   0.26   
0.73   0.65   0.00   0.04   0.58   0.95   0.01   0.10   0.73   0.02   0.73   0.02   0.99   0.00   0.78   0.01   0.39   0.58   0.00   0.02   0.01   0.09   0.73   0.73   0.02   0.02   0.02   0.01   0.73   0.99   0.73   0.73   0.99   0.97   0.98   0.73   0.86   0.86   0.02   0.58   0.73   0.58   0.03   0.97   0.75   0.07   0.03   0.98   0.01   0.03   0.81   0.73   0.93   0.97   0.03   0.96   0.98   0.37   0.93   0.98   1.00   0.96   0.99   0.06   0.95   0.48   0.90   0.85   0.97   0.99   0.97   0.97   0.97   0.97   0.88   0.07   0.98   0.93   

5.00   5.00   5.00   5.00   5.00   5.00   5.00   5.00   5.00   5.00   5.00   5.00   5.00   5.00   5.00   5.00   5.00   5.00   5.00   5.00   5.00   5.00   5.00   5.00   5.00   5.00   5.00   5.00   5.00   5.00   5.00   5.00   5.00   5.00   5.00   5.00   5.00   5.00   5.00   5.00   5.00   5.00   5.00   5.00   5.00   5.00   5.00   5.00   5.00   5.00   5.00   5.00   5.00   5.00   5.00   5.00   5.00   5.00   5.00   5.00   5.00   5.00   5.00   5.00   5.00   5.00   5.00   5.00   5.00   5.00   5.00   5.00   5.00   5.00   5.00   5.00   5.00   5.00   
0.07   0.08   0.02   0.14   0.50   0.62   0.14   0.14   0.14   0.07   0.07   0.23   0.97   0.10   0.86   0.07   0.52   0.50   0.14   0.01   0.23   0.28   0.62   0.07   0.04   0.00   0.04   0.00   0.07   0.86   0.07   0.07   0.97   0.97   0.97   0.01   0.98   0.97   0.00   0.07   0.07   0.07   0.05   0.97   0.91   0.10   0.14   0.99   0.01   0.22   0.23   0.07   0.87   0.97   0.01   0.97   0.99   0.99   0.71   0.99   0.62   0.87   0.87   0.62   0.62   0.85   0.97   0.62   0.97   0.68   0.97   0.83   0.97   0.97   0.87   0.01   0.95   0.97   
0.07   0.08   0.02   0.14   0.50   0.62   0.14   0.14   0.14   0.07   0.07   0.23   0.97   0.10   0.86   0.07   0.52   0.50   0.14   0.01   0.23   0.28   0.62   0.07   0.04   0.00   0.04   0.00   0.07   0.86   0.07   0.07   0.97   0.97   0.97   0.01   0.98   0.97   0.00   0.07   0.07   0.07   0.05   0.97   0.91   0.10   0.14   0.99   0.01   0.22   0.23   0.07   0.87   0.97   0.01   0.97   0.99   0.99   0.71   0.99   0.62   0.87   0.87   0.62   0.62   0.85   0.97   0.62   0.97   0.68   0.97   0.83   0.97   0.97   0.87   0.01   0.95   0.97   
0.50   0.50   0.50   0.36   0.50   0.92   0.09   0.53   0.50   0.39   0.50   0.10   0.82   0.50   0.37   0.16   0.67   0.50   0.50   0.27   0.03   0.39   0.50   0.50   0.50   0.50   0.50   0.50   0.50   0.50   0.50   0.50   0.50   0.50   0.50   0.50   0.50   0.50   0.50   0.50   0.50   0.50   0.50   0.53   0.24   0.21   0.25   0.50   0.50   0.50   0.50   0.50   0.70   0.70   0.54   0.48   0.40   0.04   0.74   0.56   0.50   0.79   0.96   0.10   0.93   0.32   0.22   0.75   0.50   0.50   0.50   0.50   0.50   0.50   0.57   0.94   0.50   0.19   
0.75   0.70   0.28   0.10   0.63   0.97   0.02   0.19   0.75   0.09   0.75   0.05   0.99   0.03   0.86   0.03   0.80   0.63   0.10   0.01   0.02   0.23   0.75   0.75   0.03   0.03   0.03   0.02   0.75   0.99   0.75   0.75   0.99   0.97   0.98   0.75   0.92   0.92   0.03   0.63   0.75   0.63   0.03   0.98   0.82   0.03   0.06   0.98   0.01   0.03   0.84   0.75   0.96   0.98   0.02   0.97   0.98   0.49   0.92   0.99   0.48   0.98   1.00   0.10   0.98   0.80   0.92   0.90   0.97   0.99   0.97   0.97   0.97   0.97   0.94   0.08   0.98   0.90   

5.00   5.00   5.00   5.00   5.00   5.00   5.00   5.00   5.00   5.00   5.00   5.00   5.00   5.00   5.00   5.00   5.00   5.00   5.00   5.00   5.00   5.00   5.00   5.00   5.00   5.00   5.00   5.00   5.00   5.00   5.00   5.00   5.00   5.00   5.00   5.00   5.00   5.00   5.00   5.00   5.00   5.00   5.00   5.00   5.00   5.00   5.00   5.00   5.00   5.00   5.00   5.00   5.00   5.00   5.00   5.00   5.00   5.00   5.00   5.00   5.00   5.00   5.00   5.00   5.00   5.00   5.00   5.00   5.00   5.00   5.00   5.00   5.00   5.00   5.00   5.00   5.00   5.00   
0.14   0.03   0.01   0.20   0.55   0.65   0.04   0.20   0.20   0.14   0.03   0.28   0.97   0.17   0.88   0.14   0.54   0.55   0.04   0.01   0.28   0.37   0.68   0.03   0.10   0.00   0.02   0.00   0.14   0.88   0.14   0.14   0.97   0.98   0.98   0.04   0.98   0.97   0.00   0.14   0.14   0.03   0.12   0.98   0.92   0.04   0.20   0.99   0.01   0.31   0.28   0.14   0.92   0.97   0.01   0.98   0.99   0.99   0.74   0.99   0.65   0.89   0.89   0.65   0.65   0.88   0.98   0.65   0.98   0.15   0.98   0.86   0.98   0.98   0.89   0.01   0.96   0.98   
0.14   0.03   0.01   0.20   0.55   0.65   0.04   0.20   0.20   0.14   0.03   0.28   0.97   0.17   0.88   0.14   0.54   0.55   0.04   0.01   0.28   0.37   0.68   0.03   0.10   0.00   0.02   0.00   0.14   0.88   0.14   0.14   0.97   0.98   0.98   0.04   0.98   0.97   0.00   0.14   0.14   0.03   0.12   0.98   0.92   0.04   0.20   0.99   0.01   0.31   0.28   0.14   0.92   0.97   0.01   0.98   0.99   0.99   0.74   0.99   0.65   0.89   0.89   0.65   0.65   0.88   0.98   0.65   0.98   0.15   0.98   0.86   0.98   0.98   0.89   0.01   0.96   0.98   
0.50   0.50   0.50   0.34   0.50   0.91   0.08   0.53   0.50   0.38   0.50   0.09   0.83   0.50   0.31   0.17   0.64   0.50   0.50   0.24   0.03   0.35   0.50   0.50   0.50   0.50   0.50   0.50   0.50   0.50   0.50   0.50   0.50   0.50   0.50   0.50   0.50   0.50   0.50   0.50   0.50   0.50   0.50   0.48   0.25   0.20   0.26   0.50   0.50   0.50   0.50   0.50   0.67   0.74   0.48   0.44   0.35   0.04   0.71   0.49   0.50   0.79   0.50   0.07   0.91   0.26   0.20   0.69   0.50   0.50   0.50   0.50   0.50   0.50   0.57   0.92   0.50   0.14   
0.77   0.70   0.32   0.15   0.67   0.97   0.01   0.61   0.77   0.15   0.77   0.06   0.99   0.03   0.85   0.05   0.81   0.67   0.10   0.01   0.02   0.27   0.77   0.77   0.03   0.03   0.03   0.02   0.77   0.99   0.77   0.77   0.99   0.97   0.98   0.77   0.92   0.92   0.03   0.67   0.77   0.67   0.03   0.98   0.85   0.02   0.11   0.98   0.01   0.03   0.86   0.77   0.97   0.99   0.01   0.97   0.98   0.70   0.93   0.99   0.78   0.98   0.93   0.09   0.97   0.78   0.92   0.89   0.97   0.99   0.97   0.97   0.97   0.97   0.95   0.06   0.98   0.88   

5.00   5.00   5.00   5.00   5.00   5.00   5.00   5.00   5.00   5.00   5.00   5.00   5.00   5.00   5.00   5.00   5.00   5.00   5.00   5.00   5.00   5.00   5.00   5.00   5.00   5.00   5.00   5.00   5.00   5.00   5.00   5.00   5.00   5.00   5.00   5.00   5.00   5.00   5.00   5.00   5.00   5.00   5.00   5.00   5.00   5.00   5.00   5.00   5.00   5.00   5.00   5.00   5.00   5.00   5.00   5.00   5.00   5.00   5.00   5.00   5.00   5.00   5.00   5.00   5.00   5.00   5.00   5.00   5.00   5.00   5.00   5.00   5.00   5.00   5.00   5.00   5.00   5.00   
0.14   0.03   0.01   0.21   0.56   0.67   0.04   0.21   0.21   0.14   0.03   0.29   0.97   0.18   0.88   0.14   0.56   0.56   0.04   0.01   0.29   0.39   0.69   0.03   0.10   0.00   0.02   0.00   0.14   0.88   0.17   0.14   0.97   0.98   0.98   0.04   0.99   0.97   0.00   0.14   0.14   0.03   0.12   0.98   0.93   0.04   0.21   0.99   0.01   0.38   0.29   0.17   0.92   0.97   0.01   0.98   0.99   0.99   0.76   0.99   0.67   0.89   0.90   0.70   0.67   0.88   0.98   0.67   0.98   0.15   0.98   0.87   0.98   0.98   0.89   0.01   0.97   0.98   
0.14   0.03   0.01   0.21   0.56   0.67   0.04   0.21   0.21   0.14   0.03   0.29   0.97   0.18   0.88   0.14   0.56   0.56   0.04   0.01   0.29   0.39   0.69   0.03   0.10   0.00   0.02   0.00   0.14   0.88   0.17   0.14   0.97   0.98   0.98   0.04   0.99   0.97   0.00   0.14   0.14   0.03   0.12   0.98   0.93   0.04   0.21   0.99   0.01   0.38   0.29   0.17   0.92   0.97   0.01   0.98   0.99   0.99   0.76   0.99   0.67   0.89   0.90   0.70   0.67   0.88   0.98   0.67   0.98   0.15   0.98   0.87   0.98   0.98   0.89   0.01   0.97   0.98   
0.50   0.50   0.50   0.37   0.50   0.92   0.08   0.56   0.50   0.41   0.50   0.09   0.86   0.50   0.33   0.17   0.67   0.50   0.50   0.25   0.03   0.37   0.50   0.50   0.50   0.50   0.50   0.50   0.50   0.50   0.50   0.50   0.50   0.50   0.50   0.50   0.50   0.50   0.50   0.50   0.50   0.50   0.50   0.51   0.27   0.21   0.28   0.50   0.50   0.50   0.50   0.50   0.70   0.78   0.52   0.47   0.37   0.04   0.74   0.52   0.50   0.82   0.50   0.07   0.93   0.27   0.20   0.72   0.50   0.50   0.50   0.50   0.50   0.50   0.60   0.94   0.50   0.15   
0.78   0.66   0.74   0.21   0.69   0.98   0.01   0.69   0.78   0.21   0.78   0.09   0.99   0.04   0.87   0.07   0.84   0.69   0.12   0.01   0.03   0.66   0.78   0.78   0.03   0.03   0.03   0.02   0.78   0.99   0.78   0.78   0.99   0.97   0.98   0.78   0.91   0.91   0.03   0.69   0.78   0.69   0.04   0.98   0.85   0.02   0.15   0.98   0.01   0.04   0.87   0.78   0.98   0.99   0.02   0.98   0.98   0.74   0.95   0.99   0.80   0.99   0.93   0.07   0.98   0.81   0.92   0.92   0.97   0.99   0.97   0.97   0.97   0.97   0.96   0.05   0.98   0.89   

5.00   5.00   5.00   5.00   5.00   5.00   5.00   5.00   5.00   5.00   5.00   5.00   5.00   5.00   5.00   5.00   5.00   5.00   5.00   5.00   5.00   5.00   5.00   5.00   5.00   5.00   5.00   5.00   5.00   5.00   5.00   5.00   5.00   5.00   5.00   5.00   5.00   5.00   5.00   5.00   5.00   5.00   5.00   5.00   5.00   5.00   5.00   5.00   5.00   5.00   5.00   5.00   5.00   5.00   5.00   5.00   5.00   5.00   5.00   5.00   5.00   5.00   5.00   5.00   5.00   5.00   5.00   5.00   5.00   5.00   5.00   5.00   5.00   5.00   5.00   5.00   5.00   5.00   
0.13   0.03   0.01   0.19   0.48   0.60   0.07   0.19   0.19   0.13   0.03   0.27   0.98   0.32   0.90   0.13   0.49   0.48   0.04   0.01   0.49   0.31   0.74   0.03   0.19   0.00   0.02   0.00   0.26   0.90   0.15   0.13   0.98   0.96   0.96   0.04   0.99   0.98   0.00   0.13   0.26   0.03   0.11   0.98   0.94   0.04   0.19   0.99   0.01   0.30   0.49   0.15   0.90   0.96   0.01   0.98   0.97   0.99   0.70   0.99   0.73   0.87   0.91   0.75   0.73   0.90   0.96   0.73   0.98   0.16   0.96   0.84   0.96   0.99   0.91   0.01   0.97   0.98   
0.13   0.03   0.01   0.19   0.48   0.60   0.07   0.19   0.19   0.13   0.03   0.27   0.98   0.32   0.90   0.13   0.49   0.48   0.04   0.01   0.49   0.31   0.74   0.03   0.19   0.00   0.02   0.00   0.26   0.90   0.15   0.13   0.98   0.96   0.96   0.04   0.99   0.98   0.00   0.13   0.26   0.03   0.11   0.98   0.94   0.04   0.19   0.99   0.01   0.30   0.49   0.15   0.90   0.96   0.01   0.98   0.97   0.99   0.70   0.99   0.73   0.87   0.91   0.75   0.73   0.90   0.96   0.73   0.98   0.16   0.96   0.84   0.96   0.99   0.91   0.01   0.97   0.98   
0.50   0.50   0.50   0.35   0.50   0.92   0.07   0.54   0.50   0.50   0.50   0.07   0.50   0.50   0.52   0.21   0.70   0.50   0.50   0.23   0.03   0.30   0.50   0.50   0.50   0.50   0.50   0.50   0.50   0.50   0.50   0.50   0.50   0.50   0.50   0.50   0.50   0.50   0.50   0.50   0.50   0.50   0.50   0.58   0.34   0.15   0.25   0.50   0.50   0.50   0.50   0.50   0.79   0.79   0.46   0.39   0.43   0.03   0.78   0.51   0.50   0.89   0.50   0.10   0.94   0.27   0.30   0.75   0.50   0.50   0.50   0.50   0.50   0.50   0.54   0.94   0.50   0.16   
0.77   0.67   0.36   0.16   0.67   0.97   0.01   0.59   0.77   0.26   0.77   0.05   0.96   0.04   0.94   0.07   0.83   0.67   0.12   0.01   0.04   0.20   0.77   0.77   0.03   0.03   0.03   0.02   0.77   0.99   0.77   0.77   0.99   0.97   0.98   0.77   0.92   0.92   0.03   0.67   0.77   0.67   0.04   0.99   0.88   0.01   0.11   0.98   0.01   0.04   0.86   0.77   0.98   0.99   0.01   0.97   0.97   0.48   0.94   0.99   0.79   0.99   0.93   0.15   0.99   0.81   0.93   0.94   0.97   0.99   0.97   0.97   0.97   0.97   0.95   0.05   0.98   0.91   

5.00   5.00   5.00   5.00   5.00   5.00   5.00   5.00   5.00   5.00   5.00   5.00   5.00   5.00   5.00   5.00   5.00   5.00   5.00   5.00   5.00   5.00   5.00   5.00   5.00   5.00   5.00   5.00   5.00   5.00   5.00   5.00   5.00   5.00   5.00   5.00   5.00   5.00   5.00   5.00   5.00   5.00   5.00   5.00   5.00   5.00   5.00   5.00   5.00   5.00   5.00   5.00   5.00   5.00   5.00   5.00   5.00   5.00   5.00   5.00   5.00   5.00   5.00   5.00   5.00   5.00   5.00   5.00   5.00   5.00   5.00   5.00   5.00   5.00   5.00   5.00   5.00   5.00   
0.13   0.04   0.02   0.19   0.45   0.55   0.10   0.19   0.19   0.13   0.03   0.29   0.98   0.32   0.92   0.13   0.47   0.45   0.05   0.01   0.49   0.29   0.69   0.03   0.20   0.00   0.02   0.00   0.56   0.87   0.15   0.13   0.96   0.93   0.94   0.03   1.00   0.99   0.00   0.13   0.27   0.03   0.10   0.96   0.94   0.05   0.19   0.97   0.01   0.28   0.69   0.15   0.86   0.93   0.01   0.96   0.98   0.99   0.64   0.99   0.69   0.82   0.93   0.71   0.69   0.86   0.94   0.69   0.99   0.43   0.94   0.79   0.97   0.97   0.87   0.01   0.95   0.99   
0.13   0.04   0.02   0.19   0.45   0.55   0.10   0.19   0.19   0.13   0.03   0.29   0.98   0.32   0.92   0.13   0.47   0.45   0.05   0.01   0.49   0.29   0.69   0.03   0.20   0.00   0.02   0.00   0.56   0.87   0.15   0.13   0.96   0.93   0.94   0.03   1.00   0.99   0.00   0.13   0.27   0.03   0.10   0.96   0.94   0.05   0.19   0.97   0.01   0.28   0.69   0.15   0.86   0.93   0.01   0.96   0.98   0.99   0.64   0.99   0.69   0.82   0.93   0.71   0.69   0.86   0.94   0.69   0.99   0.43   0.94   0.79   0.97   0.97   0.87   0.01   0.95   0.99   
0.50   0.50   0.50   0.32   0.50   0.91   0.06   0.52   0.50   0.48   0.50   0.07   0.50   0.50   0.49   0.19   0.67   0.50   0.50   0.21   0.03   0.29   0.50   0.50   0.50   0.50   0.50   0.50   0.50   0.50   0.50   0.50   0.50   0.50   0.50   0.50   0.50   0.50   0.50   0.50   0.50   0.50   0.50   0.55   0.32   0.14   0.24   0.50   0.50   0.50   0.50   0.50   0.76   0.77   0.44   0.37   0.40   0.03   0.75   0.48   0.50   0.88   0.50   0.10   0.93   0.26   0.28   0.73   0.50   0.50   0.50   0.50   0.50   0.50   0.52   0.93   0.50   0.15   
0.74   0.74   0.36   0.12   0.63   0.96   0.01   0.23   0.74   0.17   0.74   0.04   0.96   0.03   0.96   0.05   0.77   0.63   0.10   0.01   0.03   0.15   0.74   0.74   0.04   0.04   0.04   0.03   0.74   0.99   0.74   0.74   0.99   0.96   0.97   0.74   0.95   0.95   0.04   0.63   0.74   0.63   0.03   0.97   0.91   0.01   0.08   0.97   0.01   0.03   0.85   0.74   0.97   0.98   0.01   0.94   0.97   0.80   0.91   0.99   0.47   0.98   0.92   0.11   0.98   0.74   0.87   0.91   0.96   0.99   0.96   0.96   0.97   0.96   0.92   0.04   0.97   0.93   

0.40   0.38   0.32   0.39   0.46   0.41   0.40   0.40   0.37   0.41   0.43   0.50   0.43   0.43   0.47   0.40   0.48   0.39   0.44   0.39   0.38   0.53   0.48   0.38   0.51   0.50   0.47   0.50   0.41   0.45   0.40   0.44   0.45   0.42   0.47   0.44   0.50   0.53   0.50   0.43   0.44   0.39   0.42   0.56   0.48   0.39   0.42   0.44   0.50   0.47   0.42   0.40   0.47   0.38   0.39   0.53   0.38   0.50   0.48   0.50   0.53   0.42   0.40   0.41   0.42   0.45   0.45   0.40   0.39   0.51   0.46   0.51   0.47   0.47   0.45   0.50   0.48   0.57   
0.08   0.03   0.01   0.12   0.55   0.67   0.09   0.13   0.12   0.09   0.03   0.26   0.96   0.21   0.91   0.08   0.38   0.28   0.05   0.01   0.28   0.51   0.71   0.02   0.18   0.01   0.02   0.01   0.55   0.84   0.09   0.10   0.96   0.93   0.92   0.03   0.99   0.99   0.01   0.09   0.18   0.03   0.07   0.98   0.96   0.11   0.27   0.95   0.01   0.22   0.66   0.10   0.83   0.91   0.03   0.97   0.97   0.99   0.77   0.99   0.83   0.84   0.92   0.67   0.66   0.83   0.94   0.74   0.98   0.74   0.94   0.80   0.97   0.97   0.84   0.01   0.92   0.99   
0.11   0.03   0.02   0.16   0.39   0.63   0.09   0.16   0.16   0.11   0.03   0.24   0.96   0.25   0.89   0.11   0.42   0.39   0.05   0.01   0.38   0.24   0.60   0.03   0.16   0.00   0.02   0.00   0.43   0.81   0.12   0.11   0.96   0.93   0.90   0.03   0.99   0.99   0.00   0.11   0.20   0.03   0.09   0.97   0.95   0.13   0.32   0.95   0.01   0.23   0.58   0.12   0.78   0.93   0.03   0.97   0.98   0.99   0.69   0.99   0.72   0.83   0.93   0.63   0.61   0.80   0.94   0.72   0.99   0.55   0.94   0.71   0.97   0.97   0.82   0.01   0.91   0.99   
0.50   0.50   0.50   0.33   0.50   0.91   0.07   0.48   0.50   0.43   0.50   0.18   0.50   0.50   0.52   0.14   0.75   0.50   0.50   0.50   0.03   0.44   0.50   0.50   0.50   0.50   0.50   0.50   0.50   0.50   0.50   0.50   0.50   0.50   0.50   0.50   0.50   0.50   0.50   0.50   0.50   0.50   0.50   0.82   0.33   0.12   0.24   0.50   0.50   0.50   0.50   0.50   0.83   0.67   0.55   0.61   0.31   0.08   0.71   0.50   0.50   0.90   0.50   0.11   0.94   0.36   0.40   0.72   0.50   0.50   0.50   0.50   0.50   0.50   0.51   0.90   0.50   0.15   
0.74   0.73   0.34   0.11   0.62   0.96   0.01   0.20   0.74   0.14   0.74   0.11   0.96   0.03   0.96   0.03   0.82   0.62   0.10   0.02   0.03   0.25   0.74   0.74   0.04   0.04   0.04   0.02   0.74   0.99   0.74   0.74   0.99   0.96   0.98   0.74   0.94   0.94   0.04   0.62   0.74   0.62   0.03   0.99   0.92   0.01   0.09   0.98   0.01   0.03   0.86   0.74   0.98   0.97   0.02   0.98   0.96   0.93   0.89   0.99   0.48   0.99   0.92   0.12   0.98   0.82   0.93   0.91   0.96   0.99   0.96   0.96   0.97   0.96   0.92   0.04   0.98   0.94   

0.40   0.38   0.32   0.39   0.46   0.41   0.40   0.40   0.37   0.41   0.43   0.50   0.43   0.43   0.47   0.40   0.48   0.39   0.44   0.39   0.38   0.53   0.48   0.38   0.51   0.50   0.47   0.50   0.41   0.45   0.40   0.44   0.45   0.42   0.47   0.44   0.50   0.53   0.50   0.43   0.44   0.39   0.42   0.56   0.48   0.39   0.42   0.44   0.50   0.47   0.42   0.40   0.47   0.38   0.39   0.53   0.38   0.50   0.48   0.50   0.53   0.42   0.40   0.41   0.42   0.45   0.45   0.40   0.39   0.51   0.46   0.51   0.47   0.47   0.45   0.50   0.48   0.57   
0.06   0.02   0.01   0.09   0.26   0.42   0.09   0.10   0.09   0.07   0.02   0.21   0.95   0.17   0.88   0.06   0.29   0.21   0.04   0.01   0.23   0.22   0.64   0.02   0.14   0.00   0.02   0.00   0.53   0.80   0.07   0.07   0.95   0.90   0.89   0.02   0.99   0.99   0.00   0.07   0.14   0.02   0.06   0.97   0.96   0.07   0.21   0.94   0.01   0.17   0.64   0.07   0.78   0.89   0.02   0.96   0.96   0.99   0.71   0.99   0.78   0.79   0.90   0.41   0.41   0.78   0.92   0.67   0.98   0.68   0.92   0.74   0.96   0.96   0.80   0.01   0.90   0.99   
0.10   0.03   0.02   0.15   0.37   0.61   0.12   0.15   0.15   0.10   0.03   0.23   0.96   0.24   0.88   0.10   0.39   0.37   0.04   0.01   0.37   0.22   0.58   0.03   0.15   0.00   0.02   0.00   0.48   0.80   0.11   0.10   0.96   0.93   0.89   0.02   0.99   0.99   0.00   0.10   0.20   0.03   0.08   0.96   0.95   0.12   0.31   0.95   0.01   0.22   0.61   0.11   0.77   0.92   0.03   0.96   0.98   0.99   0.67   0.99   0.71   0.82   0.92   0.61   0.59   0.79   0.93   0.71   0.99   0.55   0.93   0.69   0.97   0.97   0.81   0.01   0.90   0.99   
0.50   0.50   0.50   0.27   0.50   0.92   0.05   0.43   0.50   0.38   0.50   0.13   0.50   0.50   0.47   0.10   0.73   0.50   0.50   0.50   0.02   0.39   0.50   0.50   0.50   0.50   0.50   0.50   0.50   0.50   0.50   0.50   0.50   0.50   0.50   0.50   0.50   0.50   0.50   0.50   0.50   0.50   0.50   0.82   0.27   0.08   0.18   0.50   0.50   0.50   0.50   0.50   0.83   0.65   0.50   0.58   0.25   0.05   0.69   0.50   0.50   0.90   0.50   0.07   0.95   0.30   0.35   0.71   0.50   0.50   0.50   0.50   0.50   0.50   0.47   0.91   0.50   0.11   
0.73   0.74   0.31   0.08   0.61   0.96   0.01   0.15   0.73   0.10   0.73   0.07   0.96   0.03   0.95   0.02   0.80   0.61   0.09   0.02   0.02   0.19   0.73   0.73   0.04   0.04   0.04   0.02   0.73   0.99   0.73   0.73   0.99   0.96   0.98   0.73   0.94   0.94   0.04   0.61   0.73   0.61   0.03   0.99   0.89   0.01   0.06   0.98   0.01   0.03   0.85   0.73   0.98   0.96   0.01   0.97   0.95   0.86   0.88   0.99   0.45   0.99   0.91   0.07   0.98   0.76   0.91   0.90   0.96   0.99   0.96   0.96   0.97   0.96   0.90   0.04   0.98   0.91   

0.40   0.38   0.32   0.39   0.46   0.41   0.40   0.40   0.37   0.41   0.43   0.50   0.43   0.43   0.47   0.40   0.48   0.39   0.44   0.39   0.38   0.53   0.48   0.38   0.51   0.50   0.47   0.50   0.41   0.45   0.40   0.44   0.45   0.42   0.47   0.44   0.50   0.53   0.50   0.43   0.44   0.39   0.42   0.56   0.48   0.39   0.42   0.44   0.50   0.47   0.42   0.40   0.47   0.38   0.39   0.53   0.38   0.50   0.48   0.50   0.53   0.42   0.40   0.41   0.42   0.45   0.45   0.40   0.39   0.51   0.46   0.51   0.47   0.47   0.45   0.50   0.48   0.57   
0.05   0.02   0.01   0.08   0.22   0.36   0.16   0.15   0.07   0.11   0.02   0.29   0.95   0.24   0.90   0.10   0.36   0.27   0.04   0.02   0.31   0.53   0.70   0.04   0.12   0.01   0.02   0.01   0.62   0.76   0.06   0.06   0.95   0.91   0.90   0.02   0.99   0.99   0.01   0.11   0.13   0.04   0.05   0.97   0.97   0.07   0.28   0.95   0.01   0.26   0.72   0.12   0.82   0.84   0.02   0.97   0.97   0.99   0.75   0.99   0.81   0.81   0.91   0.66   0.65   0.81   0.93   0.72   0.98   0.75   0.89   0.77   0.97   0.96   0.82   0.01   0.87   0.99   
0.07   0.03   0.02   0.12   0.29   0.54   0.22   0.23   0.12   0.15   0.02   0.32   0.96   0.34   0.90   0.15   0.46   0.43   0.04   0.02   0.48   0.33   0.64   0.05   0.12   0.00   0.02   0.00   0.60   0.76   0.09   0.07   0.96   0.93   0.90   0.02   0.99   0.99   0.00   0.15   0.16   0.05   0.06   0.96   0.96   0.10   0.40   0.96   0.01   0.32   0.71   0.17   0.81   0.88   0.03   0.96   0.98   0.99   0.72   0.99   0.75   0.84   0.93   0.67   0.65   0.82   0.94   0.75   0.99   0.67   0.90   0.72   0.97   0.97   0.83   0.01   0.87   0.99   
0.50   0.50   0.50   0.19   0.50   0.89   0.03   0.28   0.50   0.30   0.50   0.13   0.50   0.50   0.45   0.07   0.68   0.50   0.50   0.50   0.01   0.35   0.50   0.50   0.50   0.50   0.50   0.50   0.50   0.50   0.50   0.50   0.50   0.50   0.50   0.50   0.50   0.50   0.50   0.50   0.50   0.50   0.50   0.82   0.16   0.50   0.10   0.50   0.50   0.50   0.50   0.50   0.84   0.61   0.39   0.62   0.19   0.05   0.68   0.50   0.50   0.88   0.50   0.06   0.94   0.27   0.34   0.59   0.50   0.50   0.50   0.50   0.50   0.50   0.37   0.85   0.50   0.12   
0.73   0.74   0.35   0.04   0.61   0.91   0.01   0.11   0.73   0.10   0.73   0.09   0.95   0.03   0.94   0.02   0.77   0.61   0.10   0.02   0.01   0.21   0.73   0.73   0.04   0.04   0.04   0.03   0.73   0.99   0.73   0.73   0.99   0.96   0.97   0.73   0.95   0.95   0.04   0.61   0.73   0.61   0.03   0.99   0.82   0.06   0.04   0.97   0.01   0.03   0.85   0.73   0.98   0.92   0.01   0.98   0.92   0.85   0.87   0.99   0.45   0.98   0.91   0.07   0.98   0.72   0.89   0.84   0.96   0.99   0.96   0.96   0.97   0.96   0.85   0.02   0.97   0.91   

0.40   0.38   0.32   0.39   0.46   0.41   0.40   0.40   0.37   0.41   0.43   0.50   0.43   0.43   0.47   0.40   0.48   0.39   0.44   0.39   0.38   0.53   0.48   0.38   0.51   0.50   0.47   0.50   0.41   0.45   0.40   0.44   0.45   0.42   0.47   0.44   0.50   0.53   0.50   0.43   0.44   0.39   0.42   0.56   0.48   0.39   0.42   0.44   0.50   0.47   0.42   0.40   0.47   0.38   0.39   0.53   0.38   0.50   0.48   0.50   0.53   0.42   0.40   0.41   0.42   0.45   0.45   0.40   0.39   0.51   0.46   0.51   0.47   0.47   0.45   0.50   0.48   0.57   
0.05   0.02   0.05   0.07   0.19   0.31   0.15   0.13   0.07   0.10   0.02   0.61   0.95   0.21   0.91   0.09   0.32   0.23   0.03   0.02   0.29   0.29   0.63   0.03   0.11   0.00   0.02   0.00   0.55   0.69   0.05   0.05   0.95   0.91   0.90   0.02   0.99   0.99   0.00   0.10   0.11   0.04   0.04   0.97   0.97   0.07   0.25   0.95   0.01   0.23   0.67   0.10   0.83   0.77   0.02   0.94   0.97   0.99   0.69   0.99   0.76   0.75   0.87   0.43   0.42   0.75   0.89   0.65   0.98   0.71   0.84   0.70   0.94   0.96   0.76   0.01   0.81   0.97   
0.06   0.03   0.08   0.10   0.23   0.45   0.19   0.20   0.10   0.13   0.02   0.50   0.96   0.28   0.91   0.13   0.39   0.36   0.04   0.02   0.43   0.28   0.56   0.05   0.10   0.00   0.02   0.00   0.52   0.68   0.08   0.06   0.96   0.93   0.91   0.02   0.99   0.99   0.00   0.13   0.13   0.05   0.05   0.96   0.97   0.09   0.33   0.96   0.01   0.28   0.65   0.15   0.82   0.83   0.02   0.93   0.98   0.99   0.64   0.99   0.67   0.77   0.90   0.60   0.57   0.75   0.90   0.67   0.99   0.60   0.84   0.64   0.94   0.97   0.77   0.01   0.81   0.97   
0.50   0.50   0.50   0.26   0.50   0.88   0.06   0.34   0.50   0.41   0.50   0.16   0.50   0.50   0.49   0.11   0.69   0.50   0.50   0.50   0.02   0.35   0.50   0.50   0.50   0.50   0.50   0.50   0.50   0.50   0.50   0.50   0.50   0.50   0.50   0.50   0.50   0.50   0.50   0.50   0.50   0.50   0.50   0.79   0.23   0.50   0.15   0.50   0.50   0.50   0.50   0.50   0.82   0.64   0.50   0.68   0.29   0.11   0.69   0.50   0.50   0.83   0.50   0.09   0.90   0.28   0.41   0.64   0.50   0.50   0.50   0.50   0.50   0.50   0.43   0.87   0.50   0.23   
0.72   0.76   0.39   0.05   0.60   0.90   0.01   0.13   0.72   0.15   0.72   0.22   0.95   0.02   0.96   0.03   0.76   0.60   0.09   0.02   0.02   0.21   0.72   0.72   0.04   0.04   0.04   0.03   0.72   0.99   0.72   0.72   0.99   0.96   0.97   0.72   0.95   0.95   0.04   0.60   0.72   0.60   0.03   0.99   0.90   0.05   0.05   0.97   0.01   0.03   0.86   0.72   0.98   0.92   0.01   0.98   0.96   0.89   0.87   0.99   0.42   0.97   0.90   0.10   0.97   0.70   0.90   0.85   0.96   0.99   0.96   0.96   0.97   0.96   0.86   0.02   0.97   0.93   

0.40   0.38   0.32   0.39   0.46   0.41   0.40   0.40   0.37   0.41   0.43   0.50   0.43   0.43   0.47   0.40   0.48   0.39   0.44   0.39   0.38   0.53   0.48   0.38   0.51   0.50   0.47   0.50   0.41   0.45   0.40   0.44   0.45   0.42   0.47   0.44   0.50   0.53   0.50   0.43   0.44   0.39   0.42   0.56   0.48   0.39   0.42   0.44   0.50   0.47   0.42   0.40   0.47   0.38   0.39   0.53   0.38   0.50   0.48   0.50   0.53   0.42   0.40   0.41   0.42   0.45   0.45   0.40   0.39   0.51   0.46   0.51   0.47   0.47   0.45   0.50   0.48   0.57   
0.05   0.02   0.05   0.07   0.19   0.31   0.15   0.14   0.07   0.10   0.02   0.61   0.95   0.21   0.91   0.09   0.32   0.23   0.04   0.02   0.29   0.29   0.63   0.04   0.11   0.01   0.02   0.01   0.55   0.69   0.05   0.06   0.95   0.91   0.90   0.02   0.99   0.99   0.01   0.10   0.11   0.04   0.04   0.97   0.97   0.07   0.25   0.95   0.01   0.23   0.67   0.11   0.83   0.77   0.02   0.94   0.97   0.99   0.69   0.99   0.76   0.75   0.87   0.43   0.42   0.75   0.89   0.65   0.98   0.71   0.84   0.70   0.94   0.96   0.76   0.01   0.81   0.97   
0.06   0.03   0.08   0.10   0.24   0.45   0.19   0.20   0.11   0.13   0.02   0.50   0.96   0.29   0.91   0.13   0.40   0.36   0.04   0.02   0.43   0.29   0.57   0.05   0.10   0.00   0.02   0.00   0.52   0.68   0.08   0.06   0.96   0.94   0.91   0.02   0.99   0.99   0.00   0.13   0.13   0.05   0.05   0.97   0.97   0.10   0.34   0.96   0.01   0.28   0.65   0.15   0.82   0.83   0.02   0.93   0.98   0.99   0.65   0.99   0.68   0.78   0.90   0.60   0.58   0.75   0.90   0.68   0.99   0.61   0.85   0.64   0.94   0.97   0.77   0.01   0.81   0.97   
0.50   0.50   0.50   0.27   0.50   0.89   0.06   0.35   0.50   0.42   0.50   0.16   0.50   0.50   0.51   0.11   0.71   0.50   0.50   0.50   0.02   0.35   0.50   0.50   0.50   0.50   0.50   0.50   0.50   0.50   0.50   0.50   0.50   0.50   0.50   0.50   0.50   0.50   0.50   0.50   0.50   0.50   0.50   0.80   0.23   0.50   0.15   0.50   0.50   0.50   0.50   0.50   0.84   0.65   0.50   0.70   0.29   0.10   0.71   0.50   0.50   0.84   0.50   0.09   0.91   0.29   0.42   0.65   0.50   0.50   0.50   0.50   0.50   0.50   0.44   0.88   0.50   0.23   
0.72   0.77   0.41   0.06   0.60   0.91   0.01   0.15   0.72   0.17   0.72   0.23   0.95   0.02   0.97   0.03   0.76   0.60   0.09   0.02   0.02   0.20   0.72   0.72   0.04   0.04   0.04   0.03   0.72   0.99   0.72   0.72   0.99   0.96   0.97   0.72   0.96   0.96   0.04   0.60   0.72   0.60   0.03   0.99   0.89   0.05   0.05   0.97   0.01   0.03   0.86   0.72   0.98   0.92   0.01   0.98   0.96   0.90   0.86   0.99   0.42   0.97   0.90   0.09   0.97   0.72   0.91   0.86   0.96   0.99   0.96   0.96   0.97   0.96   0.87   0.02   0.97   0.93   

0.40   0.38   0.32   0.39   0.46   0.41   0.40   0.40   0.37   0.41   0.43   0.50   0.43   0.43   0.47   0.40   0.48   0.39   0.44   0.39   0.38   0.53   0.48   0.38   0.51   0.50   0.47   0.50   0.41   0.45   0.40   0.44   0.45   0.42   0.47   0.44   0.50   0.53   0.50   0.43   0.44   0.39   0.42   0.56   0.48   0.39   0.42   0.44   0.50   0.47   0.42   0.40   0.47   0.38   0.39   0.53   0.38   0.50   0.48   0.50   0.53   0.42   0.40   0.41   0.42   0.45   0.45   0.40   0.39   0.51   0.46   0.51   0.47   0.47   0.45   0.50   0.48   0.57   
0.04   0.03   0.05   0.09   0.22   0.34   0.14   0.13   0.06   0.09   0.02   0.58   0.95   0.20   0.91   0.08   0.31   0.22   0.03   0.02   0.31   0.27   0.65   0.05   0.10   0.01   0.01   0.01   0.56   0.67   0.05   0.05   0.94   0.90   0.89   0.02   0.99   0.99   0.01   0.10   0.10   0.03   0.04   0.97   0.96   0.09   0.23   0.94   0.01   0.21   0.68   0.13   0.80   0.74   0.02   0.93   0.97   0.99   0.67   0.99   0.74   0.76   0.88   0.46   0.45   0.76   0.89   0.66   0.98   0.73   0.82   0.67   0.94   0.96   0.74   0.01   0.79   0.97   
0.06   0.04   0.08   0.13   0.28   0.49   0.18   0.18   0.10   0.12   0.02   0.46   0.97   0.26   0.91   0.12   0.37   0.34   0.03   0.02   0.46   0.26   0.59   0.06   0.09   0.00   0.01   0.00   0.54   0.66   0.07   0.06   0.95   0.92   0.89   0.03   0.99   0.99   0.00   0.12   0.12   0.04   0.05   0.97   0.96   0.13   0.31   0.95   0.01   0.25   0.67   0.19   0.79   0.81   0.03   0.92   0.98   0.99   0.62   0.99   0.65   0.79   0.91   0.62   0.60   0.76   0.90   0.70   0.99   0.64   0.83   0.61   0.95   0.97   0.75   0.01   0.78   0.96   
0.50   0.50   0.50   0.28   0.50   0.91   0.06   0.37   0.50   0.45   0.50   0.17   0.50   0.50   0.54   0.11   0.74   0.50   0.50   0.50   0.02   0.37   0.50   0.50   0.50   0.50   0.50   0.50   0.50   0.50   0.50   0.50   0.50   0.50   0.50   0.50   0.50   0.50   0.50   0.50   0.50   0.50   0.50   0.82   0.24   0.50   0.16   0.50   0.50   0.50   0.50   0.50   0.86   0.68   0.50   0.72   0.31   0.11   0.73   0.50   0.50   0.86   0.50   0.10   0.93   0.31   0.44   0.68   0.50   0.50   0.50   0.50   0.50   0.50   0.46   0.90   0.50   0.24   
0.71   0.77   0.41   0.10   0.60   0.94   0.01   0.15   0.71   0.17   0.71   0.21   0.95   0.02   0.97   0.03   0.76   0.60   0.09   0.02   0.03   0.18   0.71   0.71   0.04   0.04   0.04   0.03   0.71   0.99   0.71   0.71   0.99   0.95   0.97   0.71   0.96   0.96   0.04   0.60   0.71   0.60   0.03   0.99   0.87   0.05   0.05   0.97   0.01   0.03   0.86   0.71   0.98   0.92   0.01   0.98   0.96   0.92   0.86   0.99   0.42   0.98   0.90   0.12   0.98   0.76   0.92   0.89   0.95   0.99   0.95   0.95   0.97   0.95   0.87   0.02   0.97   0.92   

0.40   0.38   0.32   0.39   0.46   0.41   0.40   0.40   0.37   0.41   0.43   0.50   0.43   0.43   0.47   0.40   0.48   0.39   0.44   0.39   0.38   0.53   0.48   0.38   0.51   0.50   0.47   0.50   0.41   0.45   0.40   0.44   0.45   0.42   0.47   0.44   0.50   0.53   0.50   0.43   0.44   0.39   0.42   0.56   0.48   0.39   0.42   0.44   0.50   0.47   0.42   0.40   0.47   0.38   0.39   0.53   0.38   0.50   0.48   0.50   0.53   0.42   0.40   0.41   0.42   0.45   0.45   0.40   0.39   0.51   0.46   0.51   0.47   0.47   0.45   0.50   0.48   0.57   
0.04   0.03   0.05   0.08   0.33   0.43   0.13   0.10   0.14   0.07   0.02   0.63   0.96   0.30   0.93   0.07   0.24   0.17   0.03   0.02   0.53   0.20   0.53   0.12   0.22   0.00   0.01   0.00   0.63   0.72   0.13   0.04   0.94   0.90   0.78   0.03   0.99   0.99   0.00   0.08   0.21   0.03   0.03   0.97   0.97   0.17   0.18   0.94   0.01   0.32   0.73   0.11   0.82   0.78   0.02   0.94   0.97   0.99   0.70   0.99   0.78   0.78   0.90   0.66   0.65   0.79   0.90   0.71   0.98   0.78   0.84   0.71   0.95   0.97   0.77   0.01   0.82   0.97   
0.05   0.04   0.08   0.10   0.39   0.57   0.15   0.12   0.22   0.08   0.02   0.53   0.97   0.38   0.93   0.08   0.26   0.24   0.03   0.02   0.55   0.17   0.43   0.17   0.22   0.00   0.01   0.00   0.62   0.72   0.18   0.05   0.96   0.92   0.77   0.02   0.99   0.99   0.00   0.08   0.25   0.04   0.04   0.97   0.97   0.24   0.22   0.96   0.01   0.37   0.73   0.13   0.81   0.84   0.03   0.93   0.98   0.99   0.67   0.99   0.70   0.81   0.92   0.68   0.66   0.80   0.91   0.74   0.99   0.72   0.85   0.65   0.95   0.97   0.78   0.01   0.82   0.96   
0.50   0.50   0.50   0.27   0.50   0.91   0.05   0.36   0.50   0.43   0.50   0.15   0.50   0.50   0.53   0.10   0.73   0.50   0.50   0.50   0.01   0.36   0.50   0.50   0.50   0.50   0.50   0.50   0.50   0.50   0.50   0.50   0.50   0.50   0.50   0.50   0.50   0.50   0.50   0.50   0.50   0.50   0.50   0.82   0.23   0.50   0.14   0.50   0.50   0.50   0.50   0.50   0.86   0.68   0.50   0.72   0.29   0.10   0.73   0.50   0.50   0.86   0.50   0.08   0.93   0.29   0.43   0.68   0.50   0.50   0.50   0.50   0.50   0.50   0.45   0.90   0.50   0.23   
0.73   0.77   0.41   0.06   0.60   0.96   0.01   0.09   0.73   0.10   0.73   0.22   0.95   0.02   0.97   0.02   0.64   0.60   0.09   0.02   0.03   0.11   0.73   0.73   0.04   0.04   0.04   0.02   0.73   0.99   0.73   0.73   0.99   0.96   0.97   0.73   0.96   0.96   0.04   0.60   0.73   0.60   0.02   0.99   0.88   0.04   0.03   0.97   0.01   0.02   0.86   0.73   0.98   0.94   0.01   0.98   0.97   0.91   0.88   0.99   0.43   0.98   0.91   0.13   0.98   0.77   0.93   0.91   0.96   0.99   0.96   0.96   0.97   0.96   0.87   0.15   0.97   0.92   

0.40   0.38   0.32   0.39   0.46   0.41   0.40   0.40   0.37   0.41   0.43   0.50   0.43   0.43   0.47   0.40   0.48   0.39   0.44   0.39   0.38   0.53   0.48   0.38   0.51   0.50   0.47   0.50   0.41   0.45   0.40   0.44   0.45   0.42   0.47   0.44   0.50   0.53   0.50   0.43   0.44   0.39   0.42   0.56   0.48   0.39   0.42   0.44   0.50   0.47   0.42   0.40   0.47   0.38   0.39   0.53   0.38   0.50   0.48   0.50   0.53   0.42   0.40   0.41   0.42   0.45   0.45   0.40   0.39   0.51   0.46   0.51   0.47   0.47   0.45   0.50   0.48   0.57   
0.04   0.03   0.05   0.08   0.33   0.43   0.13   0.10   0.14   0.07   0.02   0.63   0.96   0.30   0.93   0.07   0.24   0.17   0.03   0.02   0.53   0.20   0.53   0.12   0.22   0.00   0.01   0.00   0.63   0.72   0.13   0.04   0.94   0.90   0.78   0.03   0.99   0.99   0.00   0.08   0.21   0.03   0.03   0.97   0.97   0.17   0.18   0.94   0.01   0.32   0.73   0.11   0.82   0.78   0.02   0.94   0.97   0.99   0.70   0.99   0.78   0.78   0.90   0.66   0.65   0.79   0.90   0.71   0.98   0.78   0.84   0.71   0.95   0.97   0.77   0.01   0.82   0.97   
0.05   0.04   0.08   0.10   0.39   0.57   0.15   0.12   0.22   0.08   0.02   0.53   0.97   0.38   0.93   0.08   0.26   0.24   0.03   0.02   0.55   0.17   0.43   0.17   0.22   0.00   0.01   0.00   0.62   0.72   0.18   0.05   0.96   0.92   0.77   0.02   0.99   0.99   0.00   0.08   0.25   0.04   0.04   0.97   0.97   0.24   0.22   0.96   0.01   0.37   0.73   0.13   0.81   0.84   0.03   0.93   0.98   0.99   0.67   0.99   0.70   0.81   0.92   0.68   0.66   0.80   0.91   0.74   0.99   0.72   0.85   0.65   0.95   0.97   0.78   0.01   0.82   0.96   
0.50   0.50   0.50   0.22   0.50   0.90   0.50   0.37   0.50   0.46   0.50   0.18   0.50   0.50   0.55   0.13   0.66   0.50   0.50   0.50   0.02   0.35   0.50   0.50   0.50   0.50   0.50   0.50   0.50   0.50   0.50   0.50   0.50   0.50   0.50   0.50   0.50   0.50   0.50   0.50   0.50   0.50   0.50   0.50   0.29   0.50   0.17   0.50   0.50   0.50   0.50   0.50   0.84   0.60   0.50   0.68   0.31   0.14   0.69   0.50   0.50   0.86   0.50   0.17   0.94   0.33   0.45   0.66   0.50   0.50   0.50   0.50   0.50   0.50   0.55   0.85   0.50   0.31   
0.73   0.77   0.41   0.05   0.60   0.95   0.09   0.09   0.73   0.11   0.73   0.25   0.95   0.02   0.98   0.02   0.31   0.60   0.09   0.02   0.04   0.10   0.73   0.73   0.04   0.04   0.04   0.02   0.73   0.99   0.73   0.73   0.99   0.96   0.97   0.73   0.96   0.96   0.04   0.60   0.73   0.60   0.03   0.97   0.91   0.04   0.03   0.97   0.01   0.03   0.86   0.73   0.98   0.92   0.01   0.98   0.97   0.94   0.85   0.99   0.41   0.98   0.91   0.25   0.98   0.81   0.94   0.90   0.96   0.99   0.96   0.96   0.97   0.96   0.91   0.10   0.97   0.95   

0.00   0.00   0.00   0.00   0.00   0.00   0.00   0.00   0.00   0.00   0.00   0.00   0.00   0.00   0.00   0.00   0.00   0.00   0.00   0.00   0.00   0.00   0.00   0.00   0.00   0.00   0.00   0.00   0.00   1.00   0.00   0.00   0.00   1.00   1.00   0.00   1.00   1.00   0.00   0.00   0.00   0.00   0.00   1.00   1.00   1.00   0.00   1.00   0.00   1.00   0.00   0.00   1.00   1.00   1.00   1.00   1.00   1.00   1.00   1.00   1.00   1.00   1.00   1.00   1.00   1.00   1.00   1.00   1.00   1.00   1.00   1.00   1.00   1.00   1.00   1.00   1.00   1.00   