5.00   5.00   5.00   5.00   5.00   5.00   5.00   5.00   5.00   5.00   5.00   5.00   5.00   5.00   5.00   5.00   5.00   5.00   5.00   5.00   5.00   5.00   5.00   5.00   5.00   5.00   5.00   5.00   5.00   5.00   5.00   5.00   5.00   5.00   5.00   5.00   5.00   5.00   5.00   5.00   5.00   5.00   5.00   5.00   5.00   5.00   5.00   5.00   5.00   5.00   5.00   5.00   5.00   5.00   5.00   5.00   5.00   5.00   5.00   5.00   5.00   5.00   5.00   5.00   5.00   5.00   5.00   5.00   5.00   5.00   5.00   5.00   5.00   5.00   5.00   5.00   5.00   5.00   
0.94   0.06   0.94   0.94   0.94   0.94   0.94   0.94   0.94   0.94   0.94   0.94   0.94   0.94   0.94   0.94   0.94   0.94   0.06   0.94   0.94   0.94   0.94   0.94   0.94   0.94   0.01   0.94   0.94   0.94   0.10   0.94   0.94   0.94   0.94   0.06   0.94   0.94   0.10   0.94   0.94   0.06   0.94   0.94   0.94   0.94   0.94   0.94   0.94   0.94   0.10   0.94   0.94   0.06   0.94   0.94   0.06   0.94   0.94   0.94   0.94   0.94   0.10   0.94   0.94   0.94   0.94   0.94   0.94   0.94   0.94   0.10   0.06   0.94   0.94   0.01   0.94   0.94   
0.94   0.06   0.94   0.94   0.94   0.94   0.94   0.94   0.94   0.94   0.94   0.94   0.94   0.94   0.94   0.94   0.94   0.94   0.06   0.94   0.94   0.94   0.94   0.94   0.94   0.94   0.01   0.94   0.94   0.94   0.10   0.94   0.94   0.94   0.94   0.06   0.94   0.94   0.10   0.94   0.94   0.06   0.94   0.94   0.94   0.94   0.94   0.94   0.94   0.94   0.10   0.94   0.94   0.06   0.94   0.94   0.06   0.94   0.94   0.94   0.94   0.94   0.10   0.94   0.94   0.94   0.94   0.94   0.94   0.94   0.94   0.10   0.06   0.94   0.94   0.01   0.94   0.94   
0.34   0.47   0.41   0.35   0.42   0.37   0.34   0.43   0.33   0.41   0.32   0.41   0.38   0.52   0.40   0.44   0.41   0.29   0.36   0.53   0.44   0.37   0.29   0.35   0.48   0.41   0.24   0.43   0.48   0.42   0.33   0.44   0.62   0.62   0.51   0.32   0.48   0.29   0.52   0.60   0.80   0.33   0.45   0.42   0.28   0.31   0.76   0.34   0.61   0.69   0.50   0.31   0.66   0.41   0.33   0.47   0.53   0.51   0.48   0.60   0.66   0.71   0.56   0.69   0.63   0.53   0.58   0.63   0.51   0.60   0.62   0.48   0.46   0.52   0.54   0.50   0.64   0.56   
0.94   0.72   0.96   0.95   0.96   0.95   0.94   0.96   0.94   0.96   0.94   0.96   0.95   0.97   0.96   0.96   0.96   0.93   0.62   0.97   0.96   0.95   0.93   0.95   0.97   0.96   0.01   0.96   0.97   0.96   0.65   0.96   0.98   0.98   0.97   0.57   0.97   0.93   0.80   0.98   0.99   0.59   0.96   0.96   0.93   0.94   0.99   0.94   0.98   0.99   0.79   0.94   0.98   0.66   0.94   0.97   0.76   0.97   0.97   0.98   0.98   0.99   0.82   0.99   0.98   0.97   0.98   0.98   0.97   0.98   0.98   0.77   0.71   0.97   0.97   0.04   0.98   0.98   

5.00   5.00   5.00   5.00   5.00   5.00   5.00   5.00   5.00   5.00   5.00   5.00   5.00   5.00   5.00   5.00   5.00   5.00   5.00   5.00   5.00   5.00   5.00   5.00   5.00   5.00   5.00   5.00   5.00   5.00   5.00   5.00   5.00   5.00   5.00   5.00   5.00   5.00   5.00   5.00   5.00   5.00   5.00   5.00   5.00   5.00   5.00   5.00   5.00   5.00   5.00   5.00   5.00   5.00   5.00   5.00   5.00   5.00   5.00   5.00   5.00   5.00   5.00   5.00   5.00   5.00   5.00   5.00   5.00   5.00   5.00   5.00   5.00   5.00   5.00   5.00   5.00   5.00   
0.91   0.04   0.91   0.91   0.91   0.91   0.91   0.91   0.91   0.91   0.91   0.91   0.91   0.91   0.91   0.91   0.91   0.91   0.04   0.91   0.99   0.91   0.91   0.91   0.91   0.91   0.01   0.91   0.99   0.91   0.25   0.91   0.91   0.91   0.91   0.04   0.91   0.91   0.99   0.91   0.99   0.96   0.91   0.91   0.91   0.91   0.99   0.91   0.91   0.91   0.99   0.91   0.99   0.04   0.99   0.91   0.04   0.91   0.91   0.91   0.91   0.91   0.25   0.91   0.91   0.91   0.91   0.91   0.91   0.91   0.91   0.25   0.04   0.91   0.91   0.01   0.91   0.91   
0.91   0.04   0.91   0.91   0.91   0.91   0.91   0.91   0.91   0.91   0.91   0.91   0.91   0.91   0.91   0.91   0.91   0.91   0.04   0.91   0.99   0.91   0.91   0.91   0.91   0.91   0.01   0.91   0.99   0.91   0.25   0.91   0.91   0.91   0.91   0.04   0.91   0.91   0.99   0.91   0.99   0.96   0.91   0.91   0.91   0.91   0.99   0.91   0.91   0.91   0.99   0.91   0.99   0.04   0.99   0.91   0.04   0.91   0.91   0.91   0.91   0.91   0.25   0.91   0.91   0.91   0.91   0.91   0.91   0.91   0.91   0.25   0.04   0.91   0.91   0.01   0.91   0.91   
0.33   0.47   0.40   0.34   0.41   0.37   0.33   0.42   0.32   0.40   0.30   0.41   0.37   0.52   0.39   0.44   0.40   0.28   0.35   0.53   0.43   0.36   0.28   0.34   0.47   0.40   0.22   0.42   0.47   0.41   0.32   0.44   0.62   0.63   0.51   0.30   0.47   0.28   0.52   0.61   0.81   0.32   0.45   0.42   0.26   0.30   0.77   0.33   0.61   0.69   0.50   0.30   0.67   0.40   0.31   0.47   0.53   0.51   0.48   0.60   0.67   0.72   0.56   0.70   0.63   0.53   0.58   0.63   0.51   0.60   0.62   0.47   0.46   0.52   0.54   0.50   0.64   0.57   
0.89   0.51   0.91   0.89   0.92   0.90   0.89   0.92   0.88   0.91   0.88   0.92   0.91   0.95   0.91   0.93   0.91   0.86   0.08   0.95   0.99   0.90   0.86   0.89   0.94   0.92   0.01   0.92   0.99   0.92   0.24   0.93   0.96   0.96   0.94   0.06   0.94   0.86   0.99   0.96   1.00   0.91   0.93   0.92   0.85   0.87   1.00   0.89   0.96   0.97   0.99   0.87   1.00   0.10   0.99   0.93   0.57   0.94   0.94   0.96   0.97   0.98   0.83   0.97   0.97   0.95   0.96   0.97   0.94   0.96   0.96   0.78   0.50   0.95   0.95   0.02   0.97   0.95   

5.00   5.00   5.00   5.00   5.00   5.00   5.00   5.00   5.00   5.00   5.00   5.00   5.00   5.00   5.00   5.00   5.00   5.00   5.00   5.00   5.00   5.00   5.00   5.00   5.00   5.00   5.00   5.00   5.00   5.00   5.00   5.00   5.00   5.00   5.00   5.00   5.00   5.00   5.00   5.00   5.00   5.00   5.00   5.00   5.00   5.00   5.00   5.00   5.00   5.00   5.00   5.00   5.00   5.00   5.00   5.00   5.00   5.00   5.00   5.00   5.00   5.00   5.00   5.00   5.00   5.00   5.00   5.00   5.00   5.00   5.00   5.00   5.00   5.00   5.00   5.00   5.00   5.00   
0.12   0.01   0.95   0.12   0.95   0.95   0.95   0.95   0.12   0.95   0.95   0.95   0.12   0.95   0.95   0.12   0.95   0.12   0.01   0.12   0.14   0.12   0.12   0.95   0.12   0.95   0.01   0.95   0.96   0.95   0.88   0.95   0.12   0.95   0.95   0.13   0.95   0.12   0.91   0.95   0.96   0.01   0.12   0.95   0.95   0.95   0.14   0.95   0.95   0.12   0.10   0.12   0.96   0.01   0.96   0.12   0.01   0.95   0.12   0.12   0.95   0.12   0.88   0.12   0.95   0.95   0.95   0.12   0.12   0.12   0.95   0.88   0.01   0.95   0.95   0.01   0.12   0.95   
0.12   0.01   0.95   0.12   0.95   0.95   0.95   0.95   0.12   0.95   0.95   0.95   0.12   0.95   0.95   0.12   0.95   0.12   0.01   0.12   0.14   0.12   0.12   0.95   0.12   0.95   0.01   0.95   0.96   0.95   0.88   0.95   0.12   0.95   0.95   0.13   0.95   0.12   0.91   0.95   0.96   0.01   0.12   0.95   0.95   0.95   0.14   0.95   0.95   0.12   0.10   0.12   0.96   0.01   0.96   0.12   0.01   0.95   0.12   0.12   0.95   0.12   0.88   0.12   0.95   0.95   0.95   0.12   0.12   0.12   0.95   0.88   0.01   0.95   0.95   0.01   0.12   0.95   
0.34   0.49   0.41   0.35   0.41   0.38   0.36   0.47   0.34   0.41   0.33   0.42   0.37   0.58   0.41   0.45   0.43   0.28   0.36   0.54   0.45   0.39   0.30   0.39   0.48   0.42   0.50   0.46   0.50   0.42   0.34   0.45   0.63   0.65   0.52   0.30   0.49   0.29   0.53   0.68   0.50   0.37   0.62   0.42   0.29   0.33   0.50   0.37   0.63   0.72   0.55   0.33   0.50   0.40   0.37   0.48   0.54   0.52   0.52   0.63   0.70   0.73   0.57   0.69   0.67   0.55   0.59   0.64   0.51   0.62   0.65   0.49   0.45   0.53   0.53   0.52   0.65   0.58   
0.65   0.06   0.95   0.67   0.95   0.94   0.94   0.96   0.66   0.95   0.93   0.95   0.69   0.97   0.95   0.75   0.95   0.59   0.04   0.82   0.87   0.71   0.61   0.94   0.78   0.95   0.01   0.96   1.00   0.95   0.88   0.95   0.87   0.98   0.97   0.71   0.96   0.61   0.98   0.98   1.00   0.61   0.86   0.95   0.91   0.93   1.00   0.94   0.98   0.90   0.89   0.65   1.00   0.04   0.99   0.78   0.12   0.97   0.80   0.87   0.98   0.91   0.95   0.89   0.98   0.97   0.97   0.87   0.80   0.86   0.98   0.93   0.05   0.97   0.97   0.02   0.87   0.97   

5.00   5.00   5.00   5.00   5.00   5.00   5.00   5.00   5.00   5.00   5.00   5.00   5.00   5.00   5.00   5.00   5.00   5.00   5.00   5.00   5.00   5.00   5.00   5.00   5.00   5.00   5.00   5.00   5.00   5.00   5.00   5.00   5.00   5.00   5.00   5.00   5.00   5.00   5.00   5.00   5.00   5.00   5.00   5.00   5.00   5.00   5.00   5.00   5.00   5.00   5.00   5.00   5.00   5.00   5.00   5.00   5.00   5.00   5.00   5.00   5.00   5.00   5.00   5.00   5.00   5.00   5.00   5.00   5.00   5.00   5.00   5.00   5.00   5.00   5.00   5.00   5.00   5.00   
0.23   0.02   0.95   0.23   0.95   0.95   0.95   0.95   0.23   0.95   0.74   0.74   0.10   0.95   0.95   0.23   0.95   0.23   0.02   0.23   0.32   0.10   0.10   0.95   0.23   0.95   0.02   0.95   0.98   0.95   0.90   0.95   0.23   0.95   0.95   0.29   0.95   0.10   0.96   0.95   0.98   0.03   0.23   0.95   0.95   0.95   0.32   0.74   0.74   0.23   0.26   0.23   0.98   0.01   0.98   0.10   0.01   0.95   0.23   0.10   0.95   0.23   0.90   0.23   0.74   0.95   0.95   0.23   0.23   0.23   0.95   0.90   0.02   0.95   0.95   0.01   0.23   0.95   
0.23   0.02   0.95   0.23   0.95   0.95   0.95   0.95   0.23   0.95   0.74   0.74   0.10   0.95   0.95   0.23   0.95   0.23   0.02   0.23   0.32   0.10   0.10   0.95   0.23   0.95   0.02   0.95   0.98   0.95   0.90   0.95   0.23   0.95   0.95   0.29   0.95   0.10   0.96   0.95   0.98   0.03   0.23   0.95   0.95   0.95   0.32   0.74   0.74   0.23   0.26   0.23   0.98   0.01   0.98   0.10   0.01   0.95   0.23   0.10   0.95   0.23   0.90   0.23   0.74   0.95   0.95   0.23   0.23   0.23   0.95   0.90   0.02   0.95   0.95   0.01   0.23   0.95   
0.28   0.53   0.40   0.30   0.40   0.35   0.32   0.50   0.29   0.39   0.27   0.42   0.34   0.65   0.40   0.46   0.42   0.21   0.33   0.61   0.45   0.37   0.23   0.37   0.51   0.41   0.50   0.47   0.50   0.41   0.28   0.46   0.73   0.75   0.57   0.24   0.52   0.23   0.58   0.79   0.50   0.33   0.71   0.41   0.22   0.28   0.50   0.33   0.72   0.83   0.62   0.27   0.50   0.37   0.33   0.51   0.60   0.57   0.57   0.73   0.81   0.84   0.64   0.80   0.77   0.62   0.67   0.74   0.56   0.71   0.76   0.52   0.46   0.58   0.59   0.57   0.75   0.65   
0.65   0.67   0.95   0.68   0.95   0.94   0.93   0.97   0.66   0.95   0.76   0.86   0.14   0.98   0.95   0.80   0.95   0.56   0.19   0.88   0.90   0.16   0.09   0.94   0.83   0.95   0.01   0.96   1.00   0.95   0.88   0.96   0.93   0.99   0.97   0.74   0.97   0.09   0.99   0.99   1.00   0.74   0.92   0.95   0.89   0.91   1.00   0.81   0.96   0.96   0.94   0.64   1.00   0.03   0.99   0.62   0.06   0.97   0.86   0.81   0.99   0.96   0.97   0.95   0.97   0.98   0.98   0.93   0.86   0.92   0.99   0.95   0.61   0.97   0.98   0.02   0.94   0.98   

5.00   5.00   5.00   5.00   5.00   5.00   5.00   5.00   5.00   5.00   5.00   5.00   5.00   5.00   5.00   5.00   5.00   5.00   5.00   5.00   5.00   5.00   5.00   5.00   5.00   5.00   5.00   5.00   5.00   5.00   5.00   5.00   5.00   5.00   5.00   5.00   5.00   5.00   5.00   5.00   5.00   5.00   5.00   5.00   5.00   5.00   5.00   5.00   5.00   5.00   5.00   5.00   5.00   5.00   5.00   5.00   5.00   5.00   5.00   5.00   5.00   5.00   5.00   5.00   5.00   5.00   5.00   5.00   5.00   5.00   5.00   5.00   5.00   5.00   5.00   5.00   5.00   5.00   
0.12   0.01   0.83   0.12   0.83   0.83   0.83   0.83   0.12   0.83   0.98   0.98   0.93   0.98   0.98   0.12   0.83   0.12   0.01   0.12   0.12   0.12   0.12   0.83   0.12   0.83   0.01   0.83   0.83   0.83   0.77   0.83   0.12   0.83   0.83   0.05   0.83   0.93   0.97   0.98   0.98   0.01   0.93   0.83   0.98   0.98   0.12   0.98   0.98   0.12   0.08   0.93   0.98   0.01   0.83   0.93   0.01   0.98   0.12   0.12   0.98   0.93   0.77   0.12   0.98   0.98   0.83   0.12   0.12   0.12   0.83   0.77   0.01   0.83   0.98   0.01   0.12   0.98   
0.12   0.01   0.83   0.12   0.83   0.83   0.83   0.83   0.12   0.83   0.98   0.98   0.93   0.98   0.98   0.12   0.83   0.12   0.01   0.12   0.12   0.12   0.12   0.83   0.12   0.83   0.01   0.83   0.83   0.83   0.77   0.83   0.12   0.83   0.83   0.05   0.83   0.93   0.97   0.98   0.98   0.01   0.93   0.83   0.98   0.98   0.12   0.98   0.98   0.12   0.08   0.93   0.98   0.01   0.83   0.93   0.01   0.98   0.12   0.12   0.98   0.93   0.77   0.12   0.98   0.98   0.83   0.12   0.12   0.12   0.83   0.77   0.01   0.83   0.98   0.01   0.12   0.98   
0.35   0.50   0.42   0.36   0.42   0.39   0.37   0.48   0.35   0.41   0.34   0.43   0.38   0.58   0.42   0.46   0.43   0.29   0.37   0.55   0.45   0.40   0.31   0.40   0.48   0.43   0.50   0.46   0.50   0.43   0.35   0.46   0.63   0.65   0.53   0.31   0.49   0.31   0.53   0.67   0.50   0.37   0.62   0.43   0.30   0.34   0.50   0.38   0.62   0.71   0.55   0.34   0.50   0.40   0.38   0.48   0.54   0.52   0.52   0.63   0.69   0.72   0.57   0.69   0.66   0.55   0.59   0.64   0.51   0.61   0.65   0.49   0.46   0.53   0.53   0.52   0.65   0.58   
0.60   0.08   0.89   0.61   0.89   0.88   0.87   0.91   0.60   0.89   0.93   0.95   0.80   0.99   0.97   0.70   0.90   0.53   0.05   0.77   0.81   0.20   0.14   0.89   0.72   0.90   0.01   0.91   0.99   0.90   0.83   0.91   0.83   0.96   0.93   0.66   0.92   0.74   0.99   0.99   0.99   0.53   0.93   0.90   0.96   0.96   0.99   0.94   0.98   0.87   0.84   0.80   0.99   0.02   0.93   0.86   0.03   0.98   0.75   0.76   0.99   0.95   0.92   0.86   0.98   0.98   0.94   0.83   0.75   0.82   0.96   0.90   0.07   0.93   0.98   0.01   0.84   0.99   

5.00   5.00   5.00   5.00   5.00   5.00   5.00   5.00   5.00   5.00   5.00   5.00   5.00   5.00   5.00   5.00   5.00   5.00   5.00   5.00   5.00   5.00   5.00   5.00   5.00   5.00   5.00   5.00   5.00   5.00   5.00   5.00   5.00   5.00   5.00   5.00   5.00   5.00   5.00   5.00   5.00   5.00   5.00   5.00   5.00   5.00   5.00   5.00   5.00   5.00   5.00   5.00   5.00   5.00   5.00   5.00   5.00   5.00   5.00   5.00   5.00   5.00   5.00   5.00   5.00   5.00   5.00   5.00   5.00   5.00   5.00   5.00   5.00   5.00   5.00   5.00   5.00   5.00   
0.12   0.01   0.82   0.12   0.82   0.82   0.82   0.82   0.12   0.82   0.98   0.98   0.93   0.98   0.98   0.12   0.82   0.12   0.01   0.12   0.13   0.12   0.12   0.82   0.12   0.82   0.01   0.82   0.82   0.82   0.75   0.82   0.11   0.80   0.80   0.05   0.82   0.93   0.97   0.98   0.98   0.01   0.93   0.82   0.98   0.98   0.13   0.98   0.98   0.11   0.07   0.93   0.98   0.01   0.82   0.93   0.01   0.98   0.12   0.10   0.98   0.92   0.75   0.11   0.98   0.98   0.82   0.11   0.12   0.11   0.82   0.72   0.01   0.80   0.98   0.01   0.11   0.98   
0.12   0.01   0.82   0.12   0.82   0.82   0.82   0.82   0.12   0.82   0.98   0.98   0.93   0.98   0.98   0.12   0.82   0.12   0.01   0.12   0.13   0.12   0.12   0.82   0.12   0.82   0.01   0.82   0.82   0.82   0.75   0.82   0.11   0.80   0.80   0.05   0.82   0.93   0.97   0.98   0.98   0.01   0.93   0.82   0.98   0.98   0.13   0.98   0.98   0.11   0.07   0.93   0.98   0.01   0.82   0.93   0.01   0.98   0.12   0.10   0.98   0.92   0.75   0.11   0.98   0.98   0.82   0.11   0.12   0.11   0.82   0.72   0.01   0.80   0.98   0.01   0.11   0.98   
0.28   0.48   0.38   0.30   0.38   0.34   0.31   0.46   0.29   0.37   0.27   0.39   0.33   0.60   0.38   0.43   0.40   0.22   0.32   0.55   0.42   0.35   0.24   0.35   0.47   0.39   0.50   0.44   0.50   0.39   0.28   0.43   0.66   0.69   0.52   0.24   0.48   0.23   0.53   0.73   0.50   0.32   0.65   0.39   0.23   0.28   0.50   0.32   0.66   0.77   0.56   0.27   0.50   0.36   0.32   0.47   0.55   0.52   0.52   0.66   0.75   0.78   0.58   0.74   0.71   0.56   0.61   0.67   0.51   0.65   0.69   0.48   0.43   0.53   0.54   0.52   0.69   0.60   
0.14   0.04   0.86   0.15   0.86   0.84   0.83   0.90   0.15   0.86   0.87   0.92   0.40   0.98   0.96   0.58   0.87   0.10   0.02   0.70   0.72   0.10   0.06   0.85   0.62   0.87   0.01   0.89   0.99   0.87   0.76   0.89   0.82   0.97   0.94   0.31   0.91   0.29   0.99   0.99   0.99   0.10   0.89   0.87   0.93   0.94   0.99   0.90   0.97   0.89   0.82   0.62   0.99   0.01   0.91   0.74   0.02   0.99   0.67   0.76   0.99   0.95   0.92   0.87   0.98   0.98   0.94   0.83   0.66   0.81   0.96   0.91   0.03   0.94   0.98   0.01   0.84   0.98   

5.00   5.00   5.00   5.00   5.00   5.00   5.00   5.00   5.00   5.00   5.00   5.00   5.00   5.00   5.00   5.00   5.00   5.00   5.00   5.00   5.00   5.00   5.00   5.00   5.00   5.00   5.00   5.00   5.00   5.00   5.00   5.00   5.00   5.00   5.00   5.00   5.00   5.00   5.00   5.00   5.00   5.00   5.00   5.00   5.00   5.00   5.00   5.00   5.00   5.00   5.00   5.00   5.00   5.00   5.00   5.00   5.00   5.00   5.00   5.00   5.00   5.00   5.00   5.00   5.00   5.00   5.00   5.00   5.00   5.00   5.00   5.00   5.00   5.00   5.00   5.00   5.00   5.00   
0.13   0.01   0.76   0.13   0.76   0.76   0.76   0.76   0.13   0.75   0.97   0.97   0.87   0.97   0.98   0.13   0.76   0.13   0.01   0.12   0.13   0.13   0.13   0.76   0.12   0.76   0.01   0.76   0.77   0.76   0.67   0.76   0.11   0.74   0.74   0.08   0.76   0.87   0.95   0.97   0.97   0.01   0.87   0.76   0.98   0.98   0.14   0.97   0.97   0.11   0.08   0.87   0.98   0.01   0.77   0.87   0.01   0.97   0.13   0.11   0.98   0.86   0.65   0.12   0.97   0.98   0.76   0.12   0.13   0.12   0.76   0.62   0.01   0.74   0.98   0.01   0.12   0.98   
0.13   0.01   0.76   0.13   0.76   0.76   0.76   0.76   0.13   0.75   0.97   0.97   0.87   0.97   0.98   0.13   0.76   0.13   0.01   0.12   0.13   0.13   0.13   0.76   0.12   0.76   0.01   0.76   0.77   0.76   0.67   0.76   0.11   0.74   0.74   0.08   0.76   0.87   0.95   0.97   0.97   0.01   0.87   0.76   0.98   0.98   0.14   0.97   0.97   0.11   0.08   0.87   0.98   0.01   0.77   0.87   0.01   0.97   0.13   0.11   0.98   0.86   0.65   0.12   0.97   0.98   0.76   0.12   0.13   0.12   0.76   0.62   0.01   0.74   0.98   0.01   0.12   0.98   
0.18   0.49   0.33   0.22   0.29   0.28   0.31   0.52   0.20   0.31   0.19   0.37   0.25   0.66   0.38   0.44   0.42   0.13   0.24   0.60   0.39   0.30   0.16   0.30   0.48   0.32   0.50   0.40   0.50   0.46   0.21   0.39   0.74   0.82   0.58   0.14   0.51   0.14   0.50   0.86   0.50   0.21   0.76   0.33   0.13   0.17   0.50   0.22   0.75   0.85   0.73   0.28   0.50   0.29   0.26   0.49   0.58   0.57   0.55   0.76   0.85   0.88   0.66   0.82   0.80   0.60   0.69   0.85   0.58   0.78   0.79   0.63   0.39   0.61   0.57   0.55   0.77   0.67   
0.05   0.02   0.70   0.06   0.15   0.14   0.16   0.84   0.05   0.93   0.02   0.06   0.02   0.98   0.75   0.14   0.78   0.03   0.01   0.97   0.96   0.03   0.01   0.15   0.95   0.17   0.01   0.76   0.99   0.80   0.10   0.75   0.99   0.99   0.96   0.01   0.83   0.01   1.00   0.99   0.99   0.02   0.90   0.70   0.07   0.09   0.99   0.03   0.73   1.00   0.99   0.08   0.99   0.00   0.80   0.06   0.01   0.96   0.77   0.94   0.97   0.99   0.98   0.99   0.77   0.88   0.91   0.99   0.79   0.98   0.95   0.99   0.02   0.97   0.87   0.01   0.98   0.91   

5.00   5.00   5.00   5.00   5.00   5.00   5.00   5.00   5.00   5.00   5.00   5.00   5.00   5.00   5.00   5.00   5.00   5.00   5.00   5.00   5.00   5.00   5.00   5.00   5.00   5.00   5.00   5.00   5.00   5.00   5.00   5.00   5.00   5.00   5.00   5.00   5.00   5.00   5.00   5.00   5.00   5.00   5.00   5.00   5.00   5.00   5.00   5.00   5.00   5.00   5.00   5.00   5.00   5.00   5.00   5.00   5.00   5.00   5.00   5.00   5.00   5.00   5.00   5.00   5.00   5.00   5.00   5.00   5.00   5.00   5.00   5.00   5.00   5.00   5.00   5.00   5.00   5.00   
0.10   0.01   0.13   0.10   0.13   0.13   0.13   0.13   0.10   0.81   0.05   0.05   0.05   0.83   0.16   0.10   0.13   0.10   0.01   0.79   0.86   0.04   0.04   0.13   0.79   0.13   0.01   0.13   0.67   0.13   0.20   0.13   0.99   0.94   0.94   0.01   0.13   0.05   0.99   0.91   0.96   0.02   0.12   0.13   0.16   0.16   0.85   0.05   0.22   0.99   0.98   0.78   0.72   0.01   0.67   0.17   0.01   0.98   0.75   0.93   0.80   0.97   0.91   0.94   0.05   0.80   0.78   0.97   0.10   0.97   0.13   0.99   0.01   0.97   0.16   0.01   0.94   0.80   
0.10   0.01   0.13   0.10   0.13   0.13   0.13   0.13   0.10   0.81   0.05   0.05   0.05   0.83   0.16   0.10   0.13   0.10   0.01   0.79   0.86   0.04   0.04   0.13   0.79   0.13   0.01   0.13   0.67   0.13   0.20   0.13   0.99   0.94   0.94   0.01   0.13   0.05   0.99   0.91   0.96   0.02   0.12   0.13   0.16   0.16   0.85   0.05   0.22   0.99   0.98   0.78   0.72   0.01   0.67   0.17   0.01   0.98   0.75   0.93   0.80   0.97   0.91   0.94   0.05   0.80   0.78   0.97   0.10   0.97   0.13   0.99   0.01   0.97   0.16   0.01   0.94   0.80   
0.16   0.47   0.42   0.28   0.36   0.31   0.42   0.58   0.26   0.36   0.19   0.42   0.27   0.65   0.41   0.54   0.48   0.19   0.30   0.64   0.44   0.32   0.16   0.38   0.51   0.35   0.50   0.41   0.50   0.55   0.29   0.43   0.50   0.86   0.64   0.50   0.58   0.16   0.50   0.50   0.50   0.20   0.75   0.39   0.16   0.22   0.50   0.29   0.77   0.50   0.75   0.41   0.50   0.50   0.24   0.55   0.57   0.61   0.57   0.77   0.83   0.89   0.68   0.81   0.79   0.61   0.73   0.84   0.66   0.78   0.77   0.50   0.40   0.69   0.62   0.60   0.78   0.67   
0.03   0.02   0.69   0.06   0.12   0.10   0.69   0.81   0.05   0.87   0.03   0.08   0.03   0.96   0.74   0.16   0.74   0.04   0.01   0.95   0.93   0.03   0.01   0.12   0.92   0.11   0.01   0.14   0.99   0.80   0.09   0.70   0.99   0.99   0.98   0.02   0.81   0.02   1.00   0.94   0.99   0.01   0.89   0.13   0.06   0.08   0.99   0.05   0.92   0.99   0.99   0.81   0.99   0.01   0.28   0.75   0.03   0.98   0.87   0.98   0.97   1.00   0.98   0.99   0.82   0.92   0.95   0.99   0.80   0.99   0.91   0.99   0.01   0.99   0.87   0.04   0.99   0.94   

5.00   5.00   5.00   5.00   5.00   5.00   5.00   5.00   5.00   5.00   5.00   5.00   5.00   5.00   5.00   5.00   5.00   5.00   5.00   5.00   5.00   5.00   5.00   5.00   5.00   5.00   5.00   5.00   5.00   5.00   5.00   5.00   5.00   5.00   5.00   5.00   5.00   5.00   5.00   5.00   5.00   5.00   5.00   5.00   5.00   5.00   5.00   5.00   5.00   5.00   5.00   5.00   5.00   5.00   5.00   5.00   5.00   5.00   5.00   5.00   5.00   5.00   5.00   5.00   5.00   5.00   5.00   5.00   5.00   5.00   5.00   5.00   5.00   5.00   5.00   5.00   5.00   5.00   
0.09   0.01   0.11   0.09   0.11   0.11   0.11   0.11   0.09   0.43   0.19   0.19   0.15   0.81   0.25   0.65   0.11   0.09   0.01   0.76   0.45   0.05   0.05   0.11   0.76   0.11   0.01   0.11   0.18   0.11   0.11   0.11   0.99   0.58   0.83   0.01   0.11   0.15   0.98   0.95   0.67   0.01   0.22   0.66   0.25   0.25   0.88   0.19   0.89   0.99   0.81   0.69   0.74   0.68   0.18   0.88   0.68   0.98   0.87   0.95   0.91   0.97   0.75   0.57   0.19   0.70   0.65   0.80   0.09   0.96   0.66   0.99   0.01   0.96   0.72   0.00   0.82   0.91   
0.09   0.01   0.11   0.09   0.11   0.11   0.11   0.11   0.09   0.43   0.19   0.19   0.15   0.81   0.25   0.65   0.11   0.09   0.01   0.76   0.45   0.05   0.05   0.11   0.76   0.11   0.01   0.11   0.18   0.11   0.11   0.11   0.99   0.58   0.83   0.01   0.11   0.15   0.98   0.95   0.67   0.01   0.22   0.66   0.25   0.25   0.88   0.19   0.89   0.99   0.81   0.69   0.74   0.68   0.18   0.88   0.68   0.98   0.87   0.95   0.91   0.97   0.75   0.57   0.19   0.70   0.65   0.80   0.09   0.96   0.66   0.99   0.01   0.96   0.72   0.00   0.82   0.91   
0.08   0.42   0.33   0.18   0.27   0.20   0.35   0.62   0.16   0.26   0.09   0.34   0.17   0.66   0.37   0.50   0.47   0.10   0.19   0.67   0.38   0.23   0.07   0.35   0.46   0.26   0.50   0.33   0.50   0.52   0.20   0.36   0.50   0.91   0.65   0.50   0.58   0.07   0.50   0.50   0.50   0.10   0.79   0.29   0.07   0.12   0.50   0.20   0.82   0.50   0.50   0.39   0.50   0.50   0.15   0.53   0.54   0.60   0.56   0.80   0.88   0.50   0.72   0.87   0.85   0.62   0.79   0.50   0.67   0.87   0.83   0.50   0.31   0.73   0.63   0.62   0.82   0.68   
0.01   0.01   0.05   0.02   0.03   0.02   0.05   0.60   0.02   0.16   0.01   0.04   0.02   0.92   0.09   0.78   0.08   0.01   0.00   0.92   0.63   0.01   0.00   0.05   0.82   0.03   0.02   0.05   0.99   0.10   0.04   0.05   0.99   0.98   0.95   0.01   0.56   0.01   1.00   0.90   0.99   0.01   0.81   0.38   0.01   0.02   0.99   0.02   0.98   0.99   0.99   0.69   0.99   0.00   0.07   0.91   0.82   0.98   0.92   0.99   0.99   0.98   0.93   0.96   0.83   0.85   0.92   0.97   0.65   1.00   0.94   0.99   0.00   0.99   0.87   0.88   0.98   0.96   

5.00   5.00   5.00   5.00   5.00   5.00   5.00   5.00   5.00   5.00   5.00   5.00   5.00   5.00   5.00   5.00   5.00   5.00   5.00   5.00   5.00   5.00   5.00   5.00   5.00   5.00   5.00   5.00   5.00   5.00   5.00   5.00   5.00   5.00   5.00   5.00   5.00   5.00   5.00   5.00   5.00   5.00   5.00   5.00   5.00   5.00   5.00   5.00   5.00   5.00   5.00   5.00   5.00   5.00   5.00   5.00   5.00   5.00   5.00   5.00   5.00   5.00   5.00   5.00   5.00   5.00   5.00   5.00   5.00   5.00   5.00   5.00   5.00   5.00   5.00   5.00   5.00   5.00   
0.08   0.01   0.12   0.08   0.12   0.12   0.12   0.12   0.08   0.37   0.18   0.18   0.13   0.76   0.24   0.57   0.12   0.08   0.01   0.69   0.39   0.05   0.05   0.12   0.69   0.12   0.01   0.12   0.20   0.62   0.10   0.12   0.99   0.56   0.90   0.01   0.12   0.13   0.93   0.97   0.83   0.01   0.18   0.60   0.24   0.24   0.83   0.18   0.93   0.93   0.89   0.64   0.86   0.56   0.65   0.93   0.56   0.99   0.92   0.96   0.94   0.92   0.70   0.53   0.18   0.84   0.81   0.77   0.08   0.90   0.60   0.99   0.01   0.98   0.84   0.00   0.89   0.85   
0.08   0.01   0.12   0.08   0.12   0.12   0.12   0.12   0.08   0.37   0.18   0.18   0.13   0.76   0.24   0.57   0.12   0.08   0.01   0.69   0.39   0.05   0.05   0.12   0.69   0.12   0.01   0.12   0.20   0.62   0.10   0.12   0.99   0.56   0.90   0.01   0.12   0.13   0.93   0.97   0.83   0.01   0.18   0.60   0.24   0.24   0.83   0.18   0.93   0.93   0.89   0.64   0.86   0.56   0.65   0.93   0.56   0.99   0.92   0.96   0.94   0.92   0.70   0.53   0.18   0.84   0.81   0.77   0.08   0.90   0.60   0.99   0.01   0.98   0.84   0.00   0.89   0.85   
0.04   0.44   0.29   0.14   0.22   0.16   0.27   0.64   0.11   0.23   0.07   0.31   0.11   0.62   0.35   0.49   0.55   0.03   0.50   0.75   0.31   0.20   0.50   0.37   0.39   0.18   0.50   0.32   0.50   0.54   0.16   0.37   0.50   0.95   0.67   0.50   0.61   0.50   0.50   0.50   0.50   0.07   0.85   0.26   0.04   0.05   0.50   0.19   0.89   0.50   0.50   0.39   0.50   0.50   0.10   0.51   0.51   0.58   0.53   0.88   0.94   0.50   0.75   0.93   0.90   0.67   0.86   0.50   0.73   0.50   0.89   0.50   0.50   0.80   0.67   0.61   0.88   0.71   
0.00   0.01   0.04   0.01   0.03   0.02   0.04   0.51   0.01   0.08   0.01   0.04   0.01   0.80   0.08   0.39   0.12   0.00   0.01   0.86   0.20   0.01   0.05   0.06   0.39   0.02   0.01   0.05   0.99   0.71   0.03   0.06   0.98   0.97   0.95   0.01   0.17   0.08   1.00   0.88   0.99   0.00   0.79   0.20   0.01   0.01   0.99   0.02   0.99   0.98   0.99   0.33   0.99   0.00   0.16   0.89   0.36   0.98   0.91   0.99   0.99   0.97   0.87   0.96   0.83   0.90   0.96   0.96   0.59   0.97   0.93   0.99   0.01   0.99   0.91   0.48   0.99   0.90   

5.00   5.00   5.00   5.00   5.00   5.00   5.00   5.00   5.00   5.00   5.00   5.00   5.00   5.00   5.00   5.00   5.00   5.00   5.00   5.00   5.00   5.00   5.00   5.00   5.00   5.00   5.00   5.00   5.00   5.00   5.00   5.00   5.00   5.00   5.00   5.00   5.00   5.00   5.00   5.00   5.00   5.00   5.00   5.00   5.00   5.00   5.00   5.00   5.00   5.00   5.00   5.00   5.00   5.00   5.00   5.00   5.00   5.00   5.00   5.00   5.00   5.00   5.00   5.00   5.00   5.00   5.00   5.00   5.00   5.00   5.00   5.00   5.00   5.00   5.00   5.00   5.00   5.00   
0.05   0.01   0.06   0.05   0.38   0.06   0.06   0.06   0.05   0.46   0.10   0.45   0.40   0.76   0.11   0.15   0.06   0.05   0.01   0.19   0.13   0.04   0.04   0.38   0.19   0.38   0.01   0.06   0.47   0.80   0.39   0.06   0.99   0.22   0.95   0.01   0.06   0.40   0.94   0.98   0.94   0.22   0.42   0.17   0.47   0.11   0.83   0.10   0.97   0.91   0.96   0.24   0.94   0.45   0.84   0.96   0.16   0.99   0.95   0.98   0.97   0.92   0.73   0.59   0.45   0.93   0.91   0.80   0.05   0.89   0.59   0.99   0.01   0.98   0.92   0.00   0.94   0.86   
0.05   0.01   0.06   0.05   0.38   0.06   0.06   0.06   0.05   0.46   0.10   0.45   0.40   0.76   0.11   0.15   0.06   0.05   0.01   0.19   0.13   0.04   0.04   0.38   0.19   0.38   0.01   0.06   0.47   0.80   0.39   0.06   0.99   0.22   0.95   0.01   0.06   0.40   0.94   0.98   0.94   0.22   0.42   0.17   0.47   0.11   0.83   0.10   0.97   0.91   0.96   0.24   0.94   0.45   0.84   0.96   0.16   0.99   0.95   0.98   0.97   0.92   0.73   0.59   0.45   0.93   0.91   0.80   0.05   0.89   0.59   0.99   0.01   0.98   0.92   0.00   0.94   0.86   
0.50   0.44   0.35   0.21   0.27   0.21   0.30   0.59   0.15   0.30   0.08   0.32   0.13   0.60   0.37   0.53   0.55   0.50   0.50   0.72   0.35   0.26   0.50   0.39   0.44   0.24   0.50   0.34   0.50   0.51   0.19   0.38   0.50   0.93   0.66   0.50   0.62   0.50   0.50   0.50   0.50   0.50   0.81   0.30   0.06   0.09   0.50   0.24   0.86   0.50   0.50   0.40   0.50   0.50   0.13   0.57   0.56   0.63   0.54   0.50   0.50   0.50   0.73   0.91   0.88   0.65   0.85   0.50   0.69   0.50   0.85   0.50   0.50   0.78   0.68   0.64   0.87   0.67   
0.06   0.01   0.04   0.02   0.14   0.02   0.03   0.09   0.01   0.20   0.01   0.18   0.06   0.80   0.06   0.23   0.08   0.06   0.01   0.66   0.11   0.01   0.04   0.22   0.22   0.12   0.02   0.03   0.99   0.75   0.11   0.04   0.98   0.93   0.96   0.01   0.10   0.08   1.00   0.90   0.99   0.04   0.83   0.11   0.03   0.01   0.99   0.03   0.99   0.98   0.99   0.21   0.99   0.00   0.23   0.94   0.28   0.99   0.93   0.97   0.93   0.98   0.89   0.96   0.89   0.92   0.97   0.97   0.11   0.97   0.92   0.99   0.01   0.99   0.93   0.74   0.99   0.90   

5.00   5.00   5.00   5.00   5.00   5.00   5.00   5.00   5.00   5.00   5.00   5.00   5.00   5.00   5.00   5.00   5.00   5.00   5.00   5.00   5.00   5.00   5.00   5.00   5.00   5.00   5.00   5.00   5.00   5.00   5.00   5.00   5.00   5.00   5.00   5.00   5.00   5.00   5.00   5.00   5.00   5.00   5.00   5.00   5.00   5.00   5.00   5.00   5.00   5.00   5.00   5.00   5.00   5.00   5.00   5.00   5.00   5.00   5.00   5.00   5.00   5.00   5.00   5.00   5.00   5.00   5.00   5.00   5.00   5.00   5.00   5.00   5.00   5.00   5.00   5.00   5.00   5.00   
0.04   0.01   0.06   0.04   0.55   0.06   0.06   0.06   0.04   0.29   0.07   0.26   0.24   0.80   0.09   0.40   0.06   0.04   0.01   0.45   0.11   0.04   0.04   0.24   0.19   0.24   0.01   0.06   0.28   0.79   0.24   0.06   0.99   0.48   0.95   0.01   0.06   0.24   0.96   0.98   0.94   0.11   0.58   0.16   0.28   0.09   0.85   0.07   0.96   0.94   0.96   0.21   0.93   0.28   0.54   0.95   0.13   0.99   0.94   0.98   0.96   0.94   0.78   0.73   0.58   0.91   0.89   0.85   0.28   0.92   0.70   0.99   0.01   0.99   0.91   0.00   0.95   0.88   
0.04   0.01   0.06   0.04   0.55   0.06   0.06   0.06   0.04   0.29   0.07   0.26   0.24   0.80   0.09   0.40   0.06   0.04   0.01   0.45   0.11   0.04   0.04   0.24   0.19   0.24   0.01   0.06   0.28   0.79   0.24   0.06   0.99   0.48   0.95   0.01   0.06   0.24   0.96   0.98   0.94   0.11   0.58   0.16   0.28   0.09   0.85   0.07   0.96   0.94   0.96   0.21   0.93   0.28   0.54   0.95   0.13   0.99   0.94   0.98   0.96   0.94   0.78   0.73   0.58   0.91   0.89   0.85   0.28   0.92   0.70   0.99   0.01   0.99   0.91   0.00   0.95   0.88   
0.50   0.50   0.25   0.19   0.20   0.13   0.26   0.63   0.12   0.29   0.06   0.24   0.09   0.61   0.37   0.55   0.54   0.50   0.50   0.71   0.30   0.16   0.50   0.36   0.47   0.16   0.50   0.28   0.50   0.51   0.14   0.38   0.50   0.94   0.70   0.50   0.63   0.50   0.50   0.50   0.50   0.50   0.80   0.25   0.03   0.06   0.50   0.17   0.89   0.50   0.50   0.42   0.50   0.50   0.10   0.55   0.52   0.70   0.49   0.50   0.50   0.50   0.75   0.92   0.87   0.63   0.84   0.50   0.69   0.50   0.89   0.50   0.50   0.50   0.69   0.63   0.87   0.68   
0.06   0.01   0.02   0.01   0.18   0.01   0.02   0.09   0.01   0.13   0.00   0.08   0.02   0.86   0.04   0.62   0.06   0.06   0.01   0.80   0.07   0.01   0.04   0.13   0.21   0.05   0.01   0.02   0.99   0.81   0.05   0.03   0.98   0.97   0.98   0.01   0.09   0.07   1.00   0.90   0.99   0.02   0.88   0.07   0.01   0.00   0.99   0.01   0.99   0.98   0.99   0.16   0.99   0.00   0.11   0.95   0.17   0.99   0.93   0.98   0.95   0.98   0.92   0.98   0.92   0.93   0.97   0.98   0.65   0.98   0.96   0.99   0.01   0.98   0.95   0.56   0.99   0.92   

5.00   5.00   5.00   5.00   5.00   5.00   5.00   5.00   5.00   5.00   5.00   5.00   5.00   5.00   5.00   5.00   5.00   5.00   5.00   5.00   5.00   5.00   5.00   5.00   5.00   5.00   5.00   5.00   5.00   5.00   5.00   5.00   5.00   5.00   5.00   5.00   5.00   5.00   5.00   5.00   5.00   5.00   5.00   5.00   5.00   5.00   5.00   5.00   5.00   5.00   5.00   5.00   5.00   5.00   5.00   5.00   5.00   5.00   5.00   5.00   5.00   5.00   5.00   5.00   5.00   5.00   5.00   5.00   5.00   5.00   5.00   5.00   5.00   5.00   5.00   5.00   5.00   5.00   
0.21   0.01   0.04   0.04   0.42   0.04   0.04   0.04   0.21   0.42   0.05   0.17   0.17   0.62   0.06   0.38   0.04   0.04   0.01   0.62   0.29   0.03   0.03   0.16   0.20   0.16   0.01   0.04   0.20   0.79   0.17   0.04   0.99   0.65   0.95   0.01   0.04   0.17   0.97   0.97   0.93   0.09   0.44   0.34   0.19   0.06   0.88   0.05   0.95   0.96   0.96   0.21   0.91   0.45   0.40   0.95   0.33   0.99   0.94   0.98   0.96   0.95   0.82   0.79   0.64   0.91   0.89   0.88   0.45   0.94   0.54   0.99   0.01   0.99   0.90   0.00   0.95   0.89   
0.21   0.01   0.04   0.04   0.42   0.04   0.04   0.04   0.21   0.42   0.05   0.17   0.17   0.62   0.06   0.38   0.04   0.04   0.01   0.62   0.29   0.03   0.03   0.16   0.20   0.16   0.01   0.04   0.20   0.79   0.17   0.04   0.99   0.65   0.95   0.01   0.04   0.17   0.97   0.97   0.93   0.09   0.44   0.34   0.19   0.06   0.88   0.05   0.95   0.96   0.96   0.21   0.91   0.45   0.40   0.95   0.33   0.99   0.94   0.98   0.96   0.95   0.82   0.79   0.64   0.91   0.89   0.88   0.45   0.94   0.54   0.99   0.01   0.99   0.90   0.00   0.95   0.89   
0.50   0.50   0.32   0.27   0.21   0.21   0.30   0.66   0.50   0.29   0.50   0.28   0.10   0.63   0.36   0.57   0.57   0.50   0.50   0.67   0.34   0.15   0.50   0.39   0.57   0.20   0.50   0.30   0.50   0.55   0.16   0.46   0.50   0.95   0.76   0.50   0.65   0.50   0.50   0.50   0.50   0.50   0.81   0.33   0.04   0.50   0.50   0.24   0.88   0.50   0.50   0.42   0.50   0.50   0.11   0.62   0.49   0.50   0.51   0.50   0.50   0.50   0.75   0.91   0.85   0.68   0.84   0.50   0.69   0.50   0.87   0.50   0.50   0.50   0.71   0.64   0.85   0.76   
0.06   0.01   0.02   0.02   0.14   0.01   0.02   0.09   0.05   0.21   0.05   0.07   0.02   0.77   0.04   0.43   0.06   0.06   0.01   0.81   0.19   0.01   0.04   0.11   0.27   0.05   0.01   0.02   0.99   0.84   0.04   0.04   0.98   0.98   0.98   0.01   0.08   0.07   1.00   0.90   0.99   0.04   0.83   0.20   0.01   0.07   0.99   0.02   0.99   0.98   0.99   0.16   0.99   0.00   0.09   0.96   0.33   0.99   0.93   0.97   0.94   0.98   0.93   0.98   0.92   0.94   0.97   0.97   0.72   0.98   0.91   0.99   0.01   0.98   0.95   0.70   0.99   0.95   

5.00   5.00   5.00   5.00   5.00   5.00   5.00   5.00   5.00   5.00   5.00   5.00   5.00   5.00   5.00   5.00   5.00   5.00   5.00   5.00   5.00   5.00   5.00   5.00   5.00   5.00   5.00   5.00   5.00   5.00   5.00   5.00   5.00   5.00   5.00   5.00   5.00   5.00   5.00   5.00   5.00   5.00   5.00   5.00   5.00   5.00   5.00   5.00   5.00   5.00   5.00   5.00   5.00   5.00   5.00   5.00   5.00   5.00   5.00   5.00   5.00   5.00   5.00   5.00   5.00   5.00   5.00   5.00   5.00   5.00   5.00   5.00   5.00   5.00   5.00   5.00   5.00   5.00   
0.23   0.01   0.03   0.05   0.42   0.03   0.03   0.03   0.23   0.39   0.06   0.15   0.17   0.58   0.05   0.39   0.05   0.05   0.01   0.63   0.27   0.02   0.02   0.17   0.17   0.17   0.01   0.03   0.20   0.79   0.18   0.05   0.99   0.67   0.95   0.01   0.03   0.17   0.97   0.97   0.93   0.10   0.41   0.31   0.17   0.07   0.89   0.06   0.95   0.96   0.97   0.19   0.89   0.47   0.36   0.95   0.35   0.99   0.93   0.98   0.95   0.96   0.83   0.81   0.65   0.91   0.89   0.90   0.46   0.95   0.50   0.99   0.01   0.99   0.87   0.00   0.95   0.89   
0.23   0.01   0.03   0.05   0.42   0.03   0.03   0.03   0.23   0.39   0.06   0.15   0.17   0.58   0.05   0.39   0.05   0.05   0.01   0.63   0.27   0.02   0.02   0.17   0.17   0.17   0.01   0.03   0.20   0.79   0.18   0.05   0.99   0.67   0.95   0.01   0.03   0.17   0.97   0.97   0.93   0.10   0.41   0.31   0.17   0.07   0.89   0.06   0.95   0.96   0.97   0.19   0.89   0.47   0.36   0.95   0.35   0.99   0.93   0.98   0.95   0.96   0.83   0.81   0.65   0.91   0.89   0.90   0.46   0.95   0.50   0.99   0.01   0.99   0.87   0.00   0.95   0.89   
0.50   0.50   0.33   0.23   0.20   0.23   0.29   0.69   0.50   0.29   0.50   0.28   0.09   0.65   0.36   0.57   0.56   0.50   0.50   0.69   0.34   0.50   0.50   0.41   0.58   0.19   0.50   0.29   0.50   0.56   0.14   0.43   0.50   0.96   0.78   0.50   0.65   0.50   0.50   0.50   0.50   0.50   0.85   0.30   0.04   0.50   0.50   0.25   0.91   0.50   0.50   0.41   0.50   0.50   0.10   0.64   0.47   0.50   0.52   0.50   0.50   0.50   0.77   0.93   0.90   0.73   0.86   0.50   0.68   0.50   0.89   0.50   0.50   0.50   0.73   0.65   0.87   0.79   
0.06   0.01   0.02   0.02   0.14   0.01   0.01   0.07   0.04   0.18   0.05   0.06   0.02   0.76   0.03   0.44   0.08   0.06   0.01   0.84   0.17   0.03   0.04   0.13   0.23   0.05   0.01   0.01   0.99   0.85   0.04   0.05   0.98   0.98   0.99   0.01   0.06   0.07   1.00   0.90   0.99   0.04   0.85   0.16   0.01   0.06   0.99   0.02   0.99   0.98   0.99   0.13   0.99   0.00   0.07   0.96   0.32   0.99   0.92   0.98   0.94   0.98   0.94   0.98   0.95   0.96   0.98   0.98   0.73   0.98   0.92   0.99   0.01   0.98   0.95   0.73   0.99   0.96   

5.00   5.00   5.00   5.00   5.00   5.00   5.00   5.00   5.00   5.00   5.00   5.00   5.00   5.00   5.00   5.00   5.00   5.00   5.00   5.00   5.00   5.00   5.00   5.00   5.00   5.00   5.00   5.00   5.00   5.00   5.00   5.00   5.00   5.00   5.00   5.00   5.00   5.00   5.00   5.00   5.00   5.00   5.00   5.00   5.00   5.00   5.00   5.00   5.00   5.00   5.00   5.00   5.00   5.00   5.00   5.00   5.00   5.00   5.00   5.00   5.00   5.00   5.00   5.00   5.00   5.00   5.00   5.00   5.00   5.00   5.00   5.00   5.00   5.00   5.00   5.00   5.00   5.00   
0.22   0.01   0.03   0.05   0.42   0.02   0.02   0.03   0.19   0.35   0.06   0.15   0.18   0.58   0.05   0.38   0.05   0.05   0.01   0.62   0.24   0.02   0.02   0.17   0.14   0.17   0.01   0.02   0.21   0.80   0.15   0.05   0.99   0.66   0.95   0.01   0.02   0.18   0.97   0.97   0.93   0.11   0.38   0.27   0.17   0.06   0.89   0.06   0.95   0.96   0.97   0.17   0.90   0.46   0.36   0.95   0.34   0.99   0.93   0.98   0.95   0.95   0.83   0.81   0.65   0.91   0.90   0.90   0.46   0.95   0.50   0.99   0.01   0.99   0.87   0.00   0.94   0.90   
0.22   0.01   0.03   0.05   0.42   0.02   0.02   0.03   0.19   0.35   0.06   0.15   0.18   0.58   0.05   0.38   0.05   0.05   0.01   0.62   0.24   0.02   0.02   0.17   0.14   0.17   0.01   0.02   0.21   0.80   0.15   0.05   0.99   0.66   0.95   0.01   0.02   0.18   0.97   0.97   0.93   0.11   0.38   0.27   0.17   0.06   0.89   0.06   0.95   0.96   0.97   0.17   0.90   0.46   0.36   0.95   0.34   0.99   0.93   0.98   0.95   0.95   0.83   0.81   0.65   0.91   0.90   0.90   0.46   0.95   0.50   0.99   0.01   0.99   0.87   0.00   0.94   0.90   
0.50   0.50   0.28   0.21   0.16   0.19   0.25   0.66   0.50   0.25   0.50   0.24   0.08   0.62   0.30   0.53   0.51   0.50   0.50   0.67   0.31   0.50   0.50   0.34   0.56   0.16   0.50   0.25   0.50   0.54   0.11   0.40   0.50   0.96   0.78   0.50   0.63   0.50   0.50   0.50   0.50   0.50   0.83   0.27   0.03   0.50   0.50   0.17   0.50   0.50   0.50   0.35   0.50   0.50   0.09   0.59   0.45   0.50   0.50   0.50   0.50   0.50   0.75   0.92   0.89   0.70   0.86   0.50   0.66   0.50   0.87   0.50   0.50   0.50   0.70   0.64   0.86   0.77   
0.05   0.01   0.02   0.02   0.11   0.00   0.01   0.08   0.04   0.13   0.05   0.05   0.02   0.74   0.02   0.40   0.08   0.05   0.01   0.82   0.12   0.03   0.04   0.11   0.17   0.04   0.01   0.01   0.99   0.84   0.03   0.05   0.98   0.98   0.99   0.01   0.03   0.06   1.00   0.89   0.99   0.03   0.80   0.11   0.01   0.06   0.99   0.02   0.94   0.98   0.99   0.08   0.99   0.00   0.06   0.96   0.30   0.99   0.91   0.98   0.94   0.98   0.94   0.98   0.95   0.95   0.98   0.98   0.71   0.98   0.90   0.99   0.01   0.98   0.94   0.71   0.99   0.96   

5.00   5.00   5.00   5.00   5.00   5.00   5.00   5.00   5.00   5.00   5.00   5.00   5.00   5.00   5.00   5.00   5.00   5.00   5.00   5.00   5.00   5.00   5.00   5.00   5.00   5.00   5.00   5.00   5.00   5.00   5.00   5.00   5.00   5.00   5.00   5.00   5.00   5.00   5.00   5.00   5.00   5.00   5.00   5.00   5.00   5.00   5.00   5.00   5.00   5.00   5.00   5.00   5.00   5.00   5.00   5.00   5.00   5.00   5.00   5.00   5.00   5.00   5.00   5.00   5.00   5.00   5.00   5.00   5.00   5.00   5.00   5.00   5.00   5.00   5.00   5.00   5.00   5.00   
0.23   0.01   0.05   0.05   0.45   0.02   0.02   0.03   0.18   0.34   0.08   0.15   0.18   0.61   0.05   0.37   0.05   0.05   0.01   0.64   0.23   0.02   0.02   0.20   0.13   0.20   0.01   0.02   0.24   0.79   0.15   0.05   0.99   0.65   0.96   0.02   0.03   0.20   0.97   0.97   0.94   0.13   0.40   0.26   0.17   0.05   0.90   0.06   0.95   0.97   0.97   0.16   0.89   0.46   0.39   0.95   0.33   0.98   0.94   0.98   0.95   0.94   0.85   0.83   0.68   0.92   0.91   0.91   0.45   0.95   0.50   0.99   0.01   0.99   0.87   0.00   0.93   0.89   
0.23   0.01   0.05   0.05   0.45   0.02   0.02   0.03   0.18   0.34   0.08   0.15   0.18   0.61   0.05   0.37   0.05   0.05   0.01   0.64   0.23   0.02   0.02   0.20   0.13   0.20   0.01   0.02   0.24   0.79   0.15   0.05   0.99   0.65   0.96   0.02   0.03   0.20   0.97   0.97   0.94   0.13   0.40   0.26   0.17   0.05   0.90   0.06   0.95   0.97   0.97   0.16   0.89   0.46   0.39   0.95   0.33   0.98   0.94   0.98   0.95   0.94   0.85   0.83   0.68   0.92   0.91   0.91   0.45   0.95   0.50   0.99   0.01   0.99   0.87   0.00   0.93   0.89   
0.50   0.50   0.27   0.20   0.13   0.50   0.22   0.57   0.50   0.20   0.50   0.24   0.06   0.49   0.30   0.56   0.54   0.50   0.50   0.68   0.27   0.50   0.50   0.25   0.50   0.15   0.50   0.50   0.50   0.52   0.11   0.32   0.50   0.97   0.76   0.50   0.65   0.50   0.50   0.50   0.50   0.50   0.78   0.29   0.50   0.50   0.50   0.15   0.50   0.50   0.50   0.34   0.50   0.50   0.05   0.56   0.39   0.50   0.46   0.50   0.50   0.50   0.74   0.94   0.81   0.67   0.88   0.50   0.71   0.50   0.87   0.50   0.50   0.50   0.71   0.67   0.90   0.70   
0.05   0.01   0.03   0.02   0.11   0.02   0.01   0.05   0.04   0.09   0.05   0.05   0.01   0.66   0.02   0.41   0.08   0.05   0.01   0.84   0.09   0.03   0.04   0.09   0.12   0.05   0.01   0.02   0.99   0.82   0.02   0.04   0.98   0.99   0.99   0.01   0.09   0.06   1.00   0.90   0.99   0.03   0.77   0.10   0.17   0.06   0.99   0.01   0.94   0.98   0.99   0.07   0.99   0.00   0.04   0.94   0.21   0.99   0.91   0.98   0.94   0.98   0.94   0.99   0.92   0.95   0.99   0.98   0.73   0.98   0.90   0.99   0.01   0.98   0.93   0.70   0.99   0.93   

5.00   5.00   5.00   5.00   5.00   5.00   5.00   5.00   5.00   5.00   5.00   5.00   5.00   5.00   5.00   5.00   5.00   5.00   5.00   5.00   5.00   5.00   5.00   5.00   5.00   5.00   5.00   5.00   5.00   5.00   5.00   5.00   5.00   5.00   5.00   5.00   5.00   5.00   5.00   5.00   5.00   5.00   5.00   5.00   5.00   5.00   5.00   5.00   5.00   5.00   5.00   5.00   5.00   5.00   5.00   5.00   5.00   5.00   5.00   5.00   5.00   5.00   5.00   5.00   5.00   5.00   5.00   5.00   5.00   5.00   5.00   5.00   5.00   5.00   5.00   5.00   5.00   5.00   
0.23   0.01   0.04   0.04   0.40   0.02   0.10   0.03   0.29   0.34   0.07   0.12   0.14   0.67   0.04   0.36   0.04   0.04   0.01   0.73   0.35   0.02   0.02   0.17   0.26   0.17   0.01   0.02   0.21   0.82   0.13   0.04   0.99   0.73   0.96   0.02   0.03   0.17   0.98   0.98   0.94   0.11   0.37   0.27   0.14   0.05   0.92   0.05   0.95   0.97   0.97   0.15   0.84   0.44   0.46   0.90   0.43   0.98   0.89   0.98   0.95   0.95   0.87   0.77   0.61   0.92   0.85   0.86   0.43   0.95   0.57   0.99   0.01   0.96   0.89   0.00   0.95   0.90   
0.23   0.01   0.04   0.04   0.40   0.02   0.10   0.03   0.29   0.34   0.07   0.12   0.14   0.67   0.04   0.36   0.04   0.04   0.01   0.73   0.35   0.02   0.02   0.17   0.26   0.17   0.01   0.02   0.21   0.82   0.13   0.04   0.99   0.73   0.96   0.02   0.03   0.17   0.98   0.98   0.94   0.11   0.37   0.27   0.14   0.05   0.92   0.05   0.95   0.97   0.97   0.15   0.84   0.44   0.46   0.90   0.43   0.98   0.89   0.98   0.95   0.95   0.87   0.77   0.61   0.92   0.85   0.86   0.43   0.95   0.57   0.99   0.01   0.96   0.89   0.00   0.95   0.90   
0.50   0.50   0.25   0.21   0.20   0.50   0.50   0.63   0.50   0.27   0.50   0.27   0.09   0.59   0.33   0.57   0.61   0.50   0.50   0.77   0.31   0.50   0.50   0.38   0.50   0.20   0.50   0.50   0.50   0.51   0.14   0.41   0.50   0.95   0.74   0.50   0.66   0.50   0.50   0.50   0.50   0.50   0.83   0.35   0.50   0.50   0.50   0.24   0.50   0.50   0.50   0.33   0.50   0.50   0.13   0.58   0.40   0.50   0.54   0.50   0.50   0.50   0.75   0.96   0.82   0.77   0.86   0.50   0.70   0.50   0.85   0.50   0.50   0.50   0.71   0.66   0.89   0.71   
0.06   0.01   0.02   0.02   0.14   0.02   0.02   0.06   0.04   0.12   0.04   0.05   0.02   0.77   0.02   0.40   0.09   0.06   0.01   0.91   0.17   0.03   0.03   0.13   0.23   0.06   0.01   0.02   0.99   0.83   0.03   0.04   0.98   0.98   0.99   0.01   0.08   0.06   1.00   0.89   0.99   0.04   0.79   0.14   0.16   0.06   0.99   0.02   0.93   0.98   0.99   0.06   0.99   0.00   0.13   0.91   0.29   0.98   0.89   0.97   0.93   0.98   0.95   0.99   0.90   0.97   0.97   0.97   0.69   0.98   0.90   0.99   0.01   0.98   0.94   0.68   0.99   0.94   

5.00   5.00   5.00   5.00   5.00   5.00   5.00   5.00   5.00   5.00   5.00   5.00   5.00   5.00   5.00   5.00   5.00   5.00   5.00   5.00   5.00   5.00   5.00   5.00   5.00   5.00   5.00   5.00   5.00   5.00   5.00   5.00   5.00   5.00   5.00   5.00   5.00   5.00   5.00   5.00   5.00   5.00   5.00   5.00   5.00   5.00   5.00   5.00   5.00   5.00   5.00   5.00   5.00   5.00   5.00   5.00   5.00   5.00   5.00   5.00   5.00   5.00   5.00   5.00   5.00   5.00   5.00   5.00   5.00   5.00   5.00   5.00   5.00   5.00   5.00   5.00   5.00   5.00   
0.21   0.01   0.03   0.06   0.39   0.03   0.13   0.04   0.27   0.37   0.09   0.15   0.17   0.71   0.06   0.39   0.06   0.03   0.01   0.75   0.39   0.01   0.03   0.20   0.29   0.20   0.01   0.02   0.23   0.79   0.11   0.04   0.99   0.74   0.96   0.01   0.02   0.19   0.98   0.98   0.95   0.09   0.40   0.30   0.13   0.07   0.92   0.04   0.96   0.97   0.97   0.18   0.85   0.41   0.49   0.88   0.40   0.99   0.90   0.97   0.96   0.96   0.88   0.78   0.64   0.93   0.86   0.86   0.40   0.94   0.61   0.99   0.01   0.96   0.90   0.00   0.93   0.91   
0.21   0.01   0.03   0.06   0.39   0.03   0.13   0.04   0.27   0.37   0.09   0.15   0.17   0.71   0.06   0.39   0.06   0.03   0.01   0.75   0.39   0.01   0.03   0.20   0.29   0.20   0.01   0.02   0.23   0.79   0.11   0.04   0.99   0.74   0.96   0.01   0.02   0.19   0.98   0.98   0.95   0.09   0.40   0.30   0.13   0.07   0.92   0.04   0.96   0.97   0.97   0.18   0.85   0.41   0.49   0.88   0.40   0.99   0.90   0.97   0.96   0.96   0.88   0.78   0.64   0.93   0.86   0.86   0.40   0.94   0.61   0.99   0.01   0.96   0.90   0.00   0.93   0.91   
0.50   0.50   0.23   0.19   0.18   0.50   0.50   0.61   0.50   0.25   0.50   0.25   0.08   0.56   0.30   0.55   0.59   0.50   0.50   0.75   0.29   0.50   0.50   0.36   0.47   0.19   0.50   0.50   0.50   0.49   0.13   0.39   0.50   0.95   0.72   0.50   0.64   0.50   0.50   0.50   0.50   0.50   0.82   0.33   0.50   0.50   0.50   0.22   0.50   0.50   0.50   0.31   0.50   0.50   0.12   0.55   0.37   0.50   0.52   0.50   0.50   0.50   0.73   0.95   0.81   0.75   0.85   0.50   0.68   0.50   0.84   0.50   0.50   0.50   0.69   0.64   0.89   0.69   
0.06   0.01   0.02   0.02   0.12   0.02   0.02   0.07   0.04   0.12   0.05   0.05   0.02   0.77   0.03   0.39   0.10   0.06   0.01   0.90   0.17   0.03   0.04   0.13   0.22   0.06   0.01   0.02   0.99   0.80   0.02   0.03   0.98   0.98   0.98   0.01   0.07   0.06   1.00   0.89   0.99   0.04   0.79   0.13   0.16   0.06   0.99   0.02   0.93   0.98   0.99   0.06   0.99   0.00   0.13   0.89   0.26   0.98   0.89   0.97   0.93   0.98   0.94   0.99   0.90   0.97   0.97   0.97   0.65   0.98   0.90   0.99   0.01   0.98   0.94   0.64   0.99   0.93   

5.00   5.00   5.00   5.00   5.00   5.00   5.00   5.00   5.00   5.00   5.00   5.00   5.00   5.00   5.00   5.00   5.00   5.00   5.00   5.00   5.00   5.00   5.00   5.00   5.00   5.00   5.00   5.00   5.00   5.00   5.00   5.00   5.00   5.00   5.00   5.00   5.00   5.00   5.00   5.00   5.00   5.00   5.00   5.00   5.00   5.00   5.00   5.00   5.00   5.00   5.00   5.00   5.00   5.00   5.00   5.00   5.00   5.00   5.00   5.00   5.00   5.00   5.00   5.00   5.00   5.00   5.00   5.00   5.00   5.00   5.00   5.00   5.00   5.00   5.00   5.00   5.00   5.00   
0.17   0.01   0.03   0.04   0.33   0.03   0.10   0.03   0.22   0.30   0.07   0.12   0.13   0.63   0.05   0.33   0.05   0.03   0.01   0.68   0.32   0.01   0.02   0.15   0.23   0.15   0.01   0.01   0.18   0.73   0.09   0.03   0.99   0.82   0.97   0.01   0.02   0.15   0.98   0.98   0.96   0.07   0.34   0.24   0.10   0.05   0.95   0.03   0.97   0.98   0.97   0.13   0.90   0.33   0.41   0.92   0.33   0.99   0.93   0.98   0.97   0.89   0.81   0.70   0.57   0.95   0.79   0.78   0.35   0.95   0.53   0.99   0.01   0.90   0.83   0.00   0.95   0.94   
0.17   0.01   0.03   0.04   0.33   0.03   0.10   0.03   0.22   0.30   0.07   0.12   0.13   0.63   0.05   0.33   0.05   0.03   0.01   0.68   0.32   0.01   0.02   0.15   0.23   0.15   0.01   0.01   0.18   0.73   0.09   0.03   0.99   0.82   0.97   0.01   0.02   0.15   0.98   0.98   0.96   0.07   0.34   0.24   0.10   0.05   0.95   0.03   0.97   0.98   0.97   0.13   0.90   0.33   0.41   0.92   0.33   0.99   0.93   0.98   0.97   0.89   0.81   0.70   0.57   0.95   0.79   0.78   0.35   0.95   0.53   0.99   0.01   0.90   0.83   0.00   0.95   0.94   
0.50   0.50   0.23   0.19   0.18   0.50   0.50   0.65   0.50   0.26   0.50   0.25   0.07   0.61   0.31   0.59   0.64   0.50   0.50   0.80   0.30   0.50   0.50   0.37   0.51   0.18   0.50   0.50   0.50   0.52   0.12   0.41   0.50   0.97   0.77   0.50   0.68   0.50   0.50   0.50   0.50   0.50   0.86   0.34   0.50   0.50   0.50   0.22   0.50   0.50   0.50   0.32   0.50   0.50   0.11   0.60   0.39   0.50   0.56   0.50   0.50   0.50   0.78   0.97   0.86   0.80   0.89   0.50   0.73   0.50   0.88   0.50   0.50   0.50   0.74   0.69   0.92   0.74   
0.05   0.01   0.02   0.01   0.10   0.02   0.02   0.07   0.04   0.10   0.04   0.04   0.01   0.77   0.02   0.40   0.10   0.05   0.01   0.91   0.15   0.02   0.03   0.12   0.21   0.05   0.01   0.02   0.99   0.79   0.02   0.03   0.98   0.99   0.99   0.01   0.06   0.06   1.00   0.89   0.99   0.03   0.83   0.13   0.14   0.06   0.99   0.01   0.94   0.98   0.99   0.06   0.99   0.00   0.10   0.93   0.25   0.99   0.93   0.98   0.94   0.98   0.94   0.99   0.91   0.98   0.97   0.98   0.70   0.98   0.91   0.99   0.01   0.98   0.93   0.66   0.99   0.96   

5.00   5.00   5.00   5.00   5.00   5.00   5.00   5.00   5.00   5.00   5.00   5.00   5.00   5.00   5.00   5.00   5.00   5.00   5.00   5.00   5.00   5.00   5.00   5.00   5.00   5.00   5.00   5.00   5.00   5.00   5.00   5.00   5.00   5.00   5.00   5.00   5.00   5.00   5.00   5.00   5.00   5.00   5.00   5.00   5.00   5.00   5.00   5.00   5.00   5.00   5.00   5.00   5.00   5.00   5.00   5.00   5.00   5.00   5.00   5.00   5.00   5.00   5.00   5.00   5.00   5.00   5.00   5.00   5.00   5.00   5.00   5.00   5.00   5.00   5.00   5.00   5.00   5.00   
0.17   0.01   0.03   0.04   0.33   0.03   0.10   0.03   0.22   0.30   0.07   0.12   0.13   0.63   0.05   0.33   0.05   0.03   0.01   0.68   0.32   0.01   0.02   0.15   0.23   0.15   0.01   0.01   0.18   0.73   0.09   0.03   0.99   0.82   0.97   0.01   0.02   0.15   0.98   0.98   0.96   0.07   0.34   0.24   0.10   0.05   0.95   0.03   0.97   0.98   0.97   0.13   0.90   0.33   0.41   0.92   0.33   0.99   0.93   0.98   0.97   0.89   0.81   0.70   0.57   0.95   0.79   0.78   0.35   0.95   0.53   0.99   0.01   0.90   0.83   0.00   0.95   0.94   
0.17   0.01   0.03   0.04   0.33   0.03   0.10   0.03   0.22   0.30   0.07   0.12   0.13   0.63   0.05   0.33   0.05   0.03   0.01   0.68   0.32   0.01   0.02   0.15   0.23   0.15   0.01   0.01   0.18   0.73   0.09   0.03   0.99   0.82   0.97   0.01   0.02   0.15   0.98   0.98   0.96   0.07   0.34   0.24   0.10   0.05   0.95   0.03   0.97   0.98   0.97   0.13   0.90   0.33   0.41   0.92   0.33   0.99   0.93   0.98   0.97   0.89   0.81   0.70   0.57   0.95   0.79   0.78   0.35   0.95   0.53   0.99   0.01   0.90   0.83   0.00   0.95   0.94   
0.50   0.50   0.23   0.23   0.23   0.50   0.50   0.59   0.50   0.25   0.50   0.23   0.09   0.59   0.33   0.58   0.58   0.50   0.50   0.70   0.31   0.50   0.50   0.36   0.56   0.20   0.50   0.50   0.50   0.45   0.13   0.43   0.50   0.95   0.76   0.50   0.61   0.50   0.50   0.50   0.50   0.50   0.80   0.34   0.50   0.50   0.50   0.23   0.50   0.50   0.50   0.30   0.50   0.50   0.12   0.53   0.38   0.50   0.50   0.50   0.50   0.50   0.73   0.95   0.85   0.73   0.85   0.50   0.71   0.50   0.87   0.50   0.50   0.50   0.73   0.64   0.50   0.72   
0.06   0.01   0.02   0.02   0.13   0.02   0.02   0.06   0.04   0.10   0.04   0.04   0.02   0.75   0.03   0.39   0.09   0.06   0.01   0.86   0.16   0.03   0.04   0.11   0.25   0.05   0.01   0.02   0.99   0.72   0.02   0.03   0.98   0.99   0.99   0.01   0.05   0.06   1.00   0.89   0.99   0.03   0.74   0.12   0.14   0.06   0.99   0.01   0.93   0.98   0.99   0.05   0.99   0.00   0.10   0.91   0.22   0.99   0.91   0.97   0.93   0.98   0.92   0.98   0.90   0.97   0.96   0.97   0.66   0.98   0.90   0.99   0.01   0.98   0.93   0.47   0.94   0.96   

0.00   0.00   0.00   0.00   0.00   0.00   0.00   0.00   0.00   0.00   0.00   0.00   0.00   0.00   0.00   0.00   0.00   0.00   0.00   0.00   0.00   0.00   0.00   0.00   0.00   0.00   0.00   0.00   0.00   1.00   0.00   0.00   1.00   1.00   1.00   0.00   0.00   0.00   1.00   1.00   1.00   0.00   0.00   0.00   0.00   0.00   1.00   0.00   1.00   1.00   1.00   0.00   1.00   0.00   0.00   1.00   1.00   1.00   1.00   1.00   1.00   1.00   1.00   1.00   1.00   1.00   1.00   1.00   1.00   1.00   1.00   1.00   1.00   1.00   1.00   1.00   1.00   1.00   