5.00   5.00   5.00   5.00   5.00   5.00   5.00   5.00   5.00   5.00   5.00   5.00   5.00   5.00   5.00   5.00   5.00   5.00   5.00   5.00   5.00   5.00   5.00   5.00   5.00   5.00   5.00   5.00   5.00   5.00   5.00   5.00   5.00   5.00   5.00   5.00   5.00   5.00   5.00   5.00   5.00   5.00   5.00   5.00   5.00   5.00   5.00   5.00   5.00   5.00   5.00   5.00   5.00   5.00   5.00   5.00   5.00   5.00   5.00   5.00   5.00   5.00   5.00   5.00   5.00   5.00   5.00   5.00   5.00   5.00   5.00   5.00   5.00   5.00   5.00   5.00   5.00   5.00   
0.05   0.05   0.05   0.92   0.93   0.05   0.92   0.05   0.05   0.92   0.05   0.92   0.92   0.92   0.05   0.05   0.05   0.05   0.93   0.05   0.05   0.92   0.05   0.05   0.92   0.92   0.92   0.05   0.05   0.92   0.92   0.05   0.92   0.92   0.05   0.92   0.05   0.92   0.99   0.92   0.99   0.99   0.05   0.92   0.05   0.05   0.05   0.92   0.05   0.99   0.92   0.05   0.92   0.05   0.92   0.92   0.92   0.92   0.92   0.92   0.92   0.92   0.92   0.92   0.92   0.92   0.92   0.92   0.05   0.92   0.92   0.99   0.92   0.92   0.92   0.92   0.92   0.92   
0.05   0.05   0.05   0.92   0.93   0.05   0.92   0.05   0.05   0.92   0.05   0.92   0.92   0.92   0.05   0.05   0.05   0.05   0.93   0.05   0.05   0.92   0.05   0.05   0.92   0.92   0.92   0.05   0.05   0.92   0.92   0.05   0.92   0.92   0.05   0.92   0.05   0.92   0.99   0.92   0.99   0.99   0.05   0.92   0.05   0.05   0.05   0.92   0.05   0.99   0.92   0.05   0.92   0.05   0.92   0.92   0.92   0.92   0.92   0.92   0.92   0.92   0.92   0.92   0.92   0.92   0.92   0.92   0.05   0.92   0.92   0.99   0.92   0.92   0.92   0.92   0.92   0.92   
0.12   0.09   0.79   0.62   0.19   0.77   0.02   0.87   0.05   0.68   0.35   0.14   0.13   0.90   0.38   0.33   0.24   0.04   0.54   0.18   0.14   0.44   0.11   0.19   0.24   0.56   0.12   0.35   0.07   0.39   0.26   0.81   0.19   0.62   0.39   0.89   0.45   0.03   0.67   0.71   0.98   0.07   0.73   0.30   0.34   0.03   0.10   0.98   0.49   0.96   0.48   0.01   0.63   0.75   0.56   0.79   0.14   0.82   0.81   0.83   0.93   0.91   0.95   0.97   0.85   0.76   0.92   0.96   0.66   0.44   0.98   0.72   0.78   0.63   0.32   0.92   0.94   0.51   
0.01   0.00   0.79   0.95   0.67   0.77   0.04   0.87   0.00   0.96   0.02   0.23   0.21   0.99   0.03   0.02   0.01   0.00   0.91   0.01   0.01   0.90   0.01   0.01   0.78   0.93   0.19   0.02   0.00   0.88   0.80   0.81   0.73   0.95   0.03   0.99   0.03   0.04   1.00   0.97   1.00   0.91   0.73   0.83   0.02   0.00   0.00   1.00   0.04   1.00   0.91   0.00   0.95   0.75   0.94   0.98   0.23   0.98   0.98   0.98   0.99   0.99   1.00   1.00   0.98   0.97   0.99   1.00   0.66   0.90   1.00   1.00   0.98   0.95   0.84   0.99   0.99   0.92   

5.00   5.00   5.00   5.00   5.00   5.00   5.00   5.00   5.00   5.00   5.00   5.00   5.00   5.00   5.00   5.00   5.00   5.00   5.00   5.00   5.00   5.00   5.00   5.00   5.00   5.00   5.00   5.00   5.00   5.00   5.00   5.00   5.00   5.00   5.00   5.00   5.00   5.00   5.00   5.00   5.00   5.00   5.00   5.00   5.00   5.00   5.00   5.00   5.00   5.00   5.00   5.00   5.00   5.00   5.00   5.00   5.00   5.00   5.00   5.00   5.00   5.00   5.00   5.00   5.00   5.00   5.00   5.00   5.00   5.00   5.00   5.00   5.00   5.00   5.00   5.00   5.00   5.00   
0.03   0.03   0.03   0.38   0.27   0.03   0.38   0.03   0.03   0.91   0.03   0.38   0.38   0.91   0.03   0.03   0.03   0.03   0.64   0.03   0.03   0.38   0.03   0.48   0.38   0.91   0.38   0.03   0.03   0.91   0.38   0.03   0.91   0.91   0.48   0.91   0.03   0.38   0.99   0.91   0.99   0.99   0.03   0.38   0.03   0.03   0.03   0.91   0.03   0.99   0.38   0.03   0.91   0.03   0.91   0.91   0.91   0.38   0.91   0.91   0.38   0.91   0.38   0.38   0.91   0.38   0.91   0.38   0.03   0.38   0.91   0.99   0.91   0.91   0.38   0.38   0.91   0.91   
0.03   0.03   0.03   0.38   0.27   0.03   0.38   0.03   0.03   0.91   0.03   0.38   0.38   0.91   0.03   0.03   0.03   0.03   0.64   0.03   0.03   0.38   0.03   0.48   0.38   0.91   0.38   0.03   0.03   0.91   0.38   0.03   0.91   0.91   0.48   0.91   0.03   0.38   0.99   0.91   0.99   0.99   0.03   0.38   0.03   0.03   0.03   0.91   0.03   0.99   0.38   0.03   0.91   0.03   0.91   0.91   0.91   0.38   0.91   0.91   0.38   0.91   0.38   0.38   0.91   0.38   0.91   0.38   0.03   0.38   0.91   0.99   0.91   0.91   0.38   0.38   0.91   0.91   
0.50   0.50   0.75   0.50   0.12   0.69   0.01   0.85   0.50   0.68   0.16   0.12   0.07   0.88   0.41   0.19   0.15   0.50   0.43   0.08   0.04   0.26   0.50   0.09   0.13   0.68   0.05   0.16   0.50   0.44   0.11   0.69   0.17   0.64   0.46   0.92   0.27   0.01   0.50   0.80   0.50   0.02   0.55   0.18   0.20   0.50   0.50   0.50   0.40   0.50   0.30   0.50   0.57   0.61   0.40   0.63   0.08   0.90   0.87   0.82   0.96   0.89   0.50   0.50   0.74   0.77   0.92   0.50   0.75   0.44   0.50   0.50   0.93   0.72   0.22   0.86   0.50   0.55   
0.03   0.03   0.60   0.69   0.03   0.52   0.00   0.73   0.03   0.98   0.01   0.07   0.03   0.99   0.02   0.01   0.01   0.03   0.78   0.00   0.00   0.15   0.03   0.11   0.07   0.98   0.03   0.01   0.03   0.95   0.06   0.53   0.82   0.98   0.72   1.00   0.01   0.00   0.99   0.99   0.99   0.03   0.04   0.10   0.01   0.03   0.03   0.94   0.02   0.99   0.18   0.03   0.97   0.05   0.94   0.98   0.25   0.95   0.99   0.99   0.98   0.99   0.94   0.94   0.99   0.88   1.00   0.94   0.60   0.63   0.94   0.99   1.00   0.98   0.13   0.93   0.94   0.97   

5.00   5.00   5.00   5.00   5.00   5.00   5.00   5.00   5.00   5.00   5.00   5.00   5.00   5.00   5.00   5.00   5.00   5.00   5.00   5.00   5.00   5.00   5.00   5.00   5.00   5.00   5.00   5.00   5.00   5.00   5.00   5.00   5.00   5.00   5.00   5.00   5.00   5.00   5.00   5.00   5.00   5.00   5.00   5.00   5.00   5.00   5.00   5.00   5.00   5.00   5.00   5.00   5.00   5.00   5.00   5.00   5.00   5.00   5.00   5.00   5.00   5.00   5.00   5.00   5.00   5.00   5.00   5.00   5.00   5.00   5.00   5.00   5.00   5.00   5.00   5.00   5.00   5.00   
0.03   0.03   0.03   0.52   0.09   0.03   0.20   0.03   0.03   0.50   0.03   0.20   0.20   0.50   0.03   0.03   0.03   0.03   0.23   0.03   0.03   0.20   0.03   0.16   0.20   0.93   0.20   0.03   0.03   0.50   0.20   0.03   0.93   0.93   0.16   0.50   0.03   0.20   0.99   0.93   0.99   0.99   0.03   0.20   0.03   0.03   0.03   0.93   0.17   0.99   0.52   0.03   0.93   0.17   0.93   0.93   0.50   0.52   0.93   0.93   0.52   0.93   0.20   0.20   0.93   0.20   0.93   0.52   0.03   0.20   0.93   0.99   0.50   0.93   0.20   0.52   0.50   0.93   
0.03   0.03   0.03   0.52   0.09   0.03   0.20   0.03   0.03   0.50   0.03   0.20   0.20   0.50   0.03   0.03   0.03   0.03   0.23   0.03   0.03   0.20   0.03   0.16   0.20   0.93   0.20   0.03   0.03   0.50   0.20   0.03   0.93   0.93   0.16   0.50   0.03   0.20   0.99   0.93   0.99   0.99   0.03   0.20   0.03   0.03   0.03   0.93   0.17   0.99   0.52   0.03   0.93   0.17   0.93   0.93   0.50   0.52   0.93   0.93   0.52   0.93   0.20   0.20   0.93   0.20   0.93   0.52   0.03   0.20   0.93   0.99   0.50   0.93   0.20   0.52   0.50   0.93   
0.50   0.50   0.67   0.53   0.17   0.80   0.50   0.91   0.50   0.88   0.50   0.12   0.04   0.50   0.32   0.15   0.50   0.50   0.50   0.50   0.50   0.20   0.50   0.08   0.10   0.81   0.06   0.50   0.50   0.53   0.07   0.75   0.30   0.78   0.61   0.50   0.13   0.50   0.50   0.82   0.50   0.01   0.49   0.26   0.12   0.50   0.50   0.50   0.35   0.50   0.34   0.50   0.81   0.65   0.57   0.65   0.08   0.94   0.50   0.88   0.98   0.50   0.50   0.50   0.74   0.73   0.50   0.50   0.78   0.47   0.50   0.50   0.50   0.70   0.46   0.92   0.50   0.65   
0.03   0.03   0.06   0.85   0.03   0.59   0.72   0.77   0.03   0.97   0.03   0.05   0.02   0.97   0.02   0.01   0.03   0.03   0.64   0.03   0.03   0.09   0.03   0.04   0.04   0.99   0.02   0.03   0.03   0.84   0.03   0.09   0.94   0.99   0.68   0.97   0.00   0.72   0.99   0.99   0.99   0.00   0.03   0.12   0.00   0.03   0.03   0.94   0.26   0.99   0.73   0.03   0.99   0.73   0.98   0.98   0.12   0.99   0.97   1.00   1.00   0.97   0.94   0.94   0.99   0.79   0.97   0.94   0.11   0.26   0.94   0.99   0.97   0.99   0.26   0.98   0.94   0.98   

5.00   5.00   5.00   5.00   5.00   5.00   5.00   5.00   5.00   5.00   5.00   5.00   5.00   5.00   5.00   5.00   5.00   5.00   5.00   5.00   5.00   5.00   5.00   5.00   5.00   5.00   5.00   5.00   5.00   5.00   5.00   5.00   5.00   5.00   5.00   5.00   5.00   5.00   5.00   5.00   5.00   5.00   5.00   5.00   5.00   5.00   5.00   5.00   5.00   5.00   5.00   5.00   5.00   5.00   5.00   5.00   5.00   5.00   5.00   5.00   5.00   5.00   5.00   5.00   5.00   5.00   5.00   5.00   5.00   5.00   5.00   5.00   5.00   5.00   5.00   5.00   5.00   5.00   
0.02   0.02   0.02   0.42   0.08   0.02   0.16   0.02   0.02   0.39   0.02   0.16   0.16   0.39   0.02   0.02   0.02   0.02   0.21   0.02   0.02   0.16   0.02   0.14   0.16   0.95   0.16   0.02   0.02   0.39   0.16   0.02   0.72   0.95   0.34   0.70   0.02   0.16   0.99   0.95   0.99   0.99   0.02   0.16   0.02   0.02   0.02   0.95   0.16   0.99   0.42   0.02   0.72   0.16   0.95   0.95   0.39   0.72   0.95   0.72   0.72   0.72   0.16   0.16   0.95   0.16   0.95   0.42   0.02   0.16   0.72   0.99   0.39   0.72   0.16   0.42   0.39   0.95   
0.02   0.02   0.02   0.42   0.08   0.02   0.16   0.02   0.02   0.39   0.02   0.16   0.16   0.39   0.02   0.02   0.02   0.02   0.21   0.02   0.02   0.16   0.02   0.14   0.16   0.95   0.16   0.02   0.02   0.39   0.16   0.02   0.72   0.95   0.34   0.70   0.02   0.16   0.99   0.95   0.99   0.99   0.02   0.16   0.02   0.02   0.02   0.95   0.16   0.99   0.42   0.02   0.72   0.16   0.95   0.95   0.39   0.72   0.95   0.72   0.72   0.72   0.16   0.16   0.95   0.16   0.95   0.42   0.02   0.16   0.72   0.99   0.39   0.72   0.16   0.42   0.39   0.95   
0.50   0.50   0.61   0.53   0.14   0.78   0.50   0.87   0.50   0.89   0.50   0.10   0.02   0.50   0.21   0.50   0.50   0.50   0.41   0.50   0.50   0.30   0.50   0.08   0.08   0.87   0.08   0.50   0.50   0.61   0.02   0.38   0.38   0.84   0.73   0.50   0.50   0.50   0.50   0.50   0.50   0.50   0.39   0.24   0.50   0.50   0.50   0.50   0.23   0.50   0.31   0.50   0.69   0.70   0.61   0.62   0.06   0.94   0.50   0.50   0.50   0.50   0.50   0.50   0.80   0.60   0.50   0.50   0.81   0.60   0.50   0.50   0.50   0.76   0.50   0.90   0.50   0.78   
0.03   0.03   0.04   0.78   0.02   0.09   0.68   0.66   0.03   0.96   0.03   0.03   0.01   0.96   0.01   0.03   0.03   0.03   0.51   0.03   0.03   0.12   0.03   0.04   0.03   1.00   0.02   0.03   0.03   0.82   0.01   0.02   0.85   1.00   0.89   0.96   0.03   0.68   0.99   0.97   0.99   0.65   0.02   0.09   0.03   0.03   0.03   0.94   0.12   0.99   0.35   0.03   0.95   0.71   0.99   0.99   0.07   0.99   0.96   0.97   0.80   0.96   0.94   0.94   1.00   0.32   0.96   0.94   0.11   0.32   0.94   0.99   0.96   0.97   0.24   0.96   0.94   0.99   

5.00   5.00   5.00   5.00   5.00   5.00   5.00   5.00   5.00   5.00   5.00   5.00   5.00   5.00   5.00   5.00   5.00   5.00   5.00   5.00   5.00   5.00   5.00   5.00   5.00   5.00   5.00   5.00   5.00   5.00   5.00   5.00   5.00   5.00   5.00   5.00   5.00   5.00   5.00   5.00   5.00   5.00   5.00   5.00   5.00   5.00   5.00   5.00   5.00   5.00   5.00   5.00   5.00   5.00   5.00   5.00   5.00   5.00   5.00   5.00   5.00   5.00   5.00   5.00   5.00   5.00   5.00   5.00   5.00   5.00   5.00   5.00   5.00   5.00   5.00   5.00   5.00   5.00   
0.02   0.02   0.02   0.43   0.10   0.02   0.18   0.02   0.02   0.64   0.02   0.18   0.18   0.39   0.02   0.02   0.02   0.02   0.27   0.02   0.02   0.18   0.02   0.17   0.18   0.97   0.18   0.02   0.02   0.39   0.18   0.02   0.62   0.81   0.61   0.83   0.02   0.18   0.99   0.97   0.99   0.99   0.02   0.18   0.02   0.02   0.02   0.81   0.21   0.99   0.67   0.02   0.83   0.41   0.97   0.97   0.64   0.85   0.97   0.83   0.85   0.83   0.44   0.18   0.97   0.18   0.97   0.67   0.02   0.44   0.62   0.99   0.64   0.83   0.18   0.67   0.64   0.97   
0.02   0.02   0.02   0.43   0.10   0.02   0.18   0.02   0.02   0.64   0.02   0.18   0.18   0.39   0.02   0.02   0.02   0.02   0.27   0.02   0.02   0.18   0.02   0.17   0.18   0.97   0.18   0.02   0.02   0.39   0.18   0.02   0.62   0.81   0.61   0.83   0.02   0.18   0.99   0.97   0.99   0.99   0.02   0.18   0.02   0.02   0.02   0.81   0.21   0.99   0.67   0.02   0.83   0.41   0.97   0.97   0.64   0.85   0.97   0.83   0.85   0.83   0.44   0.18   0.97   0.18   0.97   0.67   0.02   0.44   0.62   0.99   0.64   0.83   0.18   0.67   0.64   0.97   
0.50   0.50   0.60   0.48   0.13   0.82   0.50   0.89   0.50   0.91   0.50   0.16   0.50   0.50   0.17   0.50   0.50   0.50   0.56   0.50   0.50   0.31   0.50   0.06   0.04   0.50   0.11   0.50   0.50   0.71   0.01   0.26   0.46   0.50   0.90   0.50   0.50   0.50   0.50   0.50   0.50   0.50   0.28   0.27   0.50   0.50   0.50   0.50   0.21   0.50   0.32   0.50   0.74   0.64   0.81   0.70   0.05   0.96   0.50   0.50   0.50   0.50   0.50   0.50   0.50   0.71   0.50   0.50   0.83   0.91   0.50   0.50   0.50   0.83   0.65   0.90   0.50   0.50   
0.03   0.03   0.04   0.43   0.02   0.11   0.69   0.67   0.03   0.98   0.03   0.05   0.22   0.96   0.01   0.03   0.03   0.03   0.57   0.03   0.03   0.10   0.03   0.02   0.01   0.98   0.03   0.03   0.03   0.80   0.00   0.01   0.74   0.98   0.97   0.96   0.03   0.69   0.99   0.97   0.99   0.66   0.01   0.09   0.03   0.03   0.03   0.94   0.09   0.99   0.68   0.03   0.97   0.78   1.00   0.99   0.09   1.00   0.96   0.97   0.82   0.96   0.94   0.94   0.98   0.38   0.96   0.94   0.12   0.96   0.94   0.99   0.96   0.98   0.31   0.98   0.94   0.98   

5.00   5.00   5.00   5.00   5.00   5.00   5.00   5.00   5.00   5.00   5.00   5.00   5.00   5.00   5.00   5.00   5.00   5.00   5.00   5.00   5.00   5.00   5.00   5.00   5.00   5.00   5.00   5.00   5.00   5.00   5.00   5.00   5.00   5.00   5.00   5.00   5.00   5.00   5.00   5.00   5.00   5.00   5.00   5.00   5.00   5.00   5.00   5.00   5.00   5.00   5.00   5.00   5.00   5.00   5.00   5.00   5.00   5.00   5.00   5.00   5.00   5.00   5.00   5.00   5.00   5.00   5.00   5.00   5.00   5.00   5.00   5.00   5.00   5.00   5.00   5.00   5.00   5.00   
0.02   0.02   0.02   0.32   0.08   0.02   0.15   0.02   0.02   0.75   0.02   0.15   0.15   0.30   0.02   0.02   0.02   0.02   0.21   0.02   0.02   0.15   0.23   0.14   0.15   0.98   0.15   0.02   0.02   0.56   0.15   0.02   0.47   0.86   0.72   0.90   0.02   0.15   0.99   0.98   0.99   0.99   0.02   0.15   0.02   0.02   0.02   0.86   0.15   0.99   0.51   0.02   0.87   0.33   0.98   0.98   0.75   0.90   0.98   0.87   0.90   0.87   0.61   0.40   0.98   0.15   0.98   0.75   0.02   0.61   0.71   0.99   0.50   0.87   0.15   0.75   0.75   0.98   
0.02   0.02   0.02   0.32   0.08   0.02   0.15   0.02   0.02   0.75   0.02   0.15   0.15   0.30   0.02   0.02   0.02   0.02   0.21   0.02   0.02   0.15   0.23   0.14   0.15   0.98   0.15   0.02   0.02   0.56   0.15   0.02   0.47   0.86   0.72   0.90   0.02   0.15   0.99   0.98   0.99   0.99   0.02   0.15   0.02   0.02   0.02   0.86   0.15   0.99   0.51   0.02   0.87   0.33   0.98   0.98   0.75   0.90   0.98   0.87   0.90   0.87   0.61   0.40   0.98   0.15   0.98   0.75   0.02   0.61   0.71   0.99   0.50   0.87   0.15   0.75   0.75   0.98   
0.50   0.50   0.49   0.36   0.11   0.85   0.50   0.86   0.50   0.89   0.50   0.11   0.50   0.50   0.50   0.50   0.50   0.50   0.68   0.50   0.50   0.16   0.50   0.06   0.05   0.50   0.19   0.50   0.50   0.59   0.50   0.35   0.35   0.50   0.89   0.50   0.50   0.50   0.50   0.50   0.50   0.50   0.39   0.21   0.50   0.50   0.50   0.50   0.15   0.50   0.23   0.50   0.76   0.61   0.50   0.63   0.06   0.50   0.50   0.50   0.50   0.50   0.50   0.50   0.50   0.51   0.50   0.50   0.76   0.89   0.50   0.50   0.50   0.75   0.65   0.85   0.50   0.50   
0.03   0.03   0.02   0.22   0.01   0.12   0.71   0.13   0.03   0.98   0.03   0.02   0.20   0.97   0.02   0.02   0.03   0.03   0.60   0.03   0.03   0.04   0.03   0.02   0.01   0.98   0.04   0.03   0.03   0.78   0.18   0.01   0.35   0.98   0.98   0.97   0.02   0.71   0.99   0.97   0.99   0.68   0.02   0.05   0.02   0.03   0.03   0.95   0.04   0.99   0.28   0.03   0.98   0.64   0.98   0.99   0.17   0.93   0.97   0.97   0.82   0.97   0.95   0.95   0.98   0.17   0.97   0.95   0.07   0.96   0.95   0.99   0.97   0.98   0.27   0.97   0.95   0.98   

5.00   5.00   5.00   5.00   5.00   5.00   5.00   5.00   5.00   5.00   5.00   5.00   5.00   5.00   5.00   5.00   5.00   5.00   5.00   5.00   5.00   5.00   5.00   5.00   5.00   5.00   5.00   5.00   5.00   5.00   5.00   5.00   5.00   5.00   5.00   5.00   5.00   5.00   5.00   5.00   5.00   5.00   5.00   5.00   5.00   5.00   5.00   5.00   5.00   5.00   5.00   5.00   5.00   5.00   5.00   5.00   5.00   5.00   5.00   5.00   5.00   5.00   5.00   5.00   5.00   5.00   5.00   5.00   5.00   5.00   5.00   5.00   5.00   5.00   5.00   5.00   5.00   5.00   
0.02   0.02   0.02   0.29   0.07   0.02   0.13   0.02   0.02   0.71   0.03   0.14   0.14   0.29   0.03   0.02   0.02   0.02   0.19   0.02   0.02   0.13   0.21   0.12   0.13   0.97   0.13   0.02   0.02   0.51   0.13   0.02   0.43   0.84   0.68   0.88   0.02   0.14   0.99   0.97   0.99   0.99   0.02   0.14   0.02   0.03   0.03   0.84   0.15   0.99   0.47   0.02   0.86   0.29   0.98   0.97   0.71   0.88   0.97   0.86   0.89   0.85   0.56   0.36   0.98   0.14   0.97   0.72   0.02   0.56   0.67   0.99   0.46   0.85   0.13   0.72   0.71   0.98   
0.02   0.02   0.02   0.29   0.07   0.02   0.13   0.02   0.02   0.71   0.03   0.14   0.14   0.29   0.03   0.02   0.02   0.02   0.19   0.02   0.02   0.13   0.21   0.12   0.13   0.97   0.13   0.02   0.02   0.51   0.13   0.02   0.43   0.84   0.68   0.88   0.02   0.14   0.99   0.97   0.99   0.99   0.02   0.14   0.02   0.03   0.03   0.84   0.15   0.99   0.47   0.02   0.86   0.29   0.98   0.97   0.71   0.88   0.97   0.86   0.89   0.85   0.56   0.36   0.98   0.14   0.97   0.72   0.02   0.56   0.67   0.99   0.46   0.85   0.13   0.72   0.71   0.98   
0.50   0.50   0.51   0.36   0.09   0.88   0.50   0.89   0.50   0.91   0.50   0.10   0.50   0.50   0.50   0.50   0.50   0.50   0.72   0.50   0.50   0.14   0.50   0.05   0.04   0.50   0.18   0.50   0.50   0.62   0.50   0.35   0.35   0.50   0.91   0.50   0.50   0.50   0.50   0.50   0.50   0.50   0.39   0.20   0.50   0.50   0.50   0.50   0.14   0.50   0.22   0.50   0.80   0.64   0.50   0.66   0.05   0.50   0.50   0.50   0.50   0.50   0.50   0.50   0.50   0.53   0.50   0.50   0.80   0.92   0.50   0.50   0.50   0.79   0.68   0.89   0.50   0.50   
0.03   0.03   0.02   0.20   0.01   0.14   0.70   0.15   0.03   0.98   0.02   0.02   0.19   0.97   0.02   0.02   0.02   0.03   0.61   0.02   0.02   0.03   0.03   0.01   0.01   0.98   0.04   0.02   0.03   0.78   0.16   0.01   0.32   0.98   0.98   0.97   0.02   0.70   0.99   0.97   0.99   0.66   0.01   0.05   0.02   0.03   0.03   0.95   0.03   0.99   0.24   0.03   0.98   0.65   0.98   0.99   0.12   0.92   0.97   0.97   0.81   0.97   0.95   0.95   0.98   0.18   0.97   0.95   0.08   0.97   0.95   0.99   0.97   0.98   0.27   0.98   0.95   0.98   

5.00   5.00   5.00   5.00   5.00   5.00   5.00   5.00   5.00   5.00   5.00   5.00   5.00   5.00   5.00   5.00   5.00   5.00   5.00   5.00   5.00   5.00   5.00   5.00   5.00   5.00   5.00   5.00   5.00   5.00   5.00   5.00   5.00   5.00   5.00   5.00   5.00   5.00   5.00   5.00   5.00   5.00   5.00   5.00   5.00   5.00   5.00   5.00   5.00   5.00   5.00   5.00   5.00   5.00   5.00   5.00   5.00   5.00   5.00   5.00   5.00   5.00   5.00   5.00   5.00   5.00   5.00   5.00   5.00   5.00   5.00   5.00   5.00   5.00   5.00   5.00   5.00   5.00   
0.01   0.02   0.02   0.29   0.08   0.01   0.14   0.02   0.01   0.71   0.03   0.15   0.15   0.29   0.03   0.01   0.02   0.02   0.16   0.02   0.02   0.14   0.18   0.10   0.14   0.97   0.14   0.02   0.01   0.51   0.11   0.02   0.43   0.84   0.67   0.88   0.02   0.15   0.99   0.97   0.99   0.99   0.02   0.12   0.01   0.02   0.03   0.84   0.13   0.99   0.47   0.01   0.86   0.29   0.98   0.97   0.67   0.88   0.95   0.86   0.87   0.85   0.56   0.36   0.98   0.12   0.97   0.72   0.02   0.56   0.67   0.99   0.46   0.85   0.11   0.72   0.67   0.98   
0.01   0.02   0.02   0.29   0.08   0.01   0.14   0.02   0.01   0.71   0.03   0.15   0.15   0.29   0.03   0.01   0.02   0.02   0.16   0.02   0.02   0.14   0.18   0.10   0.14   0.97   0.14   0.02   0.01   0.51   0.11   0.02   0.43   0.84   0.67   0.88   0.02   0.15   0.99   0.97   0.99   0.99   0.02   0.12   0.01   0.02   0.03   0.84   0.13   0.99   0.47   0.01   0.86   0.29   0.98   0.97   0.67   0.88   0.95   0.86   0.87   0.85   0.56   0.36   0.98   0.12   0.97   0.72   0.02   0.56   0.67   0.99   0.46   0.85   0.11   0.72   0.67   0.98   
0.50   0.50   0.51   0.38   0.12   0.85   0.50   0.86   0.50   0.89   0.50   0.13   0.50   0.50   0.50   0.50   0.50   0.50   0.69   0.50   0.50   0.18   0.50   0.07   0.06   0.50   0.21   0.50   0.50   0.60   0.50   0.37   0.37   0.50   0.89   0.50   0.50   0.50   0.50   0.50   0.50   0.50   0.41   0.23   0.50   0.50   0.50   0.50   0.17   0.50   0.25   0.50   0.77   0.62   0.50   0.64   0.07   0.50   0.50   0.50   0.50   0.50   0.50   0.50   0.50   0.52   0.50   0.50   0.77   0.89   0.50   0.50   0.50   0.76   0.66   0.85   0.50   0.50   
0.03   0.03   0.02   0.21   0.01   0.11   0.68   0.12   0.03   0.98   0.02   0.03   0.19   0.96   0.02   0.02   0.02   0.03   0.55   0.02   0.02   0.04   0.03   0.01   0.01   0.98   0.04   0.02   0.03   0.76   0.16   0.01   0.33   0.98   0.97   0.96   0.02   0.68   0.99   0.97   0.99   0.64   0.02   0.05   0.02   0.03   0.03   0.94   0.04   0.99   0.27   0.03   0.98   0.62   0.98   0.99   0.15   0.92   0.96   0.97   0.80   0.96   0.94   0.94   0.98   0.17   0.96   0.94   0.07   0.96   0.94   0.99   0.96   0.97   0.24   0.97   0.94   0.98   

5.00   5.00   5.00   5.00   5.00   5.00   5.00   5.00   5.00   5.00   5.00   5.00   5.00   5.00   5.00   5.00   5.00   5.00   5.00   5.00   5.00   5.00   5.00   5.00   5.00   5.00   5.00   5.00   5.00   5.00   5.00   5.00   5.00   5.00   5.00   5.00   5.00   5.00   5.00   5.00   5.00   5.00   5.00   5.00   5.00   5.00   5.00   5.00   5.00   5.00   5.00   5.00   5.00   5.00   5.00   5.00   5.00   5.00   5.00   5.00   5.00   5.00   5.00   5.00   5.00   5.00   5.00   5.00   5.00   5.00   5.00   5.00   5.00   5.00   5.00   5.00   5.00   5.00   
0.01   0.14   0.02   0.38   0.06   0.01   0.09   0.02   0.12   0.54   0.02   0.09   0.09   0.19   0.02   0.01   0.02   0.02   0.28   0.02   0.02   0.09   0.31   0.08   0.09   0.98   0.09   0.02   0.01   0.59   0.07   0.02   0.31   0.88   0.79   0.91   0.02   0.09   0.99   0.98   0.99   0.99   0.02   0.07   0.12   0.01   0.02   0.88   0.11   0.99   0.54   0.01   0.88   0.41   0.98   0.98   0.73   0.92   0.97   0.88   0.90   0.88   0.64   0.47   0.98   0.07   0.98   0.78   0.14   0.64   0.73   0.99   0.34   0.88   0.07   0.78   0.73   0.98   
0.01   0.14   0.02   0.38   0.06   0.01   0.09   0.02   0.12   0.54   0.02   0.09   0.09   0.19   0.02   0.01   0.02   0.02   0.28   0.02   0.02   0.09   0.31   0.08   0.09   0.98   0.09   0.02   0.01   0.59   0.07   0.02   0.31   0.88   0.79   0.91   0.02   0.09   0.99   0.98   0.99   0.99   0.02   0.07   0.12   0.01   0.02   0.88   0.11   0.99   0.54   0.01   0.88   0.41   0.98   0.98   0.73   0.92   0.97   0.88   0.90   0.88   0.64   0.47   0.98   0.07   0.98   0.78   0.14   0.64   0.73   0.99   0.34   0.88   0.07   0.78   0.73   0.98   
0.50   0.50   0.53   0.39   0.12   0.87   0.50   0.87   0.50   0.90   0.50   0.13   0.50   0.50   0.50   0.50   0.50   0.50   0.71   0.50   0.50   0.18   0.50   0.07   0.06   0.50   0.21   0.50   0.50   0.62   0.50   0.38   0.38   0.50   0.90   0.50   0.50   0.50   0.50   0.50   0.50   0.50   0.42   0.23   0.50   0.50   0.50   0.50   0.17   0.50   0.26   0.50   0.79   0.64   0.50   0.66   0.07   0.50   0.50   0.50   0.50   0.50   0.50   0.50   0.50   0.54   0.50   0.50   0.79   0.90   0.50   0.50   0.50   0.78   0.68   0.87   0.50   0.50   
0.02   0.02   0.02   0.30   0.01   0.10   0.70   0.13   0.02   0.96   0.02   0.02   0.17   0.97   0.02   0.02   0.02   0.02   0.66   0.02   0.02   0.03   0.02   0.01   0.01   0.98   0.03   0.02   0.02   0.80   0.15   0.01   0.27   0.98   0.98   0.97   0.02   0.70   0.99   0.97   0.99   0.66   0.02   0.04   0.02   0.02   0.02   0.95   0.03   0.99   0.33   0.02   0.98   0.71   0.98   0.99   0.17   0.93   0.97   0.97   0.81   0.97   0.95   0.95   0.98   0.12   0.97   0.95   0.41   0.97   0.95   0.99   0.97   0.98   0.19   0.97   0.95   0.98   

5.00   5.00   5.00   5.00   5.00   5.00   5.00   5.00   5.00   5.00   5.00   5.00   5.00   5.00   5.00   5.00   5.00   5.00   5.00   5.00   5.00   5.00   5.00   5.00   5.00   5.00   5.00   5.00   5.00   5.00   5.00   5.00   5.00   5.00   5.00   5.00   5.00   5.00   5.00   5.00   5.00   5.00   5.00   5.00   5.00   5.00   5.00   5.00   5.00   5.00   5.00   5.00   5.00   5.00   5.00   5.00   5.00   5.00   5.00   5.00   5.00   5.00   5.00   5.00   5.00   5.00   5.00   5.00   5.00   5.00   5.00   5.00   5.00   5.00   5.00   5.00   5.00   5.00   
0.01   0.14   0.02   0.38   0.06   0.01   0.08   0.02   0.12   0.53   0.02   0.08   0.08   0.18   0.02   0.01   0.02   0.02   0.29   0.02   0.02   0.08   0.33   0.08   0.08   0.98   0.08   0.02   0.01   0.60   0.07   0.02   0.30   0.93   0.88   0.95   0.02   0.08   0.99   0.98   0.99   0.99   0.02   0.07   0.12   0.01   0.02   0.93   0.09   0.99   0.53   0.01   0.84   0.41   0.99   0.94   0.72   0.95   0.98   0.84   0.94   0.84   0.64   0.66   0.94   0.07   0.94   0.86   0.14   0.78   0.84   0.99   0.32   0.92   0.07   0.76   0.84   0.94   
0.01   0.14   0.02   0.38   0.06   0.01   0.08   0.02   0.12   0.53   0.02   0.08   0.08   0.18   0.02   0.01   0.02   0.02   0.29   0.02   0.02   0.08   0.33   0.08   0.08   0.98   0.08   0.02   0.01   0.60   0.07   0.02   0.30   0.93   0.88   0.95   0.02   0.08   0.99   0.98   0.99   0.99   0.02   0.07   0.12   0.01   0.02   0.93   0.09   0.99   0.53   0.01   0.84   0.41   0.99   0.94   0.72   0.95   0.98   0.84   0.94   0.84   0.64   0.66   0.94   0.07   0.94   0.86   0.14   0.78   0.84   0.99   0.32   0.92   0.07   0.76   0.84   0.94   
0.50   0.50   0.51   0.38   0.12   0.86   0.50   0.87   0.50   0.89   0.50   0.13   0.50   0.50   0.50   0.50   0.50   0.50   0.70   0.50   0.50   0.18   0.50   0.06   0.06   0.50   0.21   0.50   0.50   0.61   0.50   0.37   0.37   0.50   0.89   0.50   0.50   0.50   0.50   0.50   0.50   0.50   0.41   0.23   0.50   0.50   0.50   0.50   0.17   0.50   0.25   0.50   0.77   0.63   0.50   0.65   0.07   0.50   0.50   0.50   0.50   0.50   0.50   0.50   0.50   0.53   0.50   0.50   0.78   0.89   0.50   0.50   0.50   0.76   0.67   0.86   0.50   0.50   
0.02   0.02   0.02   0.26   0.01   0.09   0.69   0.12   0.02   0.95   0.02   0.02   0.16   0.96   0.02   0.02   0.02   0.02   0.62   0.02   0.02   0.02   0.02   0.01   0.01   0.98   0.03   0.02   0.02   0.77   0.13   0.01   0.23   0.98   0.99   0.96   0.02   0.69   0.99   0.97   0.99   0.65   0.01   0.03   0.02   0.02   0.02   0.94   0.02   0.99   0.29   0.02   0.97   0.68   0.98   0.98   0.14   0.93   0.96   0.97   0.81   0.96   0.94   0.94   0.98   0.10   0.96   0.94   0.36   0.98   0.94   0.99   0.96   0.98   0.16   0.97   0.94   0.98   

5.00   5.00   5.00   5.00   5.00   5.00   5.00   5.00   5.00   5.00   5.00   5.00   5.00   5.00   5.00   5.00   5.00   5.00   5.00   5.00   5.00   5.00   5.00   5.00   5.00   5.00   5.00   5.00   5.00   5.00   5.00   5.00   5.00   5.00   5.00   5.00   5.00   5.00   5.00   5.00   5.00   5.00   5.00   5.00   5.00   5.00   5.00   5.00   5.00   5.00   5.00   5.00   5.00   5.00   5.00   5.00   5.00   5.00   5.00   5.00   5.00   5.00   5.00   5.00   5.00   5.00   5.00   5.00   5.00   5.00   5.00   5.00   5.00   5.00   5.00   5.00   5.00   5.00   
0.01   0.12   0.02   0.35   0.06   0.01   0.08   0.02   0.10   0.66   0.02   0.08   0.08   0.18   0.02   0.01   0.02   0.02   0.27   0.02   0.02   0.08   0.30   0.08   0.08   0.95   0.08   0.02   0.01   0.56   0.06   0.02   0.46   0.94   0.90   0.95   0.02   0.08   0.99   0.99   0.99   0.99   0.02   0.06   0.10   0.01   0.02   0.94   0.09   0.99   0.50   0.01   0.87   0.38   0.99   0.90   0.79   0.96   0.98   0.79   0.95   0.87   0.59   0.61   0.90   0.06   0.95   0.89   0.12   0.73   0.79   0.99   0.48   0.93   0.06   0.70   0.87   0.95   
0.01   0.12   0.02   0.35   0.06   0.01   0.08   0.02   0.10   0.66   0.02   0.08   0.08   0.18   0.02   0.01   0.02   0.02   0.27   0.02   0.02   0.08   0.30   0.08   0.08   0.95   0.08   0.02   0.01   0.56   0.06   0.02   0.46   0.94   0.90   0.95   0.02   0.08   0.99   0.99   0.99   0.99   0.02   0.06   0.10   0.01   0.02   0.94   0.09   0.99   0.50   0.01   0.87   0.38   0.99   0.90   0.79   0.96   0.98   0.79   0.95   0.87   0.59   0.61   0.90   0.06   0.95   0.89   0.12   0.73   0.79   0.99   0.48   0.93   0.06   0.70   0.87   0.95   
0.50   0.50   0.49   0.35   0.10   0.85   0.50   0.86   0.50   0.89   0.50   0.11   0.50   0.50   0.50   0.50   0.50   0.50   0.69   0.50   0.50   0.16   0.50   0.06   0.05   0.50   0.18   0.50   0.50   0.59   0.50   0.35   0.35   0.50   0.89   0.50   0.50   0.50   0.50   0.50   0.50   0.50   0.39   0.20   0.50   0.50   0.50   0.50   0.15   0.50   0.23   0.50   0.76   0.61   0.50   0.63   0.06   0.50   0.50   0.50   0.50   0.50   0.50   0.50   0.50   0.50   0.50   0.50   0.77   0.89   0.50   0.50   0.50   0.75   0.65   0.86   0.50   0.50   
0.02   0.02   0.02   0.20   0.01   0.07   0.67   0.10   0.02   0.96   0.02   0.01   0.14   0.96   0.02   0.02   0.02   0.02   0.55   0.02   0.02   0.02   0.02   0.01   0.00   0.98   0.02   0.02   0.02   0.71   0.12   0.01   0.28   0.98   0.99   0.96   0.02   0.67   0.99   0.97   0.99   0.63   0.01   0.02   0.02   0.02   0.02   0.94   0.02   0.99   0.21   0.02   0.97   0.46   0.98   0.95   0.15   0.92   0.96   0.97   0.79   0.96   0.94   0.94   0.98   0.08   0.96   0.94   0.29   0.97   0.94   0.99   0.96   0.98   0.13   0.95   0.94   0.98   

5.00   5.00   5.00   5.00   5.00   5.00   5.00   5.00   5.00   5.00   5.00   5.00   5.00   5.00   5.00   5.00   5.00   5.00   5.00   5.00   5.00   5.00   5.00   5.00   5.00   5.00   5.00   5.00   5.00   5.00   5.00   5.00   5.00   5.00   5.00   5.00   5.00   5.00   5.00   5.00   5.00   5.00   5.00   5.00   5.00   5.00   5.00   5.00   5.00   5.00   5.00   5.00   5.00   5.00   5.00   5.00   5.00   5.00   5.00   5.00   5.00   5.00   5.00   5.00   5.00   5.00   5.00   5.00   5.00   5.00   5.00   5.00   5.00   5.00   5.00   5.00   5.00   5.00   
0.01   0.16   0.04   0.39   0.10   0.01   0.11   0.01   0.09   0.68   0.01   0.11   0.11   0.22   0.01   0.01   0.01   0.04   0.32   0.04   0.04   0.11   0.28   0.11   0.06   0.95   0.06   0.01   0.01   0.52   0.05   0.01   0.43   0.92   0.91   0.95   0.01   0.06   0.99   0.97   0.99   0.99   0.04   0.05   0.09   0.01   0.01   0.94   0.12   0.99   0.54   0.01   0.88   0.43   0.99   0.90   0.79   0.96   0.98   0.80   0.95   0.88   0.62   0.63   0.90   0.05   0.95   0.89   0.16   0.75   0.80   0.99   0.45   0.93   0.05   0.72   0.84   0.95   
0.01   0.16   0.04   0.39   0.10   0.01   0.11   0.01   0.09   0.68   0.01   0.11   0.11   0.22   0.01   0.01   0.01   0.04   0.32   0.04   0.04   0.11   0.28   0.11   0.06   0.95   0.06   0.01   0.01   0.52   0.05   0.01   0.43   0.92   0.91   0.95   0.01   0.06   0.99   0.97   0.99   0.99   0.04   0.05   0.09   0.01   0.01   0.94   0.12   0.99   0.54   0.01   0.88   0.43   0.99   0.90   0.79   0.96   0.98   0.80   0.95   0.88   0.62   0.63   0.90   0.05   0.95   0.89   0.16   0.75   0.80   0.99   0.45   0.93   0.05   0.72   0.84   0.95   
0.50   0.50   0.55   0.45   0.50   0.81   0.50   0.89   0.50   0.93   0.50   0.09   0.50   0.50   0.50   0.50   0.50   0.50   0.66   0.50   0.50   0.19   0.50   0.50   0.50   0.50   0.10   0.50   0.50   0.64   0.50   0.35   0.48   0.50   0.93   0.50   0.50   0.50   0.50   0.50   0.50   0.50   0.26   0.23   0.50   0.50   0.50   0.50   0.12   0.50   0.25   0.50   0.77   0.63   0.50   0.62   0.05   0.50   0.50   0.50   0.50   0.50   0.50   0.50   0.50   0.54   0.50   0.50   0.78   0.95   0.50   0.50   0.50   0.80   0.71   0.87   0.50   0.50   
0.02   0.02   0.04   0.28   0.04   0.03   0.67   0.09   0.02   0.98   0.02   0.01   0.14   0.96   0.02   0.02   0.02   0.02   0.37   0.02   0.02   0.03   0.02   0.08   0.08   0.98   0.01   0.02   0.02   0.69   0.12   0.01   0.34   0.98   0.99   0.96   0.02   0.67   0.99   0.97   0.99   0.62   0.01   0.02   0.02   0.02   0.02   0.94   0.01   0.99   0.24   0.02   0.97   0.50   0.98   0.95   0.12   0.92   0.96   0.97   0.79   0.96   0.94   0.94   0.98   0.06   0.96   0.94   0.34   0.99   0.94   0.99   0.96   0.99   0.12   0.96   0.94   0.98   

5.00   5.00   5.00   5.00   5.00   5.00   5.00   5.00   5.00   5.00   5.00   5.00   5.00   5.00   5.00   5.00   5.00   5.00   5.00   5.00   5.00   5.00   5.00   5.00   5.00   5.00   5.00   5.00   5.00   5.00   5.00   5.00   5.00   5.00   5.00   5.00   5.00   5.00   5.00   5.00   5.00   5.00   5.00   5.00   5.00   5.00   5.00   5.00   5.00   5.00   5.00   5.00   5.00   5.00   5.00   5.00   5.00   5.00   5.00   5.00   5.00   5.00   5.00   5.00   5.00   5.00   5.00   5.00   5.00   5.00   5.00   5.00   5.00   5.00   5.00   5.00   5.00   5.00   
0.01   0.15   0.06   0.37   0.10   0.01   0.10   0.01   0.08   0.66   0.01   0.10   0.10   0.24   0.01   0.01   0.01   0.04   0.31   0.04   0.04   0.13   0.26   0.11   0.06   0.94   0.06   0.01   0.01   0.53   0.04   0.01   0.44   0.90   0.90   0.95   0.01   0.06   0.99   0.96   0.99   0.99   0.04   0.04   0.08   0.01   0.01   0.93   0.12   0.99   0.52   0.01   0.86   0.41   0.98   0.89   0.80   0.95   0.98   0.80   0.94   0.87   0.60   0.61   0.89   0.04   0.94   0.89   0.15   0.72   0.78   0.99   0.44   0.92   0.04   0.70   0.82   0.94   
0.01   0.15   0.06   0.37   0.10   0.01   0.10   0.01   0.08   0.66   0.01   0.10   0.10   0.24   0.01   0.01   0.01   0.04   0.31   0.04   0.04   0.13   0.26   0.11   0.06   0.94   0.06   0.01   0.01   0.53   0.04   0.01   0.44   0.90   0.90   0.95   0.01   0.06   0.99   0.96   0.99   0.99   0.04   0.04   0.08   0.01   0.01   0.93   0.12   0.99   0.52   0.01   0.86   0.41   0.98   0.89   0.80   0.95   0.98   0.80   0.94   0.87   0.60   0.61   0.89   0.04   0.94   0.89   0.15   0.72   0.78   0.99   0.44   0.92   0.04   0.70   0.82   0.94   
0.50   0.50   0.55   0.38   0.50   0.78   0.50   0.89   0.50   0.91   0.50   0.09   0.50   0.50   0.50   0.50   0.50   0.50   0.67   0.50   0.50   0.14   0.50   0.50   0.50   0.50   0.13   0.50   0.50   0.64   0.50   0.50   0.48   0.50   0.90   0.50   0.50   0.50   0.50   0.50   0.50   0.50   0.29   0.26   0.50   0.50   0.50   0.50   0.09   0.50   0.32   0.50   0.75   0.71   0.50   0.68   0.05   0.50   0.50   0.50   0.50   0.50   0.50   0.50   0.50   0.57   0.50   0.50   0.70   0.95   0.50   0.50   0.50   0.71   0.77   0.82   0.50   0.50   
0.02   0.02   0.05   0.23   0.04   0.02   0.69   0.08   0.02   0.97   0.02   0.01   0.13   0.96   0.02   0.02   0.02   0.02   0.39   0.02   0.02   0.02   0.02   0.08   0.09   0.98   0.01   0.02   0.02   0.72   0.11   0.01   0.35   0.98   0.99   0.96   0.02   0.69   0.99   0.97   0.99   0.63   0.01   0.02   0.02   0.02   0.02   0.95   0.01   0.99   0.32   0.02   0.97   0.73   0.98   0.97   0.14   0.93   0.96   0.97   0.80   0.96   0.95   0.95   0.98   0.06   0.96   0.95   0.26   0.99   0.95   0.99   0.96   0.98   0.14   0.94   0.95   0.98   

5.00   5.00   5.00   5.00   5.00   5.00   5.00   5.00   5.00   5.00   5.00   5.00   5.00   5.00   5.00   5.00   5.00   5.00   5.00   5.00   5.00   5.00   5.00   5.00   5.00   5.00   5.00   5.00   5.00   5.00   5.00   5.00   5.00   5.00   5.00   5.00   5.00   5.00   5.00   5.00   5.00   5.00   5.00   5.00   5.00   5.00   5.00   5.00   5.00   5.00   5.00   5.00   5.00   5.00   5.00   5.00   5.00   5.00   5.00   5.00   5.00   5.00   5.00   5.00   5.00   5.00   5.00   5.00   5.00   5.00   5.00   5.00   5.00   5.00   5.00   5.00   5.00   5.00   
0.01   0.14   0.06   0.35   0.10   0.01   0.10   0.01   0.08   0.64   0.01   0.10   0.10   0.29   0.01   0.01   0.01   0.04   0.36   0.04   0.04   0.13   0.30   0.11   0.06   0.94   0.06   0.01   0.01   0.51   0.04   0.01   0.48   0.91   0.88   0.94   0.01   0.06   0.99   0.95   0.99   0.99   0.04   0.04   0.08   0.01   0.01   0.94   0.12   0.99   0.49   0.01   0.85   0.39   0.98   0.87   0.78   0.94   0.98   0.78   0.93   0.87   0.57   0.59   0.87   0.04   0.93   0.88   0.14   0.70   0.76   0.99   0.43   0.93   0.04   0.67   0.80   0.93   
0.01   0.14   0.06   0.35   0.10   0.01   0.10   0.01   0.08   0.64   0.01   0.10   0.10   0.29   0.01   0.01   0.01   0.04   0.36   0.04   0.04   0.13   0.30   0.11   0.06   0.94   0.06   0.01   0.01   0.51   0.04   0.01   0.48   0.91   0.88   0.94   0.01   0.06   0.99   0.95   0.99   0.99   0.04   0.04   0.08   0.01   0.01   0.94   0.12   0.99   0.49   0.01   0.85   0.39   0.98   0.87   0.78   0.94   0.98   0.78   0.93   0.87   0.57   0.59   0.87   0.04   0.93   0.88   0.14   0.70   0.76   0.99   0.43   0.93   0.04   0.67   0.80   0.93   
0.50   0.50   0.54   0.36   0.50   0.79   0.50   0.90   0.50   0.92   0.50   0.07   0.50   0.50   0.50   0.50   0.50   0.50   0.67   0.50   0.50   0.12   0.50   0.50   0.50   0.50   0.10   0.50   0.50   0.64   0.50   0.50   0.46   0.50   0.91   0.50   0.50   0.50   0.50   0.50   0.50   0.50   0.26   0.24   0.50   0.50   0.50   0.50   0.07   0.50   0.29   0.50   0.76   0.72   0.50   0.69   0.04   0.50   0.50   0.50   0.50   0.50   0.50   0.50   0.50   0.56   0.50   0.50   0.70   0.96   0.50   0.50   0.50   0.72   0.78   0.83   0.50   0.50   
0.02   0.02   0.05   0.23   0.05   0.02   0.70   0.09   0.02   0.97   0.02   0.01   0.13   0.97   0.02   0.02   0.02   0.02   0.66   0.02   0.02   0.02   0.02   0.10   0.09   0.99   0.01   0.02   0.02   0.74   0.11   0.01   0.44   0.99   0.99   0.97   0.02   0.70   0.99   0.97   0.99   0.66   0.01   0.01   0.02   0.02   0.02   0.95   0.01   0.99   0.32   0.02   0.97   0.76   0.99   0.97   0.12   0.93   0.97   0.97   0.81   0.97   0.95   0.95   0.99   0.05   0.97   0.95   0.29   0.99   0.95   0.99   0.97   0.99   0.14   0.95   0.95   0.99   

0.50   0.47   0.48   0.56   0.33   0.50   0.36   0.65   0.21   0.64   0.42   0.55   0.38   0.55   0.47   0.50   0.55   0.28   0.35   0.38   0.41   0.66   0.47   0.44   0.46   0.63   0.30   0.40   0.50   0.57   0.40   0.38   0.51   0.53   0.70   0.53   0.44   0.34   0.50   0.81   0.50   0.50   0.53   0.67   0.37   0.50   0.48   0.74   0.46   0.50   0.44   0.50   0.46   0.46   0.31   0.54   0.31   0.51   0.54   0.65   0.62   0.48   0.73   0.80   0.63   0.72   0.47   0.71   0.57   0.61   0.71   0.50   0.77   0.69   0.38   0.44   0.56   0.54   
0.01   0.10   0.04   0.38   0.07   0.01   0.05   0.02   0.02   0.88   0.01   0.17   0.06   0.41   0.01   0.01   0.01   0.01   0.21   0.02   0.02   0.30   0.34   0.08   0.04   0.97   0.05   0.01   0.01   0.76   0.03   0.01   0.68   0.95   0.97   0.97   0.01   0.03   0.99   0.99   0.99   0.99   0.03   0.15   0.04   0.01   0.01   0.99   0.08   0.99   0.41   0.01   0.88   0.33   0.98   0.92   0.78   0.96   0.99   0.93   0.98   0.93   0.88   0.92   0.95   0.09   0.96   0.96   0.15   0.86   0.92   0.99   0.82   0.98   0.02   0.72   0.92   0.97   
0.01   0.12   0.05   0.32   0.15   0.01   0.09   0.01   0.07   0.68   0.01   0.15   0.09   0.35   0.01   0.01   0.01   0.03   0.33   0.03   0.03   0.18   0.34   0.10   0.05   0.92   0.10   0.01   0.01   0.54   0.04   0.01   0.53   0.89   0.85   0.94   0.01   0.05   0.99   0.95   0.99   0.99   0.03   0.08   0.07   0.01   0.01   0.94   0.10   0.99   0.45   0.01   0.82   0.35   0.98   0.84   0.80   0.91   0.98   0.79   0.93   0.88   0.59   0.60   0.83   0.04   0.93   0.85   0.12   0.66   0.72   0.99   0.42   0.93   0.04   0.63   0.81   0.93   
0.50   0.50   0.54   0.36   0.50   0.78   0.50   0.89   0.50   0.91   0.50   0.08   0.50   0.50   0.50   0.50   0.50   0.50   0.66   0.50   0.50   0.12   0.50   0.50   0.50   0.50   0.11   0.50   0.50   0.63   0.50   0.50   0.46   0.50   0.90   0.50   0.50   0.50   0.50   0.50   0.50   0.50   0.26   0.24   0.50   0.50   0.50   0.50   0.08   0.50   0.29   0.50   0.75   0.71   0.50   0.68   0.04   0.50   0.50   0.50   0.50   0.50   0.50   0.50   0.50   0.55   0.50   0.50   0.69   0.95   0.50   0.50   0.50   0.71   0.77   0.82   0.50   0.50   
0.02   0.02   0.04   0.22   0.04   0.02   0.69   0.08   0.02   0.98   0.02   0.01   0.14   0.97   0.02   0.02   0.02   0.02   0.48   0.02   0.02   0.02   0.02   0.10   0.09   0.99   0.01   0.02   0.02   0.75   0.12   0.01   0.60   0.99   0.99   0.97   0.02   0.69   0.99   0.97   0.99   0.65   0.01   0.02   0.02   0.02   0.02   0.95   0.01   0.99   0.30   0.02   0.97   0.73   0.99   0.96   0.13   0.93   0.97   0.97   0.81   0.97   0.95   0.95   0.99   0.05   0.97   0.95   0.24   0.99   0.95   0.99   0.97   0.99   0.13   0.94   0.95   0.99   

0.50   0.43   0.45   0.57   0.30   0.50   0.33   0.66   0.14   0.64   0.34   0.57   0.33   0.50   0.42   0.50   0.56   0.21   0.30   0.30   0.35   0.68   0.45   0.40   0.41   0.64   0.26   0.35   0.50   0.59   0.32   0.50   0.48   0.51   0.72   0.48   0.33   0.34   0.50   0.50   0.50   0.50   0.47   0.65   0.30   0.50   0.46   0.76   0.41   0.50   0.39   0.50   0.40   0.41   0.24   0.53   0.24   0.49   0.52   0.67   0.64   0.43   0.73   0.81   0.66   0.72   0.44   0.75   0.57   0.63   0.75   0.50   0.81   0.71   0.32   0.38   0.55   0.57   
0.01   0.09   0.03   0.38   0.05   0.01   0.04   0.02   0.01   0.87   0.01   0.16   0.04   0.35   0.01   0.01   0.01   0.01   0.15   0.01   0.01   0.33   0.31   0.07   0.04   0.97   0.03   0.00   0.01   0.74   0.02   0.01   0.49   0.93   0.96   0.97   0.01   0.03   0.99   0.98   0.99   0.99   0.02   0.16   0.02   0.01   0.01   0.99   0.05   0.99   0.31   0.01   0.82   0.24   0.95   0.91   0.69   0.94   0.99   0.93   0.97   0.91   0.88   0.92   0.95   0.12   0.95   0.97   0.13   0.84   0.92   0.99   0.83   0.98   0.02   0.49   0.90   0.97   
0.01   0.14   0.05   0.33   0.13   0.01   0.09   0.01   0.06   0.69   0.02   0.14   0.09   0.37   0.01   0.01   0.01   0.03   0.31   0.03   0.03   0.21   0.36   0.12   0.07   0.92   0.10   0.01   0.01   0.53   0.04   0.01   0.51   0.88   0.83   0.94   0.02   0.07   0.99   0.96   0.99   0.99   0.03   0.11   0.06   0.01   0.01   0.94   0.09   0.99   0.43   0.01   0.80   0.33   0.97   0.84   0.81   0.90   0.98   0.80   0.91   0.89   0.61   0.61   0.84   0.06   0.94   0.85   0.11   0.63   0.70   0.99   0.40   0.94   0.04   0.61   0.80   0.92   
0.50   0.50   0.58   0.39   0.50   0.82   0.50   0.91   0.50   0.93   0.50   0.08   0.50   0.50   0.50   0.50   0.50   0.50   0.71   0.50   0.50   0.13   0.50   0.50   0.50   0.50   0.12   0.50   0.50   0.67   0.50   0.50   0.50   0.50   0.92   0.50   0.50   0.50   0.50   0.50   0.50   0.50   0.29   0.27   0.50   0.50   0.50   0.50   0.08   0.50   0.32   0.50   0.79   0.75   0.50   0.72   0.04   0.50   0.50   0.50   0.50   0.50   0.50   0.50   0.50   0.60   0.50   0.50   0.73   0.96   0.50   0.50   0.50   0.75   0.80   0.85   0.50   0.50   
0.02   0.02   0.05   0.29   0.05   0.02   0.71   0.09   0.02   0.98   0.02   0.01   0.15   0.97   0.02   0.02   0.02   0.02   0.69   0.02   0.02   0.04   0.02   0.12   0.10   0.99   0.01   0.02   0.02   0.80   0.13   0.01   0.67   0.99   0.99   0.97   0.02   0.71   0.99   0.98   0.99   0.67   0.01   0.04   0.02   0.02   0.02   0.95   0.01   0.99   0.34   0.02   0.98   0.77   0.99   0.97   0.18   0.93   0.97   0.98   0.82   0.97   0.95   0.95   0.99   0.11   0.97   0.95   0.28   0.99   0.95   0.99   0.97   0.99   0.17   0.95   0.95   0.99   

0.50   0.36   0.30   0.59   0.20   0.50   0.24   0.71   0.06   0.65   0.24   0.60   0.24   0.57   0.50   0.50   0.54   0.50   0.20   0.16   0.21   0.70   0.55   0.30   0.28   0.76   0.21   0.50   0.50   0.60   0.19   0.50   0.43   0.55   0.85   0.45   0.27   0.26   0.50   0.50   0.50   0.50   0.50   0.69   0.23   0.50   0.50   0.90   0.29   0.50   0.24   0.50   0.34   0.32   0.22   0.48   0.17   0.41   0.53   0.82   0.77   0.31   0.71   0.90   0.72   0.69   0.38   0.76   0.58   0.73   0.80   0.50   0.91   0.77   0.25   0.25   0.67   0.78   
0.01   0.07   0.04   0.37   0.03   0.01   0.02   0.02   0.00   0.88   0.01   0.16   0.02   0.48   0.01   0.01   0.01   0.02   0.09   0.00   0.01   0.34   0.38   0.05   0.02   0.99   0.02   0.01   0.01   0.72   0.01   0.01   0.48   0.95   0.98   0.95   0.01   0.02   0.99   0.97   0.99   0.99   0.02   0.17   0.01   0.01   0.01   1.00   0.03   0.99   0.17   0.01   0.75   0.17   0.92   0.90   0.41   0.90   0.98   0.96   0.98   0.83   0.85   0.96   0.95   0.10   0.94   0.96   0.12   0.88   0.93   0.99   0.91   0.99   0.01   0.31   0.92   0.98   
0.01   0.13   0.10   0.31   0.13   0.01   0.08   0.01   0.05   0.72   0.02   0.13   0.08   0.43   0.01   0.01   0.01   0.03   0.31   0.03   0.03   0.20   0.34   0.12   0.07   0.93   0.09   0.01   0.01   0.51   0.04   0.01   0.56   0.89   0.84   0.92   0.02   0.07   0.99   0.94   0.99   0.99   0.03   0.10   0.05   0.01   0.01   0.95   0.09   0.99   0.40   0.01   0.78   0.30   0.95   0.85   0.78   0.87   0.97   0.78   0.89   0.87   0.57   0.58   0.82   0.05   0.94   0.82   0.10   0.60   0.67   0.99   0.38   0.94   0.04   0.57   0.77   0.90   
0.50   0.50   0.58   0.40   0.50   0.80   0.50   0.90   0.50   0.92   0.50   0.10   0.50   0.50   0.50   0.50   0.50   0.50   0.70   0.50   0.50   0.15   0.50   0.50   0.50   0.50   0.13   0.50   0.50   0.67   0.50   0.50   0.50   0.50   0.91   0.50   0.50   0.50   0.50   0.50   0.50   0.50   0.30   0.28   0.50   0.50   0.50   0.50   0.10   0.50   0.34   0.50   0.78   0.74   0.50   0.71   0.05   0.50   0.50   0.50   0.50   0.50   0.50   0.50   0.50   0.60   0.50   0.50   0.72   0.96   0.50   0.50   0.50   0.74   0.79   0.84   0.50   0.50   
0.02   0.02   0.16   0.26   0.04   0.02   0.71   0.08   0.02   0.99   0.02   0.01   0.14   0.97   0.02   0.02   0.02   0.02   0.49   0.02   0.02   0.04   0.02   0.10   0.10   0.99   0.01   0.02   0.02   0.76   0.12   0.01   0.70   0.99   0.99   0.97   0.02   0.71   0.99   0.98   0.99   0.66   0.01   0.03   0.02   0.02   0.02   0.95   0.01   0.99   0.31   0.02   0.96   0.73   0.99   0.97   0.18   0.93   0.97   0.98   0.82   0.97   0.95   0.95   0.99   0.09   0.97   0.95   0.23   0.99   0.95   0.99   0.97   0.99   0.14   0.94   0.95   0.99   

0.50   0.25   0.22   0.67   0.14   0.50   0.11   0.80   0.50   0.82   0.50   0.70   0.11   0.75   0.50   0.50   0.48   0.50   0.20   0.50   0.50   0.82   0.65   0.15   0.17   0.92   0.14   0.50   0.50   0.71   0.07   0.50   0.47   0.63   0.95   0.50   0.50   0.12   0.50   0.50   0.50   0.50   0.38   0.85   0.10   0.50   0.45   0.50   0.22   0.50   0.12   0.50   0.28   0.20   0.16   0.41   0.09   0.54   0.63   0.93   0.92   0.26   0.86   0.98   0.84   0.76   0.38   0.90   0.69   0.85   0.91   0.50   0.99   0.88   0.18   0.18   0.81   0.93   
0.01   0.05   0.03   0.62   0.03   0.01   0.01   0.03   0.05   0.96   0.02   0.28   0.01   0.83   0.01   0.01   0.01   0.03   0.11   0.03   0.03   0.73   0.66   0.02   0.01   1.00   0.02   0.01   0.01   0.84   0.00   0.01   0.69   0.97   1.00   0.96   0.02   0.01   0.99   0.98   0.99   0.99   0.02   0.40   0.01   0.01   0.01   0.98   0.02   0.99   0.10   0.01   0.73   0.12   0.89   0.89   0.29   0.95   0.99   0.99   1.00   0.82   0.94   0.99   0.98   0.15   0.95   0.99   0.20   0.95   0.98   0.99   0.99   1.00   0.01   0.27   0.97   1.00   
0.01   0.13   0.10   0.30   0.13   0.01   0.07   0.01   0.06   0.71   0.02   0.12   0.08   0.42   0.01   0.01   0.01   0.03   0.30   0.02   0.02   0.20   0.33   0.12   0.07   0.92   0.08   0.01   0.01   0.51   0.04   0.01   0.54   0.89   0.84   0.93   0.02   0.07   0.99   0.94   0.99   0.99   0.03   0.09   0.05   0.01   0.01   0.95   0.08   0.99   0.40   0.01   0.78   0.30   0.95   0.85   0.78   0.87   0.97   0.77   0.89   0.87   0.57   0.58   0.82   0.06   0.94   0.83   0.10   0.60   0.68   0.99   0.37   0.94   0.04   0.57   0.77   0.91   
0.50   0.50   0.54   0.35   0.50   0.80   0.50   0.90   0.50   0.92   0.50   0.07   0.50   0.50   0.50   0.50   0.50   0.50   0.67   0.50   0.50   0.11   0.50   0.50   0.50   0.50   0.10   0.50   0.50   0.64   0.50   0.50   0.46   0.50   0.91   0.50   0.50   0.50   0.50   0.50   0.50   0.50   0.25   0.23   0.50   0.50   0.50   0.50   0.07   0.50   0.29   0.50   0.76   0.72   0.50   0.69   0.03   0.50   0.50   0.50   0.50   0.50   0.50   0.50   0.50   0.56   0.50   0.50   0.70   0.96   0.50   0.50   0.50   0.72   0.78   0.83   0.50   0.50   
0.02   0.02   0.14   0.21   0.04   0.02   0.70   0.07   0.02   0.98   0.02   0.01   0.14   0.97   0.02   0.02   0.02   0.02   0.44   0.02   0.02   0.03   0.02   0.10   0.09   0.99   0.01   0.02   0.02   0.74   0.12   0.01   0.64   0.99   0.99   0.97   0.02   0.70   0.99   0.98   0.99   0.65   0.01   0.02   0.02   0.02   0.02   0.95   0.01   0.99   0.26   0.02   0.96   0.71   0.99   0.97   0.11   0.93   0.97   0.98   0.81   0.97   0.95   0.95   0.99   0.08   0.97   0.95   0.22   0.99   0.95   0.99   0.97   0.99   0.14   0.94   0.95   0.99   

0.50   0.16   0.20   0.52   0.18   0.50   0.11   0.80   0.50   0.65   0.50   0.52   0.14   0.64   0.50   0.50   0.51   0.50   0.17   0.50   0.50   0.85   0.71   0.12   0.11   0.50   0.26   0.50   0.50   0.78   0.50   0.50   0.49   0.79   0.50   0.44   0.50   0.10   0.50   0.50   0.50   0.50   0.27   0.80   0.50   0.50   0.70   0.50   0.32   0.50   0.12   0.50   0.26   0.26   0.35   0.43   0.08   0.53   0.72   0.93   0.50   0.21   0.82   0.50   0.74   0.78   0.33   0.87   0.62   0.97   0.88   0.50   0.99   0.50   0.27   0.22   0.89   0.50   
0.01   0.02   0.03   0.34   0.04   0.01   0.01   0.05   0.05   0.91   0.02   0.17   0.02   0.75   0.01   0.01   0.01   0.03   0.10   0.03   0.03   0.79   0.73   0.02   0.01   0.96   0.03   0.01   0.01   0.88   0.04   0.01   0.73   0.99   0.92   0.96   0.02   0.01   0.99   0.97   0.99   0.99   0.01   0.34   0.05   0.01   0.02   0.98   0.05   0.99   0.09   0.01   0.69   0.14   0.96   0.90   0.29   0.94   0.99   0.99   0.94   0.78   0.93   0.74   0.96   0.19   0.94   0.98   0.14   0.99   0.97   0.99   0.99   0.97   0.01   0.30   0.98   0.95   
0.01   0.11   0.09   0.28   0.15   0.01   0.06   0.01   0.04   0.73   0.03   0.15   0.10   0.46   0.02   0.01   0.02   0.02   0.32   0.02   0.03   0.23   0.36   0.14   0.09   0.93   0.08   0.01   0.01   0.49   0.03   0.01   0.57   0.90   0.85   0.93   0.02   0.09   0.99   0.95   0.99   0.99   0.02   0.12   0.06   0.01   0.01   0.95   0.10   0.99   0.37   0.01   0.76   0.28   0.95   0.86   0.79   0.88   0.96   0.79   0.90   0.88   0.59   0.60   0.83   0.07   0.95   0.83   0.09   0.57   0.65   0.99   0.40   0.95   0.03   0.54   0.75   0.91   
0.50   0.50   0.53   0.46   0.50   0.76   0.50   0.88   0.50   0.95   0.50   0.11   0.50   0.50   0.50   0.50   0.50   0.50   0.61   0.50   0.50   0.10   0.50   0.50   0.50   0.50   0.12   0.50   0.50   0.61   0.50   0.50   0.58   0.50   0.88   0.50   0.50   0.50   0.50   0.50   0.50   0.50   0.26   0.30   0.50   0.50   0.50   0.50   0.50   0.50   0.26   0.50   0.75   0.68   0.50   0.71   0.06   0.50   0.50   0.50   0.50   0.50   0.50   0.50   0.50   0.53   0.50   0.50   0.72   0.95   0.50   0.50   0.50   0.63   0.78   0.80   0.50   0.50   
0.02   0.02   0.12   0.27   0.04   0.02   0.70   0.07   0.02   0.99   0.02   0.02   0.14   0.97   0.02   0.02   0.02   0.02   0.37   0.02   0.02   0.03   0.02   0.10   0.09   0.99   0.01   0.02   0.02   0.69   0.12   0.01   0.74   0.99   0.99   0.97   0.02   0.70   0.99   0.98   0.99   0.65   0.01   0.04   0.02   0.02   0.02   0.95   0.06   0.99   0.20   0.02   0.95   0.50   0.99   0.97   0.18   0.93   0.97   0.98   0.81   0.97   0.95   0.95   0.99   0.08   0.97   0.95   0.20   0.98   0.95   0.99   0.97   0.99   0.13   0.91   0.95   0.99   

0.50   0.16   0.20   0.52   0.18   0.50   0.11   0.80   0.50   0.65   0.50   0.52   0.14   0.64   0.50   0.50   0.51   0.50   0.17   0.50   0.50   0.85   0.71   0.12   0.11   0.50   0.26   0.50   0.50   0.78   0.50   0.50   0.49   0.79   0.50   0.44   0.50   0.10   0.50   0.50   0.50   0.50   0.27   0.80   0.50   0.50   0.70   0.50   0.32   0.50   0.12   0.50   0.26   0.26   0.35   0.43   0.08   0.53   0.72   0.93   0.50   0.21   0.82   0.50   0.74   0.78   0.33   0.87   0.62   0.97   0.88   0.50   0.99   0.50   0.27   0.22   0.89   0.50   
0.01   0.02   0.03   0.34   0.04   0.01   0.01   0.05   0.05   0.91   0.02   0.17   0.02   0.75   0.01   0.01   0.01   0.03   0.10   0.03   0.03   0.79   0.73   0.02   0.01   0.96   0.03   0.01   0.01   0.88   0.04   0.01   0.73   0.99   0.92   0.96   0.02   0.01   0.99   0.97   0.99   0.99   0.01   0.34   0.05   0.01   0.02   0.98   0.05   0.99   0.09   0.01   0.69   0.14   0.96   0.90   0.29   0.94   0.99   0.99   0.94   0.78   0.93   0.74   0.96   0.19   0.94   0.98   0.14   0.99   0.97   0.99   0.99   0.97   0.01   0.30   0.98   0.95   
0.01   0.11   0.09   0.28   0.15   0.01   0.06   0.01   0.04   0.73   0.03   0.15   0.10   0.46   0.02   0.01   0.02   0.02   0.32   0.02   0.03   0.23   0.36   0.14   0.09   0.93   0.08   0.01   0.01   0.49   0.03   0.01   0.57   0.90   0.85   0.93   0.02   0.09   0.99   0.95   0.99   0.99   0.02   0.12   0.06   0.01   0.01   0.95   0.10   0.99   0.37   0.01   0.76   0.28   0.95   0.86   0.79   0.88   0.96   0.79   0.90   0.88   0.59   0.60   0.83   0.07   0.95   0.83   0.09   0.57   0.65   0.99   0.40   0.95   0.03   0.54   0.75   0.91   
0.50   0.50   0.49   0.43   0.50   0.75   0.50   0.87   0.50   0.95   0.50   0.09   0.50   0.50   0.50   0.50   0.50   0.50   0.58   0.50   0.50   0.08   0.50   0.50   0.50   0.50   0.10   0.50   0.50   0.58   0.50   0.50   0.54   0.50   0.88   0.50   0.50   0.50   0.50   0.50   0.50   0.50   0.22   0.26   0.50   0.50   0.50   0.50   0.50   0.50   0.22   0.50   0.74   0.66   0.50   0.69   0.04   0.50   0.50   0.50   0.50   0.50   0.50   0.50   0.50   0.49   0.50   0.50   0.71   0.95   0.50   0.50   0.50   0.60   0.77   0.79   0.50   0.50   
0.02   0.02   0.09   0.22   0.04   0.02   0.67   0.07   0.02   0.99   0.02   0.01   0.14   0.96   0.02   0.02   0.02   0.02   0.31   0.02   0.02   0.02   0.02   0.08   0.08   0.98   0.01   0.02   0.02   0.49   0.11   0.01   0.68   0.98   0.98   0.96   0.02   0.67   0.99   0.97   0.99   0.62   0.01   0.03   0.02   0.02   0.02   0.95   0.06   0.99   0.15   0.02   0.94   0.43   0.98   0.96   0.12   0.92   0.96   0.97   0.79   0.96   0.95   0.95   0.98   0.07   0.96   0.95   0.16   0.98   0.95   0.99   0.96   0.99   0.11   0.88   0.95   0.98   

0.00   0.00   0.00   0.00   0.00   0.00   0.00   0.00   0.00   0.00   0.00   0.00   0.00   0.00   0.00   0.00   0.00   0.00   0.00   0.00   0.00   0.00   0.00   0.00   0.00   0.00   0.00   0.00   0.00   1.00   0.00   0.00   0.00   1.00   1.00   1.00   0.00   0.00   1.00   1.00   1.00   0.00   0.00   0.00   0.00   0.00   0.00   1.00   0.00   1.00   0.00   0.00   1.00   1.00   1.00   1.00   1.00   1.00   1.00   1.00   1.00   1.00   1.00   1.00   1.00   0.00   1.00   1.00   1.00   1.00   1.00   1.00   1.00   1.00   1.00   1.00   1.00   1.00   