5.00   5.00   5.00   5.00   5.00   5.00   5.00   5.00   5.00   5.00   5.00   5.00   5.00   5.00   5.00   5.00   5.00   5.00   5.00   5.00   5.00   5.00   5.00   5.00   5.00   5.00   5.00   5.00   5.00   5.00   5.00   5.00   5.00   5.00   5.00   5.00   5.00   5.00   5.00   5.00   5.00   5.00   5.00   5.00   5.00   5.00   5.00   5.00   5.00   5.00   5.00   5.00   5.00   5.00   5.00   5.00   5.00   5.00   5.00   5.00   5.00   5.00   5.00   5.00   5.00   5.00   5.00   5.00   5.00   5.00   5.00   5.00   5.00   5.00   5.00   5.00   5.00   5.00   
0.05   0.05   0.05   0.05   0.05   0.05   0.05   0.05   0.05   0.05   0.05   0.97   0.05   0.05   0.05   0.05   0.69   0.05   0.05   0.05   0.05   0.05   0.05   0.05   0.69   0.05   0.05   0.69   0.05   0.05   0.05   0.05   0.05   0.05   0.69   0.05   0.05   0.97   0.97   0.05   0.05   0.97   0.97   0.97   0.05   0.05   0.97   0.05   0.69   0.97   0.05   0.05   0.97   0.05   0.69   0.05   0.97   0.69   0.97   0.97   0.69   0.97   0.69   0.69   0.05   0.05   0.69   0.69   0.05   0.68   0.97   0.97   0.05   0.97   0.97   0.69   0.97   0.97   
0.05   0.05   0.05   0.05   0.05   0.05   0.05   0.05   0.05   0.05   0.05   0.97   0.05   0.05   0.05   0.05   0.69   0.05   0.05   0.05   0.05   0.05   0.05   0.05   0.69   0.05   0.05   0.69   0.05   0.05   0.05   0.05   0.05   0.05   0.69   0.05   0.05   0.97   0.97   0.05   0.05   0.97   0.97   0.97   0.05   0.05   0.97   0.05   0.69   0.97   0.05   0.05   0.97   0.05   0.69   0.05   0.97   0.69   0.97   0.97   0.69   0.97   0.69   0.69   0.05   0.05   0.69   0.69   0.05   0.68   0.97   0.97   0.05   0.97   0.97   0.69   0.97   0.97   
0.49   0.27   0.40   0.49   0.35   0.11   0.66   0.01   0.62   0.43   0.49   0.75   0.49   0.36   0.57   0.20   0.53   0.20   0.33   0.13   0.89   0.42   0.15   0.56   0.65   0.38   0.41   0.84   0.54   0.11   0.41   0.86   0.09   0.06   0.47   0.15   0.63   0.85   0.70   0.38   0.44   0.80   0.58   0.99   0.40   0.28   0.99   0.61   0.90   0.96   0.44   0.32   0.85   0.45   0.83   0.26   0.81   0.51   0.78   0.92   0.99   0.79   0.90   0.90   0.28   0.43   0.79   0.98   0.63   0.82   0.89   0.74   0.61   0.72   0.71   0.71   0.87   0.77   
0.04   0.02   0.03   0.04   0.02   0.01   0.77   0.00   0.74   0.03   0.04   0.99   0.04   0.02   0.69   0.01   0.91   0.01   0.02   0.01   0.93   0.03   0.01   0.68   0.95   0.03   0.03   0.98   0.67   0.01   0.03   0.91   0.00   0.00   0.89   0.01   0.74   1.00   0.99   0.03   0.03   1.00   0.99   1.00   0.03   0.02   1.00   0.72   0.99   1.00   0.03   0.02   1.00   0.03   0.98   0.02   1.00   0.91   1.00   1.00   1.00   1.00   0.99   0.99   0.02   0.03   0.97   1.00   0.74   0.98   1.00   0.99   0.72   0.99   0.99   0.96   1.00   1.00   

5.00   5.00   5.00   5.00   5.00   5.00   5.00   5.00   5.00   5.00   5.00   5.00   5.00   5.00   5.00   5.00   5.00   5.00   5.00   5.00   5.00   5.00   5.00   5.00   5.00   5.00   5.00   5.00   5.00   5.00   5.00   5.00   5.00   5.00   5.00   5.00   5.00   5.00   5.00   5.00   5.00   5.00   5.00   5.00   5.00   5.00   5.00   5.00   5.00   5.00   5.00   5.00   5.00   5.00   5.00   5.00   5.00   5.00   5.00   5.00   5.00   5.00   5.00   5.00   5.00   5.00   5.00   5.00   5.00   5.00   5.00   5.00   5.00   5.00   5.00   5.00   5.00   5.00   
0.04   0.04   0.04   0.04   0.04   0.10   0.04   0.04   0.04   0.04   0.04   0.96   0.04   0.04   0.04   0.04   0.60   0.04   0.04   0.04   0.04   0.10   0.04   0.04   0.60   0.04   0.04   0.60   0.04   0.04   0.04   0.04   0.04   0.10   0.60   0.04   0.04   0.96   0.96   0.04   0.04   0.98   0.96   0.98   0.04   0.04   0.98   0.04   0.60   0.96   0.04   0.04   0.98   0.04   0.60   0.10   0.96   0.60   0.96   0.96   0.60   0.96   0.60   0.60   0.04   0.04   0.60   0.60   0.10   0.57   0.96   0.96   0.04   0.96   0.96   0.60   0.96   0.96   
0.04   0.04   0.04   0.04   0.04   0.10   0.04   0.04   0.04   0.04   0.04   0.96   0.04   0.04   0.04   0.04   0.60   0.04   0.04   0.04   0.04   0.10   0.04   0.04   0.60   0.04   0.04   0.60   0.04   0.04   0.04   0.04   0.04   0.10   0.60   0.04   0.04   0.96   0.96   0.04   0.04   0.98   0.96   0.98   0.04   0.04   0.98   0.04   0.60   0.96   0.04   0.04   0.98   0.04   0.60   0.10   0.96   0.60   0.96   0.96   0.60   0.96   0.60   0.60   0.04   0.04   0.60   0.60   0.10   0.57   0.96   0.96   0.04   0.96   0.96   0.60   0.96   0.96   
0.18   0.13   0.24   0.52   0.19   0.50   0.73   0.50   0.38   0.22   0.55   0.50   0.26   0.17   0.85   0.18   0.76   0.13   0.23   0.50   0.94   0.52   0.01   0.28   0.61   0.34   0.14   0.98   0.36   0.50   0.38   0.87   0.50   0.50   0.63   0.08   0.81   0.50   0.90   0.19   0.66   0.50   0.62   0.50   0.31   0.12   0.50   0.27   0.97   0.50   0.29   0.27   0.50   0.24   0.96   0.09   0.50   0.23   0.50   0.50   0.50   0.50   0.90   0.98   0.11   0.62   0.93   0.50   0.78   0.95   0.50   0.50   0.67   0.50   0.50   0.87   0.50   0.50   
0.01   0.01   0.01   0.04   0.01   0.04   0.78   0.04   0.02   0.01   0.05   0.98   0.01   0.01   0.89   0.01   0.96   0.01   0.01   0.04   0.96   0.70   0.00   0.02   0.92   0.02   0.01   1.00   0.02   0.04   0.02   0.90   0.04   0.04   0.93   0.00   0.85   0.98   1.00   0.01   0.08   0.98   0.99   0.98   0.02   0.01   0.98   0.01   1.00   0.98   0.02   0.02   0.98   0.01   1.00   0.03   0.98   0.41   0.98   0.98   0.89   0.98   0.99   1.00   0.01   0.06   0.99   0.89   0.88   0.99   0.98   0.98   0.08   0.98   0.98   0.98   0.98   0.98   

5.00   5.00   5.00   5.00   5.00   5.00   5.00   5.00   5.00   5.00   5.00   5.00   5.00   5.00   5.00   5.00   5.00   5.00   5.00   5.00   5.00   5.00   5.00   5.00   5.00   5.00   5.00   5.00   5.00   5.00   5.00   5.00   5.00   5.00   5.00   5.00   5.00   5.00   5.00   5.00   5.00   5.00   5.00   5.00   5.00   5.00   5.00   5.00   5.00   5.00   5.00   5.00   5.00   5.00   5.00   5.00   5.00   5.00   5.00   5.00   5.00   5.00   5.00   5.00   5.00   5.00   5.00   5.00   5.00   5.00   5.00   5.00   5.00   5.00   5.00   5.00   5.00   5.00   
0.03   0.03   0.03   0.03   0.24   0.04   0.03   0.24   0.03   0.03   0.24   0.97   0.03   0.24   0.24   0.03   0.18   0.03   0.03   0.03   0.03   0.04   0.03   0.24   0.18   0.03   0.24   0.76   0.24   0.03   0.03   0.03   0.03   0.30   0.76   0.24   0.03   0.97   0.97   0.03   0.03   0.99   0.97   0.99   0.03   0.24   0.99   0.03   0.76   0.97   0.24   0.03   0.99   0.24   0.76   0.30   0.97   0.76   0.97   0.97   0.76   0.97   0.76   0.76   0.24   0.03   0.76   0.76   0.30   0.80   0.97   0.97   0.24   0.97   0.97   0.76   0.97   0.97   
0.03   0.03   0.03   0.03   0.24   0.04   0.03   0.24   0.03   0.03   0.24   0.97   0.03   0.24   0.24   0.03   0.18   0.03   0.03   0.03   0.03   0.04   0.03   0.24   0.18   0.03   0.24   0.76   0.24   0.03   0.03   0.03   0.03   0.30   0.76   0.24   0.03   0.97   0.97   0.03   0.03   0.99   0.97   0.99   0.03   0.24   0.99   0.03   0.76   0.97   0.24   0.03   0.99   0.24   0.76   0.30   0.97   0.76   0.97   0.97   0.76   0.97   0.76   0.76   0.24   0.03   0.76   0.76   0.30   0.80   0.97   0.97   0.24   0.97   0.97   0.76   0.97   0.97   
0.13   0.50   0.16   0.37   0.14   0.50   0.74   0.50   0.56   0.07   0.44   0.50   0.07   0.05   0.84   0.10   0.78   0.50   0.25   0.50   0.94   0.44   0.50   0.19   0.65   0.19   0.50   0.50   0.20   0.50   0.23   0.79   0.50   0.50   0.65   0.50   0.54   0.50   0.50   0.02   0.62   0.50   0.70   0.50   0.22   0.50   0.50   0.17   0.50   0.50   0.24   0.28   0.50   0.20   0.50   0.03   0.50   0.22   0.50   0.50   0.50   0.50   0.82   0.50   0.50   0.72   0.92   0.50   0.86   0.50   0.50   0.50   0.66   0.50   0.50   0.78   0.50   0.50   
0.01   0.04   0.01   0.02   0.07   0.04   0.09   0.04   0.04   0.00   0.27   0.98   0.00   0.02   0.90   0.00   0.86   0.04   0.01   0.04   0.85   0.07   0.04   0.10   0.77   0.01   0.04   0.86   0.11   0.04   0.01   0.59   0.04   0.04   0.92   0.04   0.04   0.98   0.98   0.00   0.05   0.98   0.99   0.98   0.01   0.04   0.98   0.01   0.86   0.98   0.13   0.01   0.98   0.10   0.86   0.02   0.98   0.41   0.98   0.98   0.87   0.98   0.97   0.86   0.04   0.08   0.99   0.87   0.93   0.87   0.98   0.98   0.76   0.98   0.98   0.96   0.98   0.98   

5.00   5.00   5.00   5.00   5.00   5.00   5.00   5.00   5.00   5.00   5.00   5.00   5.00   5.00   5.00   5.00   5.00   5.00   5.00   5.00   5.00   5.00   5.00   5.00   5.00   5.00   5.00   5.00   5.00   5.00   5.00   5.00   5.00   5.00   5.00   5.00   5.00   5.00   5.00   5.00   5.00   5.00   5.00   5.00   5.00   5.00   5.00   5.00   5.00   5.00   5.00   5.00   5.00   5.00   5.00   5.00   5.00   5.00   5.00   5.00   5.00   5.00   5.00   5.00   5.00   5.00   5.00   5.00   5.00   5.00   5.00   5.00   5.00   5.00   5.00   5.00   5.00   5.00   
0.03   0.01   0.03   0.03   0.26   0.05   0.03   0.26   0.03   0.03   0.26   0.97   0.03   0.26   0.26   0.03   0.19   0.03   0.03   0.03   0.03   0.05   0.03   0.26   0.19   0.03   0.26   0.60   0.26   0.01   0.03   0.03   0.01   0.33   0.75   0.26   0.03   0.97   0.97   0.01   0.03   0.99   0.97   0.99   0.03   0.26   0.99   0.03   0.75   0.97   0.18   0.03   0.99   0.18   0.75   0.33   0.97   0.75   0.97   0.97   0.75   0.97   0.75   0.75   0.26   0.03   0.75   0.75   0.33   0.79   0.97   0.97   0.18   0.97   0.97   0.60   0.97   0.97   
0.03   0.01   0.03   0.03   0.26   0.05   0.03   0.26   0.03   0.03   0.26   0.97   0.03   0.26   0.26   0.03   0.19   0.03   0.03   0.03   0.03   0.05   0.03   0.26   0.19   0.03   0.26   0.60   0.26   0.01   0.03   0.03   0.01   0.33   0.75   0.26   0.03   0.97   0.97   0.01   0.03   0.99   0.97   0.99   0.03   0.26   0.99   0.03   0.75   0.97   0.18   0.03   0.99   0.18   0.75   0.33   0.97   0.75   0.97   0.97   0.75   0.97   0.75   0.75   0.26   0.03   0.75   0.75   0.33   0.79   0.97   0.97   0.18   0.97   0.97   0.60   0.97   0.97   
0.50   0.50   0.50   0.41   0.12   0.50   0.61   0.50   0.51   0.50   0.24   0.50   0.50   0.02   0.86   0.50   0.67   0.50   0.16   0.50   0.92   0.47   0.50   0.12   0.65   0.16   0.50   0.50   0.08   0.50   0.10   0.27   0.50   0.50   0.62   0.50   0.41   0.50   0.50   0.50   0.58   0.50   0.72   0.50   0.31   0.50   0.50   0.50   0.50   0.50   0.22   0.25   0.50   0.19   0.50   0.01   0.50   0.15   0.50   0.50   0.50   0.50   0.60   0.50   0.50   0.77   0.86   0.50   0.90   0.50   0.50   0.50   0.64   0.50   0.50   0.82   0.50   0.50   
0.03   0.04   0.03   0.02   0.05   0.04   0.04   0.04   0.03   0.03   0.11   0.98   0.03   0.01   0.91   0.03   0.79   0.04   0.01   0.04   0.81   0.04   0.04   0.05   0.77   0.01   0.04   0.88   0.03   0.04   0.00   0.01   0.04   0.04   0.92   0.04   0.02   0.98   0.98   0.03   0.03   0.98   0.99   0.98   0.01   0.04   0.98   0.03   0.88   0.98   0.14   0.01   0.98   0.12   0.88   0.01   0.98   0.29   0.98   0.98   0.88   0.98   0.92   0.88   0.04   0.54   0.98   0.88   0.95   0.89   0.98   0.98   0.79   0.98   0.98   0.98   0.98   0.98   

5.00   5.00   5.00   5.00   5.00   5.00   5.00   5.00   5.00   5.00   5.00   5.00   5.00   5.00   5.00   5.00   5.00   5.00   5.00   5.00   5.00   5.00   5.00   5.00   5.00   5.00   5.00   5.00   5.00   5.00   5.00   5.00   5.00   5.00   5.00   5.00   5.00   5.00   5.00   5.00   5.00   5.00   5.00   5.00   5.00   5.00   5.00   5.00   5.00   5.00   5.00   5.00   5.00   5.00   5.00   5.00   5.00   5.00   5.00   5.00   5.00   5.00   5.00   5.00   5.00   5.00   5.00   5.00   5.00   5.00   5.00   5.00   5.00   5.00   5.00   5.00   5.00   5.00   
0.04   0.01   0.04   0.04   0.28   0.19   0.04   0.28   0.04   0.04   0.28   0.98   0.04   0.28   0.55   0.04   0.21   0.04   0.04   0.04   0.04   0.07   0.04   0.55   0.21   0.04   0.28   0.50   0.55   0.01   0.04   0.04   0.01   0.64   0.84   0.28   0.04   0.92   0.98   0.01   0.04   0.99   0.98   0.94   0.04   0.55   0.99   0.04   0.84   0.98   0.18   0.04   0.99   0.18   0.67   0.64   0.92   0.67   0.92   0.98   0.84   0.92   0.84   0.84   0.28   0.04   0.67   0.67   0.37   0.77   0.92   0.98   0.18   0.98   0.98   0.50   0.98   0.98   
0.04   0.01   0.04   0.04   0.28   0.19   0.04   0.28   0.04   0.04   0.28   0.98   0.04   0.28   0.55   0.04   0.21   0.04   0.04   0.04   0.04   0.07   0.04   0.55   0.21   0.04   0.28   0.50   0.55   0.01   0.04   0.04   0.01   0.64   0.84   0.28   0.04   0.92   0.98   0.01   0.04   0.99   0.98   0.94   0.04   0.55   0.99   0.04   0.84   0.98   0.18   0.04   0.99   0.18   0.67   0.64   0.92   0.67   0.92   0.98   0.84   0.92   0.84   0.84   0.28   0.04   0.67   0.67   0.37   0.77   0.92   0.98   0.18   0.98   0.98   0.50   0.98   0.98   
0.50   0.50   0.50   0.35   0.08   0.50   0.53   0.50   0.47   0.50   0.21   0.50   0.50   0.02   0.88   0.50   0.61   0.50   0.50   0.50   0.90   0.51   0.50   0.13   0.66   0.50   0.50   0.50   0.04   0.50   0.50   0.26   0.50   0.50   0.70   0.50   0.49   0.50   0.50   0.50   0.58   0.50   0.87   0.50   0.27   0.50   0.50   0.50   0.50   0.50   0.16   0.25   0.50   0.12   0.50   0.50   0.50   0.12   0.50   0.50   0.50   0.50   0.48   0.50   0.50   0.74   0.86   0.50   0.91   0.50   0.50   0.50   0.66   0.50   0.50   0.86   0.50   0.50   
0.03   0.04   0.03   0.01   0.03   0.04   0.03   0.04   0.02   0.03   0.07   0.98   0.03   0.01   0.96   0.03   0.59   0.04   0.02   0.04   0.68   0.05   0.04   0.14   0.65   0.02   0.04   0.87   0.04   0.04   0.02   0.01   0.04   0.04   0.96   0.04   0.02   0.98   0.98   0.03   0.03   0.98   1.00   0.98   0.01   0.04   0.98   0.03   0.87   0.98   0.06   0.01   0.98   0.04   0.87   0.67   0.98   0.15   0.98   0.98   0.88   0.98   0.90   0.87   0.04   0.07   0.96   0.88   0.93   0.90   0.98   0.98   0.40   0.98   0.98   0.96   0.98   0.98   

5.00   5.00   5.00   5.00   5.00   5.00   5.00   5.00   5.00   5.00   5.00   5.00   5.00   5.00   5.00   5.00   5.00   5.00   5.00   5.00   5.00   5.00   5.00   5.00   5.00   5.00   5.00   5.00   5.00   5.00   5.00   5.00   5.00   5.00   5.00   5.00   5.00   5.00   5.00   5.00   5.00   5.00   5.00   5.00   5.00   5.00   5.00   5.00   5.00   5.00   5.00   5.00   5.00   5.00   5.00   5.00   5.00   5.00   5.00   5.00   5.00   5.00   5.00   5.00   5.00   5.00   5.00   5.00   5.00   5.00   5.00   5.00   5.00   5.00   5.00   5.00   5.00   5.00   
0.03   0.01   0.03   0.03   0.26   0.19   0.03   0.26   0.03   0.03   0.32   0.97   0.03   0.26   0.57   0.03   0.21   0.03   0.03   0.03   0.06   0.09   0.03   0.51   0.24   0.03   0.26   0.55   0.51   0.01   0.03   0.03   0.01   0.60   0.82   0.26   0.03   0.93   0.97   0.01   0.03   0.99   0.99   0.93   0.03   0.51   0.99   0.03   0.82   0.99   0.17   0.03   0.99   0.17   0.64   0.60   0.91   0.64   0.91   0.97   0.82   0.91   0.82   0.82   0.26   0.03   0.64   0.64   0.34   0.73   0.91   0.99   0.17   0.97   0.97   0.49   0.97   0.97   
0.03   0.01   0.03   0.03   0.26   0.19   0.03   0.26   0.03   0.03   0.32   0.97   0.03   0.26   0.57   0.03   0.21   0.03   0.03   0.03   0.06   0.09   0.03   0.51   0.24   0.03   0.26   0.55   0.51   0.01   0.03   0.03   0.01   0.60   0.82   0.26   0.03   0.93   0.97   0.01   0.03   0.99   0.99   0.93   0.03   0.51   0.99   0.03   0.82   0.99   0.17   0.03   0.99   0.17   0.64   0.60   0.91   0.64   0.91   0.97   0.82   0.91   0.82   0.82   0.26   0.03   0.64   0.64   0.34   0.73   0.91   0.99   0.17   0.97   0.97   0.49   0.97   0.97   
0.50   0.50   0.50   0.29   0.07   0.50   0.50   0.50   0.56   0.50   0.18   0.50   0.50   0.50   0.91   0.50   0.60   0.50   0.50   0.50   0.93   0.53   0.50   0.13   0.62   0.50   0.50   0.50   0.03   0.50   0.50   0.26   0.50   0.50   0.63   0.50   0.42   0.50   0.50   0.50   0.62   0.50   0.50   0.50   0.28   0.50   0.50   0.50   0.50   0.50   0.17   0.21   0.50   0.16   0.50   0.50   0.50   0.19   0.50   0.50   0.50   0.50   0.66   0.50   0.50   0.75   0.90   0.50   0.92   0.50   0.50   0.50   0.64   0.50   0.50   0.90   0.50   0.50   
0.03   0.04   0.03   0.01   0.02   0.04   0.03   0.04   0.03   0.03   0.11   0.98   0.03   0.24   0.98   0.03   0.66   0.04   0.03   0.04   0.89   0.52   0.04   0.15   0.76   0.03   0.04   0.87   0.03   0.04   0.03   0.01   0.04   0.04   0.93   0.04   0.02   0.98   0.98   0.03   0.04   0.98   0.98   0.98   0.01   0.04   0.98   0.03   0.87   0.98   0.05   0.01   0.98   0.05   0.87   0.73   0.98   0.24   0.98   0.98   0.88   0.98   0.94   0.87   0.04   0.07   0.97   0.88   0.95   0.90   0.98   0.98   0.33   0.98   0.98   0.97   0.98   0.98   

5.00   5.00   5.00   5.00   5.00   5.00   5.00   5.00   5.00   5.00   5.00   5.00   5.00   5.00   5.00   5.00   5.00   5.00   5.00   5.00   5.00   5.00   5.00   5.00   5.00   5.00   5.00   5.00   5.00   5.00   5.00   5.00   5.00   5.00   5.00   5.00   5.00   5.00   5.00   5.00   5.00   5.00   5.00   5.00   5.00   5.00   5.00   5.00   5.00   5.00   5.00   5.00   5.00   5.00   5.00   5.00   5.00   5.00   5.00   5.00   5.00   5.00   5.00   5.00   5.00   5.00   5.00   5.00   5.00   5.00   5.00   5.00   5.00   5.00   5.00   5.00   5.00   5.00   
0.03   0.01   0.03   0.03   0.24   0.13   0.03   0.24   0.03   0.03   0.30   0.93   0.03   0.24   0.49   0.03   0.22   0.03   0.03   0.03   0.05   0.08   0.03   0.42   0.25   0.03   0.24   0.83   0.42   0.01   0.03   0.03   0.01   0.49   0.77   0.24   0.03   0.97   0.99   0.01   0.03   0.99   0.95   0.97   0.03   0.42   0.95   0.03   0.77   0.99   0.17   0.03   0.95   0.17   0.86   0.49   0.88   0.63   0.96   0.99   0.77   0.88   0.77   0.77   0.24   0.03   0.86   0.86   0.30   0.69   0.96   0.99   0.17   0.99   0.93   0.52   0.99   0.93   
0.03   0.01   0.03   0.03   0.24   0.13   0.03   0.24   0.03   0.03   0.30   0.93   0.03   0.24   0.49   0.03   0.22   0.03   0.03   0.03   0.05   0.08   0.03   0.42   0.25   0.03   0.24   0.83   0.42   0.01   0.03   0.03   0.01   0.49   0.77   0.24   0.03   0.97   0.99   0.01   0.03   0.99   0.95   0.97   0.03   0.42   0.95   0.03   0.77   0.99   0.17   0.03   0.95   0.17   0.86   0.49   0.88   0.63   0.96   0.99   0.77   0.88   0.77   0.77   0.24   0.03   0.86   0.86   0.30   0.69   0.96   0.99   0.17   0.99   0.93   0.52   0.99   0.93   
0.50   0.50   0.50   0.38   0.10   0.50   0.61   0.50   0.66   0.50   0.24   0.50   0.50   0.50   0.94   0.50   0.70   0.50   0.50   0.50   0.95   0.64   0.50   0.19   0.71   0.50   0.50   0.50   0.05   0.50   0.50   0.35   0.50   0.50   0.72   0.50   0.52   0.50   0.50   0.50   0.71   0.50   0.50   0.50   0.37   0.50   0.50   0.50   0.50   0.50   0.23   0.28   0.50   0.21   0.50   0.50   0.50   0.25   0.50   0.50   0.50   0.50   0.75   0.50   0.50   0.82   0.93   0.50   0.95   0.50   0.50   0.50   0.73   0.50   0.50   0.93   0.50   0.50   
0.03   0.04   0.03   0.02   0.04   0.59   0.05   0.59   0.06   0.03   0.18   0.98   0.03   0.27   0.99   0.03   0.80   0.04   0.03   0.59   0.94   0.66   0.04   0.20   0.86   0.03   0.04   0.88   0.05   0.59   0.03   0.02   0.59   0.59   0.95   0.04   0.03   0.98   0.98   0.03   0.07   0.98   0.98   0.98   0.02   0.04   0.98   0.03   0.88   0.98   0.07   0.01   0.98   0.07   0.88   0.75   0.98   0.37   0.98   0.98   0.88   0.98   0.96   0.88   0.04   0.13   0.99   0.88   0.97   0.89   0.98   0.98   0.41   0.98   0.98   0.98   0.98   0.98   

5.00   5.00   5.00   5.00   5.00   5.00   5.00   5.00   5.00   5.00   5.00   5.00   5.00   5.00   5.00   5.00   5.00   5.00   5.00   5.00   5.00   5.00   5.00   5.00   5.00   5.00   5.00   5.00   5.00   5.00   5.00   5.00   5.00   5.00   5.00   5.00   5.00   5.00   5.00   5.00   5.00   5.00   5.00   5.00   5.00   5.00   5.00   5.00   5.00   5.00   5.00   5.00   5.00   5.00   5.00   5.00   5.00   5.00   5.00   5.00   5.00   5.00   5.00   5.00   5.00   5.00   5.00   5.00   5.00   5.00   5.00   5.00   5.00   5.00   5.00   5.00   5.00   5.00   
0.03   0.04   0.03   0.03   0.23   0.13   0.03   0.23   0.03   0.03   0.39   0.92   0.03   0.32   0.47   0.03   0.21   0.03   0.03   0.03   0.05   0.07   0.03   0.51   0.25   0.03   0.32   0.85   0.40   0.01   0.03   0.03   0.01   0.47   0.74   0.23   0.03   0.97   0.99   0.01   0.03   0.99   0.95   0.96   0.03   0.51   0.93   0.03   0.80   0.99   0.17   0.06   0.95   0.25   0.83   0.57   0.86   0.59   0.95   0.98   0.74   0.86   0.80   0.74   0.32   0.03   0.83   0.83   0.29   0.67   0.96   0.99   0.17   0.99   0.92   0.50   0.98   0.94   
0.03   0.04   0.03   0.03   0.23   0.13   0.03   0.23   0.03   0.03   0.39   0.92   0.03   0.32   0.47   0.03   0.21   0.03   0.03   0.03   0.05   0.07   0.03   0.51   0.25   0.03   0.32   0.85   0.40   0.01   0.03   0.03   0.01   0.47   0.74   0.23   0.03   0.97   0.99   0.01   0.03   0.99   0.95   0.96   0.03   0.51   0.93   0.03   0.80   0.99   0.17   0.06   0.95   0.25   0.83   0.57   0.86   0.59   0.95   0.98   0.74   0.86   0.80   0.74   0.32   0.03   0.83   0.83   0.29   0.67   0.96   0.99   0.17   0.99   0.92   0.50   0.98   0.94   
0.50   0.50   0.50   0.26   0.07   0.50   0.47   0.50   0.52   0.50   0.16   0.50   0.50   0.50   0.90   0.50   0.57   0.50   0.50   0.50   0.92   0.50   0.50   0.12   0.59   0.50   0.50   0.50   0.03   0.50   0.50   0.24   0.50   0.50   0.59   0.50   0.39   0.50   0.50   0.50   0.58   0.50   0.50   0.50   0.25   0.50   0.50   0.50   0.50   0.50   0.15   0.19   0.50   0.14   0.50   0.50   0.50   0.17   0.50   0.50   0.50   0.50   0.63   0.50   0.50   0.72   0.88   0.50   0.90   0.50   0.50   0.50   0.60   0.50   0.50   0.89   0.50   0.50   
0.03   0.04   0.03   0.01   0.02   0.57   0.02   0.57   0.03   0.03   0.12   0.98   0.03   0.25   0.97   0.03   0.32   0.04   0.03   0.57   0.80   0.14   0.04   0.16   0.60   0.03   0.04   0.87   0.03   0.57   0.03   0.01   0.57   0.57   0.90   0.04   0.02   0.98   0.98   0.03   0.04   0.98   0.98   0.98   0.01   0.04   0.98   0.03   0.87   0.98   0.04   0.02   0.98   0.07   0.87   0.71   0.98   0.17   0.98   0.98   0.87   0.98   0.93   0.87   0.04   0.06   0.97   0.87   0.92   0.91   0.98   0.98   0.29   0.98   0.98   0.95   0.98   0.98   

5.00   5.00   5.00   5.00   5.00   5.00   5.00   5.00   5.00   5.00   5.00   5.00   5.00   5.00   5.00   5.00   5.00   5.00   5.00   5.00   5.00   5.00   5.00   5.00   5.00   5.00   5.00   5.00   5.00   5.00   5.00   5.00   5.00   5.00   5.00   5.00   5.00   5.00   5.00   5.00   5.00   5.00   5.00   5.00   5.00   5.00   5.00   5.00   5.00   5.00   5.00   5.00   5.00   5.00   5.00   5.00   5.00   5.00   5.00   5.00   5.00   5.00   5.00   5.00   5.00   5.00   5.00   5.00   5.00   5.00   5.00   5.00   5.00   5.00   5.00   5.00   5.00   5.00   
0.02   0.04   0.02   0.02   0.19   0.13   0.02   0.19   0.02   0.02   0.33   0.83   0.02   0.27   0.56   0.02   0.38   0.02   0.02   0.02   0.19   0.08   0.02   0.40   0.43   0.02   0.27   0.86   0.32   0.01   0.02   0.02   0.01   0.37   0.62   0.19   0.02   0.97   0.99   0.01   0.02   0.99   0.96   0.89   0.02   0.40   0.93   0.02   0.81   0.99   0.33   0.06   0.95   0.40   0.71   0.44   0.87   0.68   0.94   0.98   0.77   0.76   0.68   0.62   0.27   0.02   0.71   0.83   0.43   0.67   0.96   0.99   0.15   0.99   0.92   0.63   0.98   0.94   
0.02   0.04   0.02   0.02   0.19   0.13   0.02   0.19   0.02   0.02   0.33   0.83   0.02   0.27   0.56   0.02   0.38   0.02   0.02   0.02   0.19   0.08   0.02   0.40   0.43   0.02   0.27   0.86   0.32   0.01   0.02   0.02   0.01   0.37   0.62   0.19   0.02   0.97   0.99   0.01   0.02   0.99   0.96   0.89   0.02   0.40   0.93   0.02   0.81   0.99   0.33   0.06   0.95   0.40   0.71   0.44   0.87   0.68   0.94   0.98   0.77   0.76   0.68   0.62   0.27   0.02   0.71   0.83   0.43   0.67   0.96   0.99   0.15   0.99   0.92   0.63   0.98   0.94   
0.50   0.50   0.50   0.26   0.06   0.50   0.48   0.50   0.54   0.50   0.15   0.50   0.50   0.50   0.92   0.50   0.59   0.50   0.50   0.50   0.94   0.51   0.50   0.11   0.61   0.50   0.50   0.50   0.02   0.50   0.50   0.23   0.50   0.50   0.62   0.50   0.39   0.50   0.50   0.50   0.61   0.50   0.50   0.50   0.25   0.50   0.50   0.50   0.50   0.50   0.14   0.18   0.50   0.13   0.50   0.50   0.50   0.16   0.50   0.50   0.50   0.50   0.65   0.50   0.50   0.75   0.91   0.50   0.93   0.50   0.50   0.50   0.63   0.50   0.50   0.91   0.50   0.50   
0.03   0.04   0.03   0.01   0.01   0.57   0.02   0.57   0.02   0.03   0.09   0.98   0.03   0.25   0.98   0.03   0.68   0.04   0.03   0.57   0.92   0.14   0.04   0.10   0.77   0.03   0.04   0.87   0.01   0.57   0.03   0.01   0.57   0.57   0.87   0.04   0.01   0.98   0.98   0.03   0.03   0.98   0.98   0.98   0.01   0.04   0.98   0.03   0.87   0.98   0.09   0.01   0.98   0.11   0.87   0.70   0.98   0.26   0.98   0.98   0.87   0.98   0.91   0.87   0.04   0.06   0.98   0.87   0.96   0.89   0.98   0.98   0.29   0.98   0.98   0.98   0.98   0.98   

5.00   5.00   5.00   5.00   5.00   5.00   5.00   5.00   5.00   5.00   5.00   5.00   5.00   5.00   5.00   5.00   5.00   5.00   5.00   5.00   5.00   5.00   5.00   5.00   5.00   5.00   5.00   5.00   5.00   5.00   5.00   5.00   5.00   5.00   5.00   5.00   5.00   5.00   5.00   5.00   5.00   5.00   5.00   5.00   5.00   5.00   5.00   5.00   5.00   5.00   5.00   5.00   5.00   5.00   5.00   5.00   5.00   5.00   5.00   5.00   5.00   5.00   5.00   5.00   5.00   5.00   5.00   5.00   5.00   5.00   5.00   5.00   5.00   5.00   5.00   5.00   5.00   5.00   
0.02   0.03   0.02   0.02   0.15   0.11   0.02   0.15   0.02   0.02   0.26   0.84   0.02   0.20   0.63   0.02   0.32   0.02   0.02   0.02   0.33   0.24   0.02   0.30   0.36   0.17   0.20   0.85   0.24   0.01   0.02   0.02   0.01   0.28   0.67   0.15   0.02   0.97   0.99   0.01   0.02   0.99   0.96   0.88   0.02   0.30   0.94   0.02   0.83   0.99   0.25   0.05   0.96   0.31   0.55   0.34   0.87   0.71   0.83   0.98   0.79   0.77   0.54   0.67   0.20   0.02   0.55   0.82   0.34   0.70   0.96   0.99   0.11   0.99   0.92   0.48   0.98   0.95   
0.02   0.03   0.02   0.02   0.15   0.11   0.02   0.15   0.02   0.02   0.26   0.84   0.02   0.20   0.63   0.02   0.32   0.02   0.02   0.02   0.33   0.24   0.02   0.30   0.36   0.17   0.20   0.85   0.24   0.01   0.02   0.02   0.01   0.28   0.67   0.15   0.02   0.97   0.99   0.01   0.02   0.99   0.96   0.88   0.02   0.30   0.94   0.02   0.83   0.99   0.25   0.05   0.96   0.31   0.55   0.34   0.87   0.71   0.83   0.98   0.79   0.77   0.54   0.67   0.20   0.02   0.55   0.82   0.34   0.70   0.96   0.99   0.11   0.99   0.92   0.48   0.98   0.95   
0.50   0.50   0.50   0.38   0.13   0.50   0.57   0.50   0.54   0.50   0.27   0.50   0.50   0.50   0.92   0.50   0.63   0.50   0.50   0.50   0.87   0.66   0.50   0.08   0.77   0.50   0.50   0.50   0.06   0.50   0.50   0.50   0.50   0.50   0.54   0.50   0.47   0.50   0.50   0.50   0.52   0.50   0.50   0.50   0.25   0.50   0.50   0.50   0.50   0.50   0.16   0.17   0.50   0.18   0.50   0.50   0.50   0.18   0.50   0.50   0.50   0.50   0.59   0.50   0.50   0.77   0.87   0.50   0.94   0.50   0.50   0.50   0.72   0.50   0.50   0.85   0.50   0.50   
0.03   0.04   0.03   0.01   0.03   0.58   0.03   0.58   0.02   0.03   0.17   0.98   0.03   0.23   0.99   0.03   0.74   0.04   0.03   0.58   0.93   0.77   0.04   0.05   0.90   0.03   0.04   0.87   0.03   0.58   0.03   0.02   0.58   0.58   0.87   0.04   0.02   0.98   0.98   0.03   0.02   0.98   0.98   0.98   0.01   0.04   0.98   0.03   0.87   0.98   0.08   0.01   0.98   0.12   0.87   0.75   0.98   0.40   0.98   0.98   0.88   0.98   0.84   0.87   0.04   0.06   0.96   0.88   0.97   0.90   0.98   0.98   0.31   0.98   0.98   0.95   0.98   0.98   

5.00   5.00   5.00   5.00   5.00   5.00   5.00   5.00   5.00   5.00   5.00   5.00   5.00   5.00   5.00   5.00   5.00   5.00   5.00   5.00   5.00   5.00   5.00   5.00   5.00   5.00   5.00   5.00   5.00   5.00   5.00   5.00   5.00   5.00   5.00   5.00   5.00   5.00   5.00   5.00   5.00   5.00   5.00   5.00   5.00   5.00   5.00   5.00   5.00   5.00   5.00   5.00   5.00   5.00   5.00   5.00   5.00   5.00   5.00   5.00   5.00   5.00   5.00   5.00   5.00   5.00   5.00   5.00   5.00   5.00   5.00   5.00   5.00   5.00   5.00   5.00   5.00   5.00   
0.02   0.03   0.02   0.02   0.15   0.11   0.01   0.15   0.02   0.01   0.22   0.84   0.02   0.20   0.63   0.02   0.31   0.01   0.02   0.02   0.32   0.21   0.02   0.30   0.33   0.14   0.20   0.86   0.24   0.01   0.01   0.01   0.01   0.28   0.67   0.12   0.02   0.97   0.99   0.01   0.01   0.99   0.97   0.88   0.02   0.30   0.94   0.02   0.83   0.99   0.25   0.04   0.96   0.31   0.55   0.34   0.88   0.71   0.83   0.96   0.79   0.78   0.54   0.67   0.17   0.02   0.55   0.82   0.34   0.70   0.96   0.99   0.10   0.99   0.93   0.49   0.96   0.95   
0.02   0.03   0.02   0.02   0.15   0.11   0.01   0.15   0.02   0.01   0.22   0.84   0.02   0.20   0.63   0.02   0.31   0.01   0.02   0.02   0.32   0.21   0.02   0.30   0.33   0.14   0.20   0.86   0.24   0.01   0.01   0.01   0.01   0.28   0.67   0.12   0.02   0.97   0.99   0.01   0.01   0.99   0.97   0.88   0.02   0.30   0.94   0.02   0.83   0.99   0.25   0.04   0.96   0.31   0.55   0.34   0.88   0.71   0.83   0.96   0.79   0.78   0.54   0.67   0.17   0.02   0.55   0.82   0.34   0.70   0.96   0.99   0.10   0.99   0.93   0.49   0.96   0.95   
0.50   0.50   0.50   0.39   0.14   0.50   0.58   0.50   0.55   0.50   0.28   0.50   0.50   0.50   0.93   0.50   0.65   0.50   0.50   0.50   0.88   0.68   0.50   0.08   0.79   0.50   0.50   0.50   0.06   0.50   0.50   0.50   0.50   0.50   0.55   0.50   0.49   0.50   0.50   0.50   0.54   0.50   0.50   0.50   0.26   0.50   0.50   0.50   0.50   0.50   0.17   0.18   0.50   0.18   0.50   0.50   0.50   0.18   0.50   0.50   0.50   0.50   0.61   0.50   0.50   0.79   0.88   0.50   0.95   0.50   0.50   0.50   0.74   0.50   0.50   0.87   0.50   0.50   
0.02   0.04   0.02   0.01   0.03   0.59   0.02   0.59   0.03   0.02   0.16   0.98   0.02   0.22   0.99   0.02   0.78   0.04   0.03   0.59   0.94   0.78   0.04   0.05   0.91   0.03   0.04   0.88   0.03   0.59   0.03   0.02   0.59   0.59   0.88   0.04   0.02   0.98   0.98   0.02   0.02   0.98   0.98   0.98   0.01   0.04   0.98   0.02   0.88   0.98   0.09   0.01   0.98   0.12   0.88   0.76   0.98   0.43   0.98   0.98   0.88   0.98   0.86   0.88   0.04   0.07   0.96   0.88   0.97   0.90   0.98   0.98   0.31   0.98   0.98   0.96   0.98   0.98   

5.00   5.00   5.00   5.00   5.00   5.00   5.00   5.00   5.00   5.00   5.00   5.00   5.00   5.00   5.00   5.00   5.00   5.00   5.00   5.00   5.00   5.00   5.00   5.00   5.00   5.00   5.00   5.00   5.00   5.00   5.00   5.00   5.00   5.00   5.00   5.00   5.00   5.00   5.00   5.00   5.00   5.00   5.00   5.00   5.00   5.00   5.00   5.00   5.00   5.00   5.00   5.00   5.00   5.00   5.00   5.00   5.00   5.00   5.00   5.00   5.00   5.00   5.00   5.00   5.00   5.00   5.00   5.00   5.00   5.00   5.00   5.00   5.00   5.00   5.00   5.00   5.00   5.00   
0.04   0.03   0.04   0.02   0.18   0.11   0.01   0.14   0.02   0.01   0.22   0.85   0.04   0.19   0.66   0.02   0.30   0.01   0.02   0.02   0.36   0.22   0.02   0.34   0.32   0.17   0.23   0.87   0.24   0.01   0.01   0.01   0.01   0.32   0.66   0.12   0.02   0.97   0.99   0.02   0.03   0.99   0.97   0.89   0.02   0.29   0.95   0.02   0.82   0.99   0.29   0.03   0.95   0.30   0.53   0.38   0.86   0.74   0.82   0.97   0.81   0.79   0.57   0.69   0.20   0.02   0.53   0.81   0.33   0.70   0.96   0.99   0.09   0.98   0.92   0.47   0.95   0.94   
0.04   0.03   0.04   0.02   0.18   0.11   0.01   0.14   0.02   0.01   0.22   0.85   0.04   0.19   0.66   0.02   0.30   0.01   0.02   0.02   0.36   0.22   0.02   0.34   0.32   0.17   0.23   0.87   0.24   0.01   0.01   0.01   0.01   0.32   0.66   0.12   0.02   0.97   0.99   0.02   0.03   0.99   0.97   0.89   0.02   0.29   0.95   0.02   0.82   0.99   0.29   0.03   0.95   0.30   0.53   0.38   0.86   0.74   0.82   0.97   0.81   0.79   0.57   0.69   0.20   0.02   0.53   0.81   0.33   0.70   0.96   0.99   0.09   0.98   0.92   0.47   0.95   0.94   
0.50   0.50   0.50   0.39   0.15   0.50   0.57   0.50   0.54   0.50   0.29   0.50   0.50   0.50   0.91   0.50   0.63   0.50   0.50   0.50   0.86   0.66   0.50   0.09   0.76   0.50   0.50   0.50   0.07   0.50   0.50   0.50   0.50   0.50   0.54   0.50   0.48   0.50   0.50   0.50   0.53   0.50   0.50   0.50   0.27   0.50   0.50   0.50   0.50   0.50   0.18   0.19   0.50   0.19   0.50   0.50   0.50   0.19   0.50   0.50   0.50   0.50   0.59   0.50   0.50   0.76   0.86   0.50   0.93   0.50   0.50   0.50   0.72   0.50   0.50   0.84   0.50   0.50   
0.03   0.04   0.03   0.01   0.05   0.59   0.02   0.59   0.02   0.03   0.14   0.98   0.03   0.22   0.99   0.03   0.50   0.04   0.03   0.59   0.93   0.70   0.04   0.08   0.84   0.03   0.04   0.87   0.03   0.59   0.03   0.02   0.59   0.59   0.85   0.04   0.02   0.98   0.98   0.03   0.07   0.98   0.98   0.98   0.01   0.04   0.98   0.03   0.87   0.98   0.13   0.01   0.98   0.11   0.87   0.75   0.98   0.45   0.98   0.98   0.88   0.98   0.85   0.87   0.04   0.06   0.93   0.88   0.95   0.91   0.98   0.98   0.26   0.98   0.98   0.93   0.98   0.98   

5.00   5.00   5.00   5.00   5.00   5.00   5.00   5.00   5.00   5.00   5.00   5.00   5.00   5.00   5.00   5.00   5.00   5.00   5.00   5.00   5.00   5.00   5.00   5.00   5.00   5.00   5.00   5.00   5.00   5.00   5.00   5.00   5.00   5.00   5.00   5.00   5.00   5.00   5.00   5.00   5.00   5.00   5.00   5.00   5.00   5.00   5.00   5.00   5.00   5.00   5.00   5.00   5.00   5.00   5.00   5.00   5.00   5.00   5.00   5.00   5.00   5.00   5.00   5.00   5.00   5.00   5.00   5.00   5.00   5.00   5.00   5.00   5.00   5.00   5.00   5.00   5.00   5.00   
0.04   0.03   0.04   0.02   0.18   0.10   0.01   0.14   0.02   0.01   0.20   0.90   0.04   0.19   0.62   0.02   0.30   0.01   0.02   0.02   0.31   0.18   0.02   0.33   0.30   0.14   0.23   0.90   0.24   0.01   0.01   0.01   0.01   0.32   0.63   0.12   0.02   0.92   0.99   0.02   0.02   0.99   0.92   0.93   0.02   0.29   0.96   0.02   0.87   0.94   0.28   0.03   0.96   0.49   0.69   0.38   0.91   0.81   0.89   0.98   0.86   0.86   0.71   0.79   0.19   0.02   0.69   0.78   0.32   0.79   0.97   0.99   0.09   0.99   0.94   0.64   0.97   0.95   
0.04   0.03   0.04   0.02   0.18   0.10   0.01   0.14   0.02   0.01   0.20   0.90   0.04   0.19   0.62   0.02   0.30   0.01   0.02   0.02   0.31   0.18   0.02   0.33   0.30   0.14   0.23   0.90   0.24   0.01   0.01   0.01   0.01   0.32   0.63   0.12   0.02   0.92   0.99   0.02   0.02   0.99   0.92   0.93   0.02   0.29   0.96   0.02   0.87   0.94   0.28   0.03   0.96   0.49   0.69   0.38   0.91   0.81   0.89   0.98   0.86   0.86   0.71   0.79   0.19   0.02   0.69   0.78   0.32   0.79   0.97   0.99   0.09   0.99   0.94   0.64   0.97   0.95   
0.50   0.50   0.50   0.31   0.06   0.50   0.53   0.50   0.46   0.50   0.21   0.50   0.50   0.50   0.91   0.50   0.65   0.50   0.50   0.50   0.89   0.56   0.50   0.12   0.71   0.50   0.50   0.50   0.05   0.50   0.50   0.50   0.50   0.50   0.68   0.50   0.38   0.50   0.50   0.50   0.63   0.50   0.50   0.50   0.50   0.50   0.50   0.50   0.50   0.50   0.10   0.17   0.50   0.19   0.50   0.50   0.50   0.16   0.50   0.50   0.50   0.50   0.63   0.50   0.50   0.74   0.88   0.50   0.92   0.50   0.50   0.50   0.75   0.50   0.50   0.85   0.50   0.50   
0.02   0.04   0.02   0.01   0.02   0.04   0.01   0.04   0.01   0.02   0.06   0.98   0.02   0.20   0.97   0.02   0.39   0.04   0.02   0.04   0.87   0.16   0.04   0.08   0.65   0.02   0.04   0.85   0.02   0.04   0.02   0.02   0.04   0.04   0.84   0.04   0.01   0.98   0.98   0.02   0.07   0.98   0.98   0.98   0.02   0.04   0.98   0.02   0.85   0.98   0.06   0.00   0.98   0.20   0.85   0.66   0.98   0.40   0.98   0.98   0.85   0.98   0.90   0.85   0.04   0.05   0.96   0.85   0.92   0.89   0.98   0.98   0.27   0.98   0.98   0.95   0.98   0.98   

5.00   5.00   5.00   5.00   5.00   5.00   5.00   5.00   5.00   5.00   5.00   5.00   5.00   5.00   5.00   5.00   5.00   5.00   5.00   5.00   5.00   5.00   5.00   5.00   5.00   5.00   5.00   5.00   5.00   5.00   5.00   5.00   5.00   5.00   5.00   5.00   5.00   5.00   5.00   5.00   5.00   5.00   5.00   5.00   5.00   5.00   5.00   5.00   5.00   5.00   5.00   5.00   5.00   5.00   5.00   5.00   5.00   5.00   5.00   5.00   5.00   5.00   5.00   5.00   5.00   5.00   5.00   5.00   5.00   5.00   5.00   5.00   5.00   5.00   5.00   5.00   5.00   5.00   
0.04   0.03   0.04   0.02   0.25   0.10   0.01   0.14   0.02   0.01   0.19   0.91   0.04   0.18   0.61   0.02   0.29   0.01   0.02   0.02   0.31   0.17   0.02   0.32   0.30   0.14   0.30   0.92   0.23   0.01   0.01   0.01   0.01   0.31   0.61   0.11   0.02   0.91   0.99   0.03   0.02   0.99   0.93   0.92   0.02   0.28   0.97   0.02   0.89   0.95   0.36   0.03   0.95   0.47   0.67   0.45   0.89   0.84   0.87   0.98   0.88   0.84   0.69   0.77   0.19   0.02   0.67   0.76   0.31   0.77   0.97   0.99   0.09   0.98   0.93   0.68   0.96   0.94   
0.04   0.03   0.04   0.02   0.25   0.10   0.01   0.14   0.02   0.01   0.19   0.91   0.04   0.18   0.61   0.02   0.29   0.01   0.02   0.02   0.31   0.17   0.02   0.32   0.30   0.14   0.30   0.92   0.23   0.01   0.01   0.01   0.01   0.31   0.61   0.11   0.02   0.91   0.99   0.03   0.02   0.99   0.93   0.92   0.02   0.28   0.97   0.02   0.89   0.95   0.36   0.03   0.95   0.47   0.67   0.45   0.89   0.84   0.87   0.98   0.88   0.84   0.69   0.77   0.19   0.02   0.67   0.76   0.31   0.77   0.97   0.99   0.09   0.98   0.93   0.68   0.96   0.94   
0.50   0.50   0.50   0.26   0.07   0.50   0.45   0.50   0.34   0.50   0.21   0.50   0.50   0.50   0.90   0.50   0.60   0.50   0.50   0.50   0.90   0.54   0.50   0.09   0.71   0.50   0.50   0.50   0.04   0.50   0.50   0.50   0.50   0.50   0.65   0.50   0.24   0.50   0.50   0.50   0.62   0.50   0.50   0.50   0.50   0.50   0.50   0.50   0.50   0.50   0.09   0.50   0.50   0.15   0.50   0.50   0.50   0.15   0.50   0.50   0.50   0.50   0.66   0.50   0.50   0.69   0.92   0.50   0.91   0.50   0.50   0.50   0.78   0.50   0.50   0.83   0.50   0.50   
0.02   0.04   0.02   0.01   0.03   0.04   0.01   0.04   0.01   0.02   0.05   0.98   0.02   0.20   0.96   0.02   0.32   0.04   0.02   0.04   0.87   0.11   0.04   0.05   0.60   0.02   0.04   0.85   0.01   0.04   0.02   0.02   0.04   0.04   0.78   0.04   0.01   0.98   0.98   0.02   0.06   0.98   0.98   0.98   0.02   0.04   0.98   0.02   0.85   0.98   0.08   0.02   0.98   0.15   0.85   0.65   0.98   0.45   0.98   0.98   0.85   0.98   0.89   0.85   0.04   0.04   0.97   0.85   0.89   0.89   0.98   0.98   0.30   0.98   0.98   0.96   0.98   0.98   

5.00   5.00   5.00   5.00   5.00   5.00   5.00   5.00   5.00   5.00   5.00   5.00   5.00   5.00   5.00   5.00   5.00   5.00   5.00   5.00   5.00   5.00   5.00   5.00   5.00   5.00   5.00   5.00   5.00   5.00   5.00   5.00   5.00   5.00   5.00   5.00   5.00   5.00   5.00   5.00   5.00   5.00   5.00   5.00   5.00   5.00   5.00   5.00   5.00   5.00   5.00   5.00   5.00   5.00   5.00   5.00   5.00   5.00   5.00   5.00   5.00   5.00   5.00   5.00   5.00   5.00   5.00   5.00   5.00   5.00   5.00   5.00   5.00   5.00   5.00   5.00   5.00   5.00   
0.04   0.03   0.03   0.02   0.26   0.10   0.01   0.13   0.02   0.01   0.18   0.91   0.04   0.19   0.60   0.02   0.29   0.01   0.02   0.02   0.31   0.16   0.02   0.33   0.28   0.14   0.31   0.91   0.21   0.01   0.01   0.01   0.01   0.31   0.61   0.12   0.02   0.91   0.99   0.03   0.02   0.99   0.93   0.92   0.02   0.26   0.97   0.02   0.89   0.95   0.37   0.02   0.95   0.48   0.67   0.43   0.89   0.83   0.87   0.98   0.88   0.85   0.69   0.77   0.19   0.02   0.67   0.76   0.30   0.76   0.97   0.99   0.10   0.98   0.92   0.69   0.96   0.94   
0.04   0.03   0.03   0.02   0.26   0.10   0.01   0.13   0.02   0.01   0.18   0.91   0.04   0.19   0.60   0.02   0.29   0.01   0.02   0.02   0.31   0.16   0.02   0.33   0.28   0.14   0.31   0.91   0.21   0.01   0.01   0.01   0.01   0.31   0.61   0.12   0.02   0.91   0.99   0.03   0.02   0.99   0.93   0.92   0.02   0.26   0.97   0.02   0.89   0.95   0.37   0.02   0.95   0.48   0.67   0.43   0.89   0.83   0.87   0.98   0.88   0.85   0.69   0.77   0.19   0.02   0.67   0.76   0.30   0.76   0.97   0.99   0.10   0.98   0.92   0.69   0.96   0.94   
0.50   0.50   0.50   0.50   0.07   0.50   0.35   0.50   0.42   0.50   0.19   0.50   0.50   0.50   0.85   0.50   0.51   0.50   0.50   0.50   0.86   0.64   0.50   0.06   0.72   0.50   0.50   0.50   0.06   0.50   0.50   0.50   0.50   0.50   0.65   0.50   0.50   0.50   0.50   0.50   0.61   0.50   0.50   0.50   0.50   0.50   0.50   0.50   0.50   0.50   0.13   0.50   0.50   0.17   0.50   0.50   0.50   0.15   0.50   0.50   0.50   0.50   0.62   0.50   0.50   0.80   0.93   0.50   0.89   0.50   0.50   0.50   0.84   0.50   0.50   0.79   0.50   0.50   
0.03   0.04   0.03   0.02   0.05   0.59   0.00   0.59   0.01   0.03   0.04   0.98   0.03   0.24   0.95   0.03   0.38   0.04   0.03   0.59   0.87   0.19   0.04   0.05   0.71   0.03   0.04   0.88   0.02   0.59   0.03   0.02   0.59   0.59   0.85   0.04   0.02   0.98   0.98   0.03   0.06   0.98   0.98   0.98   0.02   0.04   0.98   0.03   0.88   0.98   0.17   0.02   0.98   0.24   0.88   0.71   0.98   0.62   0.98   0.98   0.88   0.98   0.91   0.88   0.04   0.09   0.98   0.88   0.89   0.91   0.98   0.98   0.48   0.98   0.98   0.97   0.98   0.98   

5.00   5.00   5.00   5.00   5.00   5.00   5.00   5.00   5.00   5.00   5.00   5.00   5.00   5.00   5.00   5.00   5.00   5.00   5.00   5.00   5.00   5.00   5.00   5.00   5.00   5.00   5.00   5.00   5.00   5.00   5.00   5.00   5.00   5.00   5.00   5.00   5.00   5.00   5.00   5.00   5.00   5.00   5.00   5.00   5.00   5.00   5.00   5.00   5.00   5.00   5.00   5.00   5.00   5.00   5.00   5.00   5.00   5.00   5.00   5.00   5.00   5.00   5.00   5.00   5.00   5.00   5.00   5.00   5.00   5.00   5.00   5.00   5.00   5.00   5.00   5.00   5.00   5.00   
0.03   0.02   0.05   0.03   0.28   0.08   0.02   0.15   0.03   0.01   0.21   0.91   0.05   0.21   0.63   0.03   0.32   0.02   0.01   0.01   0.34   0.19   0.03   0.36   0.32   0.12   0.26   0.92   0.25   0.02   0.00   0.00   0.01   0.34   0.64   0.14   0.03   0.92   0.99   0.04   0.03   0.99   0.94   0.92   0.01   0.30   0.95   0.03   0.89   0.96   0.32   0.04   0.95   0.43   0.70   0.46   0.90   0.84   0.88   0.98   0.88   0.86   0.71   0.79   0.22   0.03   0.70   0.78   0.33   0.77   0.97   0.99   0.08   0.98   0.93   0.64   0.96   0.95   
0.03   0.02   0.05   0.03   0.28   0.08   0.02   0.15   0.03   0.01   0.21   0.91   0.05   0.21   0.63   0.03   0.32   0.02   0.01   0.01   0.34   0.19   0.03   0.36   0.32   0.12   0.26   0.92   0.25   0.02   0.00   0.00   0.01   0.34   0.64   0.14   0.03   0.92   0.99   0.04   0.03   0.99   0.94   0.92   0.01   0.30   0.95   0.03   0.89   0.96   0.32   0.04   0.95   0.43   0.70   0.46   0.90   0.84   0.88   0.98   0.88   0.86   0.71   0.79   0.22   0.03   0.70   0.78   0.33   0.77   0.97   0.99   0.08   0.98   0.93   0.64   0.96   0.95   
0.50   0.50   0.50   0.50   0.05   0.50   0.50   0.50   0.41   0.50   0.16   0.50   0.50   0.50   0.79   0.50   0.48   0.50   0.50   0.50   0.91   0.60   0.50   0.07   0.59   0.50   0.50   0.50   0.04   0.50   0.50   0.50   0.50   0.50   0.62   0.50   0.50   0.50   0.50   0.50   0.65   0.50   0.50   0.50   0.50   0.50   0.50   0.50   0.50   0.50   0.08   0.50   0.50   0.18   0.50   0.50   0.50   0.20   0.50   0.50   0.50   0.50   0.78   0.50   0.50   0.76   0.93   0.50   0.88   0.50   0.50   0.50   0.78   0.50   0.50   0.76   0.50   0.50   
0.03   0.04   0.03   0.02   0.04   0.63   0.01   0.63   0.01   0.03   0.03   0.99   0.03   0.25   0.93   0.03   0.40   0.04   0.02   0.63   0.93   0.13   0.04   0.05   0.61   0.02   0.04   0.90   0.01   0.63   0.02   0.02   0.63   0.63   0.86   0.04   0.02   0.99   0.98   0.03   0.06   0.99   0.99   0.99   0.02   0.04   0.99   0.03   0.90   0.99   0.14   0.02   0.99   0.30   0.90   0.74   0.99   0.77   0.99   0.99   0.90   0.99   0.96   0.90   0.04   0.09   0.99   0.90   0.89   0.93   0.99   0.99   0.42   0.99   0.99   0.97   0.99   0.99   

0.12   0.21   0.32   0.25   0.20   0.32   0.28   0.34   0.48   0.50   0.22   0.30   0.19   0.18   0.28   0.37   0.37   0.24   0.39   0.28   0.22   0.29   0.14   0.30   0.27   0.26   0.21   0.29   0.18   0.18   0.50   0.50   0.50   0.32   0.52   0.34   0.26   0.29   0.41   0.22   0.38   0.50   0.38   0.19   0.28   0.23   0.25   0.23   0.37   0.23   0.26   0.52   0.30   0.24   0.33   0.17   0.35   0.33   0.35   0.25   0.20   0.26   0.23   0.25   0.32   0.46   0.34   0.45   0.36   0.33   0.42   0.50   0.29   0.45   0.31   0.34   0.23   0.34   
0.00   0.00   0.02   0.01   0.07   0.02   0.01   0.04   0.02   0.01   0.03   0.73   0.01   0.03   0.26   0.01   0.18   0.03   0.01   0.00   0.11   0.05   0.00   0.08   0.07   0.03   0.04   0.76   0.03   0.00   0.00   0.00   0.00   0.08   0.60   0.04   0.01   0.77   0.97   0.01   0.02   0.99   0.87   0.48   0.00   0.05   0.79   0.01   0.78   0.84   0.11   0.03   0.85   0.07   0.22   0.05   0.76   0.65   0.71   0.93   0.57   0.44   0.24   0.34   0.05   0.09   0.34   0.68   0.17   0.42   0.94   0.99   0.02   0.96   0.80   0.20   0.83   0.86   
0.02   0.02   0.04   0.03   0.38   0.06   0.02   0.12   0.03   0.01   0.16   0.92   0.05   0.16   0.67   0.03   0.41   0.14   0.01   0.01   0.44   0.16   0.03   0.26   0.27   0.11   0.19   0.92   0.18   0.02   0.00   0.00   0.01   0.26   0.68   0.11   0.03   0.93   0.99   0.03   0.03   0.99   0.94   0.93   0.01   0.22   0.95   0.03   0.90   0.97   0.40   0.03   0.96   0.32   0.56   0.34   0.91   0.86   0.89   0.99   0.89   0.87   0.73   0.80   0.16   0.16   0.71   0.81   0.42   0.79   0.97   1.00   0.06   0.98   0.93   0.50   0.97   0.95   
0.50   0.50   0.50   0.50   0.06   0.50   0.50   0.50   0.42   0.50   0.16   0.50   0.50   0.50   0.80   0.50   0.49   0.50   0.50   0.50   0.92   0.61   0.50   0.07   0.61   0.50   0.50   0.50   0.04   0.50   0.50   0.50   0.50   0.50   0.64   0.50   0.50   0.50   0.50   0.50   0.67   0.50   0.50   0.50   0.50   0.50   0.50   0.50   0.50   0.50   0.08   0.50   0.50   0.18   0.50   0.50   0.50   0.20   0.50   0.50   0.50   0.50   0.79   0.50   0.50   0.77   0.93   0.50   0.88   0.50   0.50   0.50   0.79   0.50   0.50   0.77   0.50   0.50   
0.02   0.04   0.02   0.02   0.06   0.61   0.01   0.61   0.01   0.02   0.02   0.98   0.02   0.23   0.94   0.02   0.47   0.04   0.03   0.61   0.95   0.12   0.04   0.04   0.53   0.03   0.04   0.89   0.01   0.61   0.03   0.02   0.61   0.61   0.88   0.04   0.02   0.98   0.98   0.02   0.06   0.98   0.99   0.98   0.03   0.04   0.98   0.02   0.89   0.98   0.15   0.01   0.98   0.18   0.89   0.73   0.98   0.77   0.98   0.98   0.89   0.98   0.97   0.89   0.04   0.33   0.99   0.89   0.92   0.92   0.98   0.98   0.28   0.98   0.98   0.95   0.98   0.98   

0.50   0.50   0.11   0.06   0.04   0.16   0.50   0.17   0.31   0.50   0.06   0.12   0.04   0.04   0.08   0.22   0.13   0.07   0.50   0.50   0.06   0.09   0.50   0.15   0.06   0.06   0.05   0.13   0.03   0.50   0.50   0.50   0.50   0.15   0.53   0.10   0.08   0.13   0.23   0.05   0.20   0.50   0.27   0.08   0.50   0.06   0.11   0.06   0.21   0.07   0.07   0.40   0.10   0.07   0.09   0.05   0.12   0.12   0.21   0.09   0.04   0.08   0.07   0.06   0.24   0.25   0.18   0.25   0.19   0.17   0.32   0.50   0.11   0.31   0.13   0.12   0.06   0.13   
0.01   0.01   0.00   0.00   0.00   0.00   0.01   0.01   0.00   0.00   0.00   0.11   0.00   0.00   0.02   0.00   0.01   0.00   0.00   0.00   0.01   0.00   0.01   0.01   0.00   0.00   0.00   0.14   0.00   0.01   0.00   0.00   0.00   0.01   0.19   0.00   0.00   0.13   0.54   0.00   0.00   0.98   0.35   0.05   0.00   0.00   0.14   0.00   0.19   0.13   0.01   0.01   0.14   0.01   0.01   0.00   0.07   0.08   0.11   0.13   0.03   0.04   0.02   0.02   0.01   0.01   0.04   0.10   0.02   0.06   0.51   0.99   0.00   0.77   0.10   0.02   0.06   0.12   
0.02   0.06   0.04   0.03   0.35   0.06   0.01   0.11   0.02   0.01   0.22   0.93   0.04   0.15   0.70   0.02   0.37   0.12   0.01   0.01   0.41   0.15   0.02   0.24   0.24   0.10   0.18   0.94   0.17   0.01   0.00   0.00   0.01   0.23   0.64   0.10   0.03   0.94   0.98   0.03   0.03   0.99   0.96   0.91   0.01   0.20   0.96   0.03   0.92   0.97   0.38   0.03   0.96   0.29   0.51   0.32   0.89   0.87   0.86   0.97   0.88   0.84   0.69   0.77   0.15   0.14   0.66   0.78   0.39   0.76   0.96   1.00   0.05   0.99   0.92   0.47   0.95   0.94   
0.50   0.50   0.50   0.50   0.05   0.50   0.50   0.50   0.43   0.50   0.16   0.50   0.50   0.50   0.83   0.50   0.51   0.50   0.50   0.50   0.93   0.64   0.50   0.06   0.63   0.50   0.50   0.50   0.03   0.50   0.50   0.50   0.50   0.50   0.66   0.50   0.50   0.50   0.50   0.50   0.69   0.50   0.50   0.50   0.50   0.50   0.50   0.50   0.50   0.50   0.08   0.50   0.50   0.18   0.50   0.50   0.50   0.20   0.50   0.50   0.50   0.50   0.81   0.50   0.50   0.79   0.95   0.50   0.90   0.50   0.50   0.50   0.81   0.50   0.50   0.79   0.50   0.50   
0.02   0.04   0.02   0.02   0.05   0.61   0.01   0.61   0.02   0.02   0.04   0.98   0.02   0.22   0.96   0.02   0.37   0.04   0.03   0.61   0.94   0.12   0.04   0.03   0.29   0.03   0.04   0.89   0.01   0.61   0.03   0.02   0.61   0.61   0.86   0.04   0.02   0.98   0.98   0.02   0.07   0.98   0.99   0.98   0.02   0.04   0.98   0.02   0.89   0.98   0.11   0.01   0.98   0.13   0.89   0.73   0.98   0.79   0.98   0.98   0.89   0.98   0.96   0.89   0.04   0.31   0.99   0.89   0.91   0.93   0.98   0.98   0.28   0.98   0.98   0.93   0.98   0.98   

0.50   0.50   0.50   0.50   0.50   0.50   0.50   0.50   0.50   0.50   0.50   0.03   0.50   0.50   0.02   0.50   0.06   0.50   0.50   0.50   0.01   0.50   0.50   0.05   0.50   0.50   0.50   0.06   0.50   0.50   0.50   0.50   0.50   0.03   0.33   0.50   0.50   0.04   0.06   0.50   0.50   0.50   0.09   0.03   0.50   0.50   0.03   0.50   0.05   0.02   0.50   0.21   0.03   0.50   0.03   0.50   0.03   0.02   0.07   0.02   0.01   0.02   0.01   0.01   0.05   0.11   0.09   0.10   0.06   0.06   0.15   0.50   0.50   0.11   0.05   0.03   0.02   0.09   
0.01   0.01   0.01   0.01   0.07   0.02   0.01   0.02   0.01   0.00   0.05   0.02   0.01   0.03   0.00   0.01   0.00   0.03   0.00   0.00   0.00   0.03   0.01   0.00   0.05   0.02   0.04   0.06   0.04   0.01   0.00   0.00   0.00   0.00   0.07   0.02   0.01   0.04   0.08   0.01   0.01   0.97   0.10   0.02   0.00   0.04   0.04   0.01   0.04   0.03   0.07   0.00   0.04   0.06   0.00   0.07   0.01   0.01   0.02   0.03   0.01   0.01   0.00   0.00   0.00   0.00   0.02   0.03   0.01   0.01   0.15   0.98   0.01   0.10   0.02   0.00   0.02   0.07   
0.02   0.05   0.04   0.03   0.33   0.05   0.01   0.10   0.02   0.01   0.20   0.94   0.04   0.13   0.65   0.02   0.34   0.11   0.01   0.01   0.37   0.14   0.02   0.22   0.22   0.09   0.17   0.95   0.15   0.01   0.00   0.00   0.01   0.21   0.59   0.09   0.03   0.95   0.98   0.03   0.02   0.99   0.97   0.92   0.01   0.18   0.97   0.03   0.94   0.98   0.35   0.03   0.97   0.26   0.46   0.29   0.91   0.91   0.80   0.98   0.91   0.77   0.63   0.71   0.14   0.13   0.74   0.83   0.54   0.69   0.97   1.00   0.05   0.94   0.86   0.42   0.96   0.95   
0.50   0.50   0.50   0.50   0.07   0.50   0.50   0.50   0.46   0.50   0.20   0.50   0.50   0.50   0.81   0.50   0.53   0.50   0.50   0.50   0.92   0.64   0.50   0.09   0.64   0.50   0.50   0.50   0.05   0.50   0.50   0.50   0.50   0.50   0.66   0.50   0.50   0.50   0.50   0.50   0.69   0.50   0.50   0.50   0.50   0.50   0.50   0.50   0.50   0.50   0.11   0.50   0.50   0.22   0.50   0.50   0.50   0.24   0.50   0.50   0.50   0.50   0.80   0.50   0.50   0.78   0.93   0.50   0.89   0.50   0.50   0.50   0.80   0.50   0.50   0.78   0.50   0.50   
0.02   0.04   0.02   0.02   0.06   0.61   0.01   0.61   0.02   0.02   0.04   0.98   0.02   0.21   0.95   0.02   0.37   0.04   0.02   0.61   0.92   0.11   0.04   0.04   0.27   0.02   0.04   0.88   0.01   0.61   0.02   0.02   0.61   0.61   0.84   0.04   0.02   0.98   0.98   0.02   0.06   0.98   0.99   0.98   0.02   0.04   0.98   0.02   0.88   0.98   0.13   0.01   0.98   0.14   0.88   0.74   0.98   0.85   0.98   0.98   0.89   0.98   0.95   0.88   0.04   0.29   0.99   0.89   0.94   0.93   0.98   0.98   0.23   0.98   0.98   0.91   0.98   0.98   

0.50   0.50   0.50   0.50   0.50   0.50   0.50   0.50   0.50   0.50   0.50   0.02   0.50   0.50   0.50   0.50   0.50   0.50   0.50   0.50   0.50   0.50   0.50   0.50   0.50   0.50   0.50   0.05   0.50   0.50   0.50   0.50   0.50   0.50   0.29   0.50   0.50   0.02   0.04   0.50   0.50   0.50   0.06   0.02   0.50   0.50   0.02   0.50   0.04   0.02   0.50   0.50   0.02   0.50   0.50   0.50   0.02   0.02   0.07   0.01   0.01   0.50   0.50   0.50   0.50   0.50   0.08   0.07   0.04   0.06   0.12   0.50   0.50   0.07   0.03   0.50   0.01   0.09   
0.01   0.01   0.01   0.01   0.08   0.02   0.01   0.03   0.01   0.00   0.06   0.02   0.02   0.03   0.19   0.01   0.08   0.03   0.00   0.00   0.09   0.04   0.01   0.05   0.05   0.03   0.04   0.06   0.04   0.01   0.00   0.00   0.00   0.05   0.06   0.02   0.01   0.02   0.06   0.01   0.01   0.97   0.08   0.01   0.00   0.05   0.03   0.01   0.04   0.03   0.08   0.01   0.03   0.06   0.10   0.08   0.01   0.01   0.02   0.02   0.01   0.22   0.16   0.19   0.04   0.03   0.02   0.02   0.00   0.01   0.12   0.98   0.01   0.07   0.01   0.09   0.01   0.07   
0.02   0.05   0.04   0.03   0.33   0.05   0.01   0.10   0.02   0.01   0.20   0.94   0.04   0.13   0.65   0.02   0.34   0.11   0.01   0.01   0.37   0.14   0.02   0.22   0.22   0.09   0.17   0.95   0.15   0.01   0.00   0.00   0.01   0.21   0.59   0.09   0.03   0.95   0.98   0.03   0.02   0.99   0.97   0.92   0.01   0.18   0.97   0.03   0.94   0.98   0.35   0.03   0.97   0.26   0.46   0.29   0.91   0.91   0.80   0.98   0.91   0.77   0.63   0.71   0.14   0.13   0.74   0.83   0.54   0.69   0.97   1.00   0.05   0.94   0.86   0.42   0.96   0.95   
0.50   0.50   0.50   0.50   0.07   0.50   0.50   0.50   0.46   0.50   0.19   0.50   0.50   0.50   0.82   0.50   0.53   0.50   0.50   0.50   0.92   0.65   0.50   0.08   0.64   0.50   0.50   0.50   0.05   0.50   0.50   0.50   0.50   0.50   0.66   0.50   0.50   0.50   0.50   0.50   0.70   0.50   0.50   0.50   0.50   0.50   0.50   0.50   0.50   0.50   0.10   0.50   0.50   0.21   0.50   0.50   0.50   0.23   0.50   0.50   0.50   0.50   0.81   0.50   0.50   0.79   0.94   0.50   0.89   0.50   0.50   0.50   0.81   0.50   0.50   0.79   0.50   0.50   
0.02   0.04   0.02   0.02   0.05   0.61   0.01   0.61   0.02   0.02   0.04   0.98   0.02   0.21   0.95   0.02   0.37   0.04   0.02   0.61   0.93   0.12   0.04   0.03   0.28   0.02   0.04   0.88   0.01   0.61   0.02   0.02   0.61   0.61   0.84   0.04   0.02   0.98   0.98   0.02   0.06   0.98   0.99   0.98   0.02   0.04   0.98   0.02   0.88   0.98   0.12   0.01   0.98   0.14   0.88   0.74   0.98   0.85   0.98   0.98   0.89   0.98   0.95   0.88   0.04   0.30   0.99   0.89   0.95   0.93   0.98   0.98   0.24   0.98   0.98   0.92   0.98   0.98   

0.00   0.00   0.00   0.00   0.00   0.00   0.00   0.00   0.00   0.00   0.00   0.00   0.00   0.00   0.00   0.00   0.00   0.00   0.00   0.00   0.00   0.00   0.00   0.00   0.00   0.00   0.00   0.00   0.00   0.00   0.00   0.00   0.00   0.00   1.00   0.00   0.00   1.00   1.00   0.00   0.00   1.00   1.00   1.00   0.00   0.00   1.00   0.00   1.00   1.00   1.00   0.00   1.00   0.00   1.00   0.00   1.00   1.00   1.00   1.00   1.00   1.00   1.00   1.00   0.00   1.00   1.00   1.00   1.00   1.00   1.00   1.00   1.00   1.00   1.00   1.00   1.00   1.00   