5.00   5.00   5.00   5.00   5.00   5.00   5.00   5.00   5.00   5.00   5.00   5.00   5.00   5.00   5.00   5.00   5.00   5.00   5.00   5.00   5.00   5.00   5.00   5.00   5.00   5.00   5.00   5.00   5.00   5.00   5.00   5.00   5.00   5.00   5.00   5.00   5.00   5.00   5.00   5.00   5.00   5.00   5.00   5.00   5.00   5.00   5.00   5.00   5.00   5.00   5.00   5.00   5.00   5.00   5.00   5.00   5.00   5.00   5.00   5.00   5.00   5.00   5.00   5.00   5.00   5.00   5.00   5.00   5.00   5.00   5.00   5.00   5.00   5.00   5.00   5.00   5.00   5.00   
0.05   0.05   0.05   0.05   0.05   0.05   0.05   0.05   0.05   0.05   0.05   0.05   0.05   0.99   0.05   0.05   0.05   0.05   0.05   0.84   0.84   0.05   0.05   0.05   0.05   0.05   0.05   0.99   0.05   0.05   0.05   0.05   0.05   0.05   0.05   0.84   0.84   0.84   0.05   0.05   0.99   0.84   0.99   0.05   0.05   0.05   0.05   0.05   0.84   0.05   0.84   0.85   0.05   0.05   0.05   0.84   0.84   0.84   0.99   0.99   0.84   0.99   0.05   0.84   0.99   0.05   0.84   0.05   0.99   0.85   0.84   0.05   0.05   0.84   0.99   0.84   0.05   0.84   
0.05   0.05   0.05   0.05   0.05   0.05   0.05   0.05   0.05   0.05   0.05   0.05   0.05   0.99   0.05   0.05   0.05   0.05   0.05   0.84   0.84   0.05   0.05   0.05   0.05   0.05   0.05   0.99   0.05   0.05   0.05   0.05   0.05   0.05   0.05   0.84   0.84   0.84   0.05   0.05   0.99   0.84   0.99   0.05   0.05   0.05   0.05   0.05   0.84   0.05   0.84   0.85   0.05   0.05   0.05   0.84   0.84   0.84   0.99   0.99   0.84   0.99   0.05   0.84   0.99   0.05   0.84   0.05   0.99   0.85   0.84   0.05   0.05   0.84   0.99   0.84   0.05   0.84   
0.40   0.14   0.20   0.42   0.45   0.36   0.62   0.36   0.49   0.08   0.31   0.15   0.49   0.43   0.10   0.48   0.40   0.66   0.27   0.37   0.60   0.08   0.06   0.26   0.54   0.50   0.18   0.89   0.38   0.09   0.25   0.42   0.17   0.17   0.45   0.80   0.89   0.84   0.28   0.57   0.64   0.86   0.47   0.12   0.22   0.52   0.30   0.16   0.82   0.45   0.86   0.34   0.44   0.22   0.10   0.67   0.57   0.79   0.27   0.62   0.81   0.77   0.97   0.63   0.55   0.45   0.76   0.32   0.66   0.89   0.38   0.82   0.71   0.87   0.87   0.69   0.55   0.89   
0.03   0.01   0.01   0.03   0.04   0.03   0.75   0.02   0.04   0.00   0.02   0.01   0.04   0.99   0.01   0.04   0.03   0.78   0.02   0.88   0.95   0.00   0.00   0.02   0.68   0.04   0.01   1.00   0.03   0.00   0.02   0.03   0.01   0.01   0.04   0.98   0.99   0.99   0.02   0.71   0.99   0.99   0.99   0.01   0.01   0.66   0.02   0.01   0.98   0.04   0.99   0.86   0.04   0.01   0.01   0.96   0.94   0.98   0.97   0.99   0.98   1.00   0.98   0.95   0.99   0.04   0.98   0.02   0.99   0.99   0.89   0.89   0.82   0.99   1.00   0.97   0.69   0.99   

5.00   5.00   5.00   5.00   5.00   5.00   5.00   5.00   5.00   5.00   5.00   5.00   5.00   5.00   5.00   5.00   5.00   5.00   5.00   5.00   5.00   5.00   5.00   5.00   5.00   5.00   5.00   5.00   5.00   5.00   5.00   5.00   5.00   5.00   5.00   5.00   5.00   5.00   5.00   5.00   5.00   5.00   5.00   5.00   5.00   5.00   5.00   5.00   5.00   5.00   5.00   5.00   5.00   5.00   5.00   5.00   5.00   5.00   5.00   5.00   5.00   5.00   5.00   5.00   5.00   5.00   5.00   5.00   5.00   5.00   5.00   5.00   5.00   5.00   5.00   5.00   5.00   5.00   
0.11   0.02   0.02   0.02   0.11   0.02   0.11   0.11   0.11   0.11   0.11   0.11   0.02   0.97   0.02   0.11   0.11   0.11   0.11   0.84   0.84   0.02   0.11   0.11   0.02   0.11   0.02   0.99   0.02   0.11   0.11   0.11   0.11   0.11   0.02   0.77   0.84   0.84   0.11   0.02   0.99   0.84   0.99   0.02   0.11   0.11   0.02   0.02   0.77   0.02   0.77   0.75   0.02   0.11   0.11   0.84   0.84   0.84   0.99   0.99   0.77   0.97   0.02   0.84   0.99   0.11   0.77   0.11   0.97   0.79   0.84   0.11   0.02   0.84   0.99   0.84   0.11   0.84   
0.11   0.02   0.02   0.02   0.11   0.02   0.11   0.11   0.11   0.11   0.11   0.11   0.02   0.97   0.02   0.11   0.11   0.11   0.11   0.84   0.84   0.02   0.11   0.11   0.02   0.11   0.02   0.99   0.02   0.11   0.11   0.11   0.11   0.11   0.02   0.77   0.84   0.84   0.11   0.02   0.99   0.84   0.99   0.02   0.11   0.11   0.02   0.02   0.77   0.02   0.77   0.75   0.02   0.11   0.11   0.84   0.84   0.84   0.99   0.99   0.77   0.97   0.02   0.84   0.99   0.11   0.77   0.11   0.97   0.79   0.84   0.11   0.02   0.84   0.99   0.84   0.11   0.84   
0.29   0.06   0.08   0.36   0.54   0.36   0.68   0.32   0.57   0.50   0.20   0.06   0.57   0.43   0.50   0.48   0.34   0.76   0.17   0.41   0.65   0.50   0.50   0.19   0.71   0.49   0.07   0.50   0.44   0.50   0.23   0.45   0.09   0.07   0.45   0.90   0.95   0.95   0.19   0.54   0.50   0.95   0.65   0.50   0.12   0.50   0.19   0.07   0.97   0.37   0.96   0.37   0.36   0.15   0.50   0.81   0.60   0.94   0.15   0.50   0.93   0.50   1.00   0.67   0.64   0.43   0.86   0.16   0.50   0.98   0.36   0.90   0.84   0.96   0.50   0.83   0.53   0.96   
0.01   0.02   0.02   0.65   0.04   0.66   0.07   0.02   0.04   0.04   0.01   0.00   0.82   0.99   0.04   0.03   0.02   0.87   0.01   0.91   0.96   0.04   0.04   0.01   0.89   0.03   0.02   0.99   0.73   0.04   0.01   0.03   0.00   0.00   0.73   0.99   1.00   1.00   0.01   0.80   0.99   1.00   0.99   0.04   0.00   0.03   0.06   0.02   1.00   0.66   1.00   0.90   0.65   0.01   0.04   0.98   0.95   1.00   0.93   0.99   1.00   0.99   1.00   0.97   0.99   0.02   0.99   0.01   0.99   1.00   0.89   0.95   0.95   1.00   0.99   0.99   0.04   1.00   

5.00   5.00   5.00   5.00   5.00   5.00   5.00   5.00   5.00   5.00   5.00   5.00   5.00   5.00   5.00   5.00   5.00   5.00   5.00   5.00   5.00   5.00   5.00   5.00   5.00   5.00   5.00   5.00   5.00   5.00   5.00   5.00   5.00   5.00   5.00   5.00   5.00   5.00   5.00   5.00   5.00   5.00   5.00   5.00   5.00   5.00   5.00   5.00   5.00   5.00   5.00   5.00   5.00   5.00   5.00   5.00   5.00   5.00   5.00   5.00   5.00   5.00   5.00   5.00   5.00   5.00   5.00   5.00   5.00   5.00   5.00   5.00   5.00   5.00   5.00   5.00   5.00   5.00   
0.08   0.03   0.03   0.03   0.08   0.03   0.08   0.08   0.08   0.08   0.08   0.08   0.40   0.96   0.03   0.08   0.08   0.08   0.08   0.91   0.91   0.03   0.08   0.08   0.40   0.48   0.03   0.99   0.03   0.08   0.08   0.08   0.08   0.08   0.03   0.89   0.81   0.81   0.08   0.03   0.97   0.81   0.99   0.03   0.08   0.08   0.03   0.03   0.75   0.03   0.89   0.70   0.03   0.08   0.08   0.81   0.81   0.81   0.97   0.97   0.75   0.96   0.03   0.81   0.99   0.08   0.75   0.08   0.96   0.74   0.81   0.08   0.03   0.81   0.97   0.91   0.08   0.81   
0.08   0.03   0.03   0.03   0.08   0.03   0.08   0.08   0.08   0.08   0.08   0.08   0.40   0.96   0.03   0.08   0.08   0.08   0.08   0.91   0.91   0.03   0.08   0.08   0.40   0.48   0.03   0.99   0.03   0.08   0.08   0.08   0.08   0.08   0.03   0.89   0.81   0.81   0.08   0.03   0.97   0.81   0.99   0.03   0.08   0.08   0.03   0.03   0.75   0.03   0.89   0.70   0.03   0.08   0.08   0.81   0.81   0.81   0.97   0.97   0.75   0.96   0.03   0.81   0.99   0.08   0.75   0.08   0.96   0.74   0.81   0.08   0.03   0.81   0.97   0.91   0.08   0.81   
0.19   0.03   0.03   0.39   0.64   0.51   0.76   0.20   0.53   0.50   0.07   0.50   0.63   0.42   0.50   0.48   0.21   0.79   0.14   0.41   0.60   0.50   0.50   0.03   0.83   0.35   0.05   0.50   0.40   0.50   0.21   0.43   0.50   0.50   0.40   0.50   0.50   0.50   0.15   0.58   0.50   0.50   0.59   0.50   0.50   0.59   0.13   0.04   0.50   0.25   0.50   0.16   0.40   0.50   0.50   0.90   0.75   0.50   0.10   0.50   0.50   0.50   0.50   0.73   0.69   0.30   0.83   0.50   0.50   0.50   0.20   0.95   0.88   0.50   0.50   0.83   0.61   0.50   
0.01   0.00   0.00   0.04   0.06   0.57   0.10   0.01   0.04   0.04   0.00   0.03   0.85   0.95   0.04   0.03   0.01   0.81   0.01   0.93   0.96   0.04   0.04   0.00   0.94   0.34   0.00   0.99   0.04   0.04   0.01   0.03   0.03   0.03   0.04   0.92   0.91   0.91   0.01   0.64   0.99   0.91   0.99   0.04   0.03   0.05   0.01   0.00   0.92   0.02   0.92   0.28   0.04   0.03   0.04   0.98   0.95   0.91   0.46   0.99   0.92   0.99   0.61   0.95   1.00   0.01   0.97   0.03   0.99   0.85   0.37   0.95   0.91   0.91   0.99   0.99   0.05   0.91   

5.00   5.00   5.00   5.00   5.00   5.00   5.00   5.00   5.00   5.00   5.00   5.00   5.00   5.00   5.00   5.00   5.00   5.00   5.00   5.00   5.00   5.00   5.00   5.00   5.00   5.00   5.00   5.00   5.00   5.00   5.00   5.00   5.00   5.00   5.00   5.00   5.00   5.00   5.00   5.00   5.00   5.00   5.00   5.00   5.00   5.00   5.00   5.00   5.00   5.00   5.00   5.00   5.00   5.00   5.00   5.00   5.00   5.00   5.00   5.00   5.00   5.00   5.00   5.00   5.00   5.00   5.00   5.00   5.00   5.00   5.00   5.00   5.00   5.00   5.00   5.00   5.00   5.00   
0.05   0.03   0.03   0.03   0.05   0.03   0.05   0.05   0.05   0.05   0.05   0.05   0.34   0.95   0.14   0.20   0.20   0.05   0.05   0.89   0.89   0.03   0.05   0.05   0.34   0.39   0.03   0.99   0.03   0.05   0.05   0.05   0.05   0.05   0.03   0.87   0.76   0.76   0.05   0.03   0.98   0.76   0.99   0.03   0.20   0.05   0.14   0.14   0.73   0.14   0.87   0.66   0.03   0.20   0.05   0.83   0.83   0.83   0.96   0.96   0.73   0.97   0.14   0.76   0.99   0.05   0.81   0.20   0.95   0.68   0.83   0.05   0.03   0.76   0.98   0.89   0.05   0.76   
0.05   0.03   0.03   0.03   0.05   0.03   0.05   0.05   0.05   0.05   0.05   0.05   0.34   0.95   0.14   0.20   0.20   0.05   0.05   0.89   0.89   0.03   0.05   0.05   0.34   0.39   0.03   0.99   0.03   0.05   0.05   0.05   0.05   0.05   0.03   0.87   0.76   0.76   0.05   0.03   0.98   0.76   0.99   0.03   0.20   0.05   0.14   0.14   0.73   0.14   0.87   0.66   0.03   0.20   0.05   0.83   0.83   0.83   0.96   0.96   0.73   0.97   0.14   0.76   0.99   0.05   0.81   0.20   0.95   0.68   0.83   0.05   0.03   0.76   0.98   0.89   0.05   0.76   
0.16   0.50   0.50   0.31   0.40   0.34   0.73   0.15   0.47   0.50   0.50   0.50   0.53   0.66   0.50   0.18   0.14   0.86   0.50   0.64   0.59   0.50   0.50   0.50   0.89   0.37   0.50   0.50   0.34   0.50   0.10   0.29   0.50   0.50   0.18   0.50   0.50   0.50   0.50   0.68   0.50   0.50   0.50   0.50   0.50   0.42   0.07   0.50   0.50   0.10   0.50   0.10   0.35   0.50   0.50   0.94   0.83   0.50   0.12   0.50   0.50   0.50   0.50   0.79   0.50   0.26   0.74   0.50   0.50   0.50   0.28   0.95   0.87   0.50   0.50   0.81   0.58   0.50   
0.01   0.06   0.06   0.02   0.02   0.03   0.07   0.01   0.03   0.04   0.03   0.04   0.75   0.98   0.04   0.03   0.02   0.85   0.03   0.96   0.96   0.04   0.04   0.03   0.95   0.31   0.06   0.99   0.03   0.04   0.00   0.01   0.04   0.04   0.01   0.92   0.91   0.91   0.03   0.69   0.99   0.91   0.99   0.04   0.04   0.02   0.01   0.06   0.92   0.02   0.92   0.15   0.03   0.04   0.04   0.99   0.98   0.91   0.47   0.99   0.92   0.99   0.59   0.96   0.99   0.01   0.96   0.04   0.99   0.83   0.71   0.95   0.87   0.91   0.99   0.98   0.04   0.91   

5.00   5.00   5.00   5.00   5.00   5.00   5.00   5.00   5.00   5.00   5.00   5.00   5.00   5.00   5.00   5.00   5.00   5.00   5.00   5.00   5.00   5.00   5.00   5.00   5.00   5.00   5.00   5.00   5.00   5.00   5.00   5.00   5.00   5.00   5.00   5.00   5.00   5.00   5.00   5.00   5.00   5.00   5.00   5.00   5.00   5.00   5.00   5.00   5.00   5.00   5.00   5.00   5.00   5.00   5.00   5.00   5.00   5.00   5.00   5.00   5.00   5.00   5.00   5.00   5.00   5.00   5.00   5.00   5.00   5.00   5.00   5.00   5.00   5.00   5.00   5.00   5.00   5.00   
0.01   0.14   0.14   0.14   0.13   0.14   0.13   0.13   0.01   0.13   0.13   0.01   0.05   0.97   0.19   0.18   0.18   0.13   0.01   0.82   0.47   0.14   0.13   0.13   0.05   0.05   0.14   0.99   0.14   0.13   0.01   0.01   0.13   0.01   0.14   0.82   0.69   0.69   0.13   0.01   0.98   0.69   0.99   0.14   0.02   0.01   0.19   0.02   0.70   0.19   0.82   0.52   0.14   0.02   0.01   0.75   0.75   0.75   0.96   0.70   0.38   0.98   0.02   0.69   0.99   0.13   0.76   0.02   0.97   0.52   0.75   0.13   0.14   0.69   0.98   0.82   0.13   0.38   
0.01   0.14   0.14   0.14   0.13   0.14   0.13   0.13   0.01   0.13   0.13   0.01   0.05   0.97   0.19   0.18   0.18   0.13   0.01   0.82   0.47   0.14   0.13   0.13   0.05   0.05   0.14   0.99   0.14   0.13   0.01   0.01   0.13   0.01   0.14   0.82   0.69   0.69   0.13   0.01   0.98   0.69   0.99   0.14   0.02   0.01   0.19   0.02   0.70   0.19   0.82   0.52   0.14   0.02   0.01   0.75   0.75   0.75   0.96   0.70   0.38   0.98   0.02   0.69   0.99   0.13   0.76   0.02   0.97   0.52   0.75   0.13   0.14   0.69   0.98   0.82   0.13   0.38   
0.50   0.50   0.50   0.21   0.38   0.28   0.76   0.50   0.39   0.50   0.50   0.50   0.49   0.68   0.50   0.15   0.10   0.88   0.50   0.57   0.51   0.50   0.50   0.50   0.86   0.29   0.50   0.50   0.18   0.50   0.50   0.30   0.50   0.50   0.23   0.50   0.50   0.50   0.50   0.60   0.50   0.50   0.50   0.50   0.50   0.27   0.03   0.50   0.50   0.07   0.50   0.13   0.28   0.50   0.50   0.93   0.72   0.50   0.11   0.50   0.50   0.50   0.50   0.81   0.50   0.23   0.80   0.50   0.50   0.50   0.30   0.96   0.90   0.50   0.50   0.81   0.56   0.50   
0.03   0.05   0.05   0.01   0.02   0.01   0.08   0.03   0.05   0.04   0.04   0.04   0.75   0.97   0.04   0.01   0.01   0.16   0.04   0.95   0.95   0.04   0.04   0.04   0.95   0.30   0.05   0.99   0.01   0.04   0.03   0.04   0.04   0.04   0.01   0.92   0.91   0.91   0.04   0.64   0.99   0.91   0.99   0.04   0.04   0.03   0.00   0.05   0.92   0.01   0.92   0.16   0.01   0.04   0.04   0.99   0.94   0.91   0.37   0.99   0.92   0.99   0.57   0.96   0.99   0.01   0.96   0.04   0.99   0.82   0.47   0.96   0.89   0.91   0.99   0.98   0.03   0.91   

5.00   5.00   5.00   5.00   5.00   5.00   5.00   5.00   5.00   5.00   5.00   5.00   5.00   5.00   5.00   5.00   5.00   5.00   5.00   5.00   5.00   5.00   5.00   5.00   5.00   5.00   5.00   5.00   5.00   5.00   5.00   5.00   5.00   5.00   5.00   5.00   5.00   5.00   5.00   5.00   5.00   5.00   5.00   5.00   5.00   5.00   5.00   5.00   5.00   5.00   5.00   5.00   5.00   5.00   5.00   5.00   5.00   5.00   5.00   5.00   5.00   5.00   5.00   5.00   5.00   5.00   5.00   5.00   5.00   5.00   5.00   5.00   5.00   5.00   5.00   5.00   5.00   5.00   
0.01   0.09   0.09   0.09   0.08   0.09   0.42   0.08   0.01   0.08   0.08   0.01   0.05   0.69   0.14   0.14   0.14   0.08   0.01   0.52   0.35   0.09   0.08   0.08   0.05   0.05   0.09   0.98   0.09   0.08   0.01   0.01   0.08   0.01   0.09   0.86   0.43   0.43   0.08   0.01   0.98   0.78   0.99   0.09   0.03   0.01   0.14   0.03   0.78   0.14   0.86   0.66   0.42   0.32   0.01   0.49   0.83   0.83   0.96   0.54   0.58   0.98   0.33   0.78   0.98   0.08   0.49   0.03   0.96   0.66   0.83   0.08   0.09   0.43   0.98   0.85   0.42   0.27   
0.01   0.09   0.09   0.09   0.08   0.09   0.42   0.08   0.01   0.08   0.08   0.01   0.05   0.69   0.14   0.14   0.14   0.08   0.01   0.52   0.35   0.09   0.08   0.08   0.05   0.05   0.09   0.98   0.09   0.08   0.01   0.01   0.08   0.01   0.09   0.86   0.43   0.43   0.08   0.01   0.98   0.78   0.99   0.09   0.03   0.01   0.14   0.03   0.78   0.14   0.86   0.66   0.42   0.32   0.01   0.49   0.83   0.83   0.96   0.54   0.58   0.98   0.33   0.78   0.98   0.08   0.49   0.03   0.96   0.66   0.83   0.08   0.09   0.43   0.98   0.85   0.42   0.27   
0.50   0.50   0.50   0.22   0.42   0.32   0.76   0.50   0.36   0.50   0.50   0.50   0.54   0.69   0.50   0.13   0.11   0.90   0.50   0.62   0.54   0.50   0.50   0.50   0.87   0.34   0.50   0.50   0.17   0.50   0.50   0.30   0.50   0.50   0.26   0.50   0.50   0.50   0.50   0.63   0.50   0.50   0.50   0.50   0.50   0.36   0.50   0.50   0.50   0.07   0.50   0.12   0.30   0.50   0.50   0.93   0.74   0.50   0.11   0.50   0.50   0.50   0.50   0.82   0.50   0.22   0.76   0.50   0.50   0.50   0.35   0.96   0.90   0.50   0.50   0.81   0.58   0.50   
0.03   0.06   0.06   0.01   0.02   0.02   0.44   0.03   0.01   0.04   0.03   0.04   0.69   0.97   0.04   0.02   0.01   0.18   0.03   0.94   0.91   0.04   0.04   0.03   0.93   0.21   0.06   0.99   0.01   0.04   0.03   0.01   0.04   0.04   0.01   0.91   0.90   0.90   0.03   0.57   0.99   0.90   0.99   0.04   0.04   0.01   0.16   0.06   0.91   0.01   0.91   0.23   0.11   0.04   0.04   0.99   0.96   0.90   0.50   0.99   0.91   0.99   0.56   0.97   0.99   0.01   0.95   0.04   0.99   0.82   0.84   0.95   0.87   0.90   0.99   0.99   0.26   0.90   

5.00   5.00   5.00   5.00   5.00   5.00   5.00   5.00   5.00   5.00   5.00   5.00   5.00   5.00   5.00   5.00   5.00   5.00   5.00   5.00   5.00   5.00   5.00   5.00   5.00   5.00   5.00   5.00   5.00   5.00   5.00   5.00   5.00   5.00   5.00   5.00   5.00   5.00   5.00   5.00   5.00   5.00   5.00   5.00   5.00   5.00   5.00   5.00   5.00   5.00   5.00   5.00   5.00   5.00   5.00   5.00   5.00   5.00   5.00   5.00   5.00   5.00   5.00   5.00   5.00   5.00   5.00   5.00   5.00   5.00   5.00   5.00   5.00   5.00   5.00   5.00   5.00   5.00   
0.01   0.07   0.07   0.07   0.07   0.07   0.37   0.07   0.01   0.07   0.07   0.01   0.05   0.64   0.12   0.12   0.12   0.07   0.01   0.46   0.32   0.07   0.07   0.12   0.05   0.09   0.12   0.99   0.07   0.07   0.01   0.01   0.07   0.01   0.12   0.82   0.37   0.37   0.07   0.01   0.98   0.73   0.99   0.07   0.06   0.01   0.12   0.03   0.73   0.12   0.82   0.66   0.37   0.29   0.01   0.43   0.79   0.79   0.94   0.54   0.54   0.97   0.29   0.73   0.98   0.07   0.44   0.03   0.95   0.61   0.79   0.07   0.07   0.37   0.97   0.82   0.37   0.24   
0.01   0.07   0.07   0.07   0.07   0.07   0.37   0.07   0.01   0.07   0.07   0.01   0.05   0.64   0.12   0.12   0.12   0.07   0.01   0.46   0.32   0.07   0.07   0.12   0.05   0.09   0.12   0.99   0.07   0.07   0.01   0.01   0.07   0.01   0.12   0.82   0.37   0.37   0.07   0.01   0.98   0.73   0.99   0.07   0.06   0.01   0.12   0.03   0.73   0.12   0.82   0.66   0.37   0.29   0.01   0.43   0.79   0.79   0.94   0.54   0.54   0.97   0.29   0.73   0.98   0.07   0.44   0.03   0.95   0.61   0.79   0.07   0.07   0.37   0.97   0.82   0.37   0.24   
0.50   0.50   0.50   0.27   0.50   0.34   0.78   0.50   0.45   0.50   0.50   0.50   0.56   0.71   0.50   0.13   0.09   0.88   0.50   0.53   0.57   0.50   0.50   0.50   0.88   0.28   0.50   0.50   0.29   0.50   0.50   0.30   0.50   0.50   0.27   0.50   0.50   0.50   0.50   0.61   0.50   0.50   0.50   0.50   0.50   0.35   0.50   0.50   0.50   0.05   0.50   0.08   0.37   0.50   0.50   0.88   0.70   0.50   0.09   0.50   0.50   0.50   0.50   0.83   0.50   0.50   0.71   0.50   0.50   0.50   0.28   0.95   0.90   0.50   0.50   0.78   0.57   0.50   
0.03   0.03   0.03   0.01   0.03   0.01   0.49   0.03   0.01   0.04   0.04   0.05   0.64   0.97   0.04   0.02   0.01   0.20   0.04   0.91   0.91   0.04   0.04   0.04   0.91   0.13   0.03   0.99   0.01   0.04   0.03   0.01   0.05   0.05   0.01   0.90   0.90   0.90   0.04   0.02   0.99   0.90   0.99   0.04   0.05   0.01   0.13   0.03   0.90   0.01   0.90   0.14   0.13   0.05   0.04   0.98   0.96   0.90   0.44   0.99   0.90   0.99   0.04   0.97   0.99   0.03   0.93   0.05   0.99   0.81   0.81   0.93   0.86   0.90   0.99   0.98   0.27   0.90   

5.00   5.00   5.00   5.00   5.00   5.00   5.00   5.00   5.00   5.00   5.00   5.00   5.00   5.00   5.00   5.00   5.00   5.00   5.00   5.00   5.00   5.00   5.00   5.00   5.00   5.00   5.00   5.00   5.00   5.00   5.00   5.00   5.00   5.00   5.00   5.00   5.00   5.00   5.00   5.00   5.00   5.00   5.00   5.00   5.00   5.00   5.00   5.00   5.00   5.00   5.00   5.00   5.00   5.00   5.00   5.00   5.00   5.00   5.00   5.00   5.00   5.00   5.00   5.00   5.00   5.00   5.00   5.00   5.00   5.00   5.00   5.00   5.00   5.00   5.00   5.00   5.00   5.00   
0.01   0.08   0.08   0.08   0.06   0.29   0.42   0.06   0.01   0.06   0.06   0.01   0.06   0.74   0.13   0.10   0.10   0.06   0.01   0.41   0.27   0.08   0.06   0.11   0.06   0.09   0.35   0.99   0.08   0.06   0.01   0.01   0.06   0.01   0.14   0.77   0.32   0.32   0.06   0.01   0.93   0.67   0.99   0.29   0.06   0.01   0.13   0.03   0.83   0.13   0.88   0.84   0.61   0.34   0.01   0.37   0.72   0.72   0.96   0.55   0.71   0.98   0.52   0.67   0.92   0.06   0.40   0.02   0.97   0.68   0.72   0.06   0.08   0.32   0.91   0.74   0.59   0.20   
0.01   0.08   0.08   0.08   0.06   0.29   0.42   0.06   0.01   0.06   0.06   0.01   0.06   0.74   0.13   0.10   0.10   0.06   0.01   0.41   0.27   0.08   0.06   0.11   0.06   0.09   0.35   0.99   0.08   0.06   0.01   0.01   0.06   0.01   0.14   0.77   0.32   0.32   0.06   0.01   0.93   0.67   0.99   0.29   0.06   0.01   0.13   0.03   0.83   0.13   0.88   0.84   0.61   0.34   0.01   0.37   0.72   0.72   0.96   0.55   0.71   0.98   0.52   0.67   0.92   0.06   0.40   0.02   0.97   0.68   0.72   0.06   0.08   0.32   0.91   0.74   0.59   0.20   
0.50   0.50   0.50   0.27   0.44   0.21   0.82   0.50   0.40   0.50   0.50   0.50   0.47   0.73   0.50   0.06   0.08   0.92   0.50   0.57   0.48   0.50   0.50   0.50   0.88   0.27   0.50   0.50   0.16   0.50   0.50   0.23   0.50   0.50   0.19   0.50   0.50   0.50   0.50   0.67   0.50   0.50   0.50   0.50   0.50   0.29   0.50   0.50   0.50   0.50   0.50   0.10   0.28   0.50   0.50   0.93   0.75   0.50   0.09   0.50   0.50   0.50   0.50   0.85   0.50   0.50   0.64   0.50   0.50   0.50   0.28   0.98   0.92   0.50   0.50   0.88   0.63   0.50   
0.03   0.03   0.03   0.02   0.05   0.09   0.91   0.03   0.01   0.04   0.04   0.04   0.03   0.98   0.04   0.01   0.01   0.45   0.04   0.86   0.40   0.04   0.04   0.04   0.76   0.02   0.03   0.99   0.01   0.04   0.03   0.00   0.04   0.04   0.01   0.90   0.91   0.91   0.04   0.02   0.99   0.91   0.99   0.04   0.04   0.00   0.16   0.03   0.90   0.14   0.90   0.43   0.36   0.04   0.04   0.98   0.97   0.91   0.89   0.99   0.90   0.99   0.04   0.98   0.99   0.07   0.88   0.04   0.99   0.91   0.81   0.97   0.89   0.91   0.99   0.99   0.87   0.91   

5.00   5.00   5.00   5.00   5.00   5.00   5.00   5.00   5.00   5.00   5.00   5.00   5.00   5.00   5.00   5.00   5.00   5.00   5.00   5.00   5.00   5.00   5.00   5.00   5.00   5.00   5.00   5.00   5.00   5.00   5.00   5.00   5.00   5.00   5.00   5.00   5.00   5.00   5.00   5.00   5.00   5.00   5.00   5.00   5.00   5.00   5.00   5.00   5.00   5.00   5.00   5.00   5.00   5.00   5.00   5.00   5.00   5.00   5.00   5.00   5.00   5.00   5.00   5.00   5.00   5.00   5.00   5.00   5.00   5.00   5.00   5.00   5.00   5.00   5.00   5.00   5.00   5.00   
0.01   0.07   0.07   0.07   0.05   0.26   0.38   0.05   0.01   0.05   0.05   0.01   0.08   0.72   0.11   0.09   0.09   0.05   0.01   0.40   0.28   0.07   0.05   0.11   0.17   0.21   0.32   0.98   0.07   0.05   0.01   0.01   0.05   0.01   0.14   0.81   0.30   0.40   0.05   0.01   0.95   0.72   0.99   0.26   0.06   0.01   0.11   0.03   0.80   0.11   0.86   0.86   0.57   0.32   0.01   0.45   0.67   0.67   0.97   0.54   0.68   0.96   0.50   0.63   0.90   0.05   0.37   0.02   0.95   0.65   0.67   0.05   0.17   0.30   0.88   0.72   0.54   0.19   
0.01   0.07   0.07   0.07   0.05   0.26   0.38   0.05   0.01   0.05   0.05   0.01   0.08   0.72   0.11   0.09   0.09   0.05   0.01   0.40   0.28   0.07   0.05   0.11   0.17   0.21   0.32   0.98   0.07   0.05   0.01   0.01   0.05   0.01   0.14   0.81   0.30   0.40   0.05   0.01   0.95   0.72   0.99   0.26   0.06   0.01   0.11   0.03   0.80   0.11   0.86   0.86   0.57   0.32   0.01   0.45   0.67   0.67   0.97   0.54   0.68   0.96   0.50   0.63   0.90   0.05   0.37   0.02   0.95   0.65   0.67   0.05   0.17   0.30   0.88   0.72   0.54   0.19   
0.50   0.50   0.50   0.17   0.38   0.23   0.86   0.50   0.50   0.50   0.50   0.50   0.34   0.79   0.50   0.06   0.10   0.92   0.50   0.54   0.42   0.50   0.50   0.50   0.85   0.26   0.50   0.50   0.11   0.50   0.50   0.50   0.50   0.50   0.13   0.50   0.50   0.50   0.50   0.68   0.50   0.50   0.50   0.50   0.50   0.50   0.50   0.50   0.50   0.50   0.50   0.28   0.18   0.50   0.50   0.90   0.77   0.50   0.17   0.50   0.50   0.50   0.50   0.88   0.50   0.50   0.43   0.50   0.50   0.50   0.38   0.97   0.85   0.50   0.50   0.89   0.74   0.50   
0.03   0.04   0.04   0.01   0.03   0.10   0.93   0.03   0.01   0.04   0.03   0.04   0.04   0.99   0.04   0.00   0.01   0.34   0.03   0.82   0.34   0.04   0.04   0.03   0.89   0.13   0.04   0.99   0.01   0.04   0.03   0.01   0.04   0.04   0.02   0.91   0.91   0.91   0.03   0.02   0.99   0.91   0.99   0.04   0.04   0.01   0.09   0.04   0.91   0.08   0.91   0.91   0.26   0.04   0.04   0.98   0.96   0.91   0.95   0.99   0.91   0.99   0.62   0.98   0.99   0.05   0.37   0.04   0.99   0.94   0.82   0.95   0.88   0.91   0.99   0.99   0.93   0.91   

5.00   5.00   5.00   5.00   5.00   5.00   5.00   5.00   5.00   5.00   5.00   5.00   5.00   5.00   5.00   5.00   5.00   5.00   5.00   5.00   5.00   5.00   5.00   5.00   5.00   5.00   5.00   5.00   5.00   5.00   5.00   5.00   5.00   5.00   5.00   5.00   5.00   5.00   5.00   5.00   5.00   5.00   5.00   5.00   5.00   5.00   5.00   5.00   5.00   5.00   5.00   5.00   5.00   5.00   5.00   5.00   5.00   5.00   5.00   5.00   5.00   5.00   5.00   5.00   5.00   5.00   5.00   5.00   5.00   5.00   5.00   5.00   5.00   5.00   5.00   5.00   5.00   5.00   
0.01   0.08   0.08   0.08   0.05   0.32   0.45   0.05   0.01   0.05   0.05   0.01   0.09   0.79   0.17   0.13   0.10   0.05   0.01   0.46   0.33   0.11   0.08   0.12   0.21   0.25   0.39   0.98   0.08   0.05   0.01   0.01   0.05   0.01   0.16   0.84   0.35   0.46   0.05   0.02   0.95   0.76   0.99   0.32   0.07   0.01   0.14   0.04   0.83   0.17   0.88   0.89   0.66   0.38   0.01   0.54   0.75   0.72   0.97   0.62   0.76   0.97   0.58   0.68   0.91   0.05   0.47   0.02   0.96   0.71   0.72   0.05   0.21   0.35   0.90   0.76   0.64   0.23   
0.01   0.08   0.08   0.08   0.05   0.32   0.45   0.05   0.01   0.05   0.05   0.01   0.09   0.79   0.17   0.13   0.10   0.05   0.01   0.46   0.33   0.11   0.08   0.12   0.21   0.25   0.39   0.98   0.08   0.05   0.01   0.01   0.05   0.01   0.16   0.84   0.35   0.46   0.05   0.02   0.95   0.76   0.99   0.32   0.07   0.01   0.14   0.04   0.83   0.17   0.88   0.89   0.66   0.38   0.01   0.54   0.75   0.72   0.97   0.62   0.76   0.97   0.58   0.68   0.91   0.05   0.47   0.02   0.96   0.71   0.72   0.05   0.21   0.35   0.90   0.76   0.64   0.23   
0.50   0.50   0.50   0.14   0.35   0.15   0.84   0.50   0.50   0.50   0.50   0.50   0.25   0.76   0.50   0.50   0.09   0.91   0.50   0.54   0.36   0.50   0.50   0.50   0.83   0.23   0.50   0.50   0.50   0.50   0.50   0.50   0.50   0.50   0.12   0.50   0.50   0.50   0.50   0.70   0.50   0.50   0.50   0.50   0.50   0.50   0.50   0.50   0.50   0.50   0.50   0.25   0.12   0.50   0.50   0.90   0.78   0.50   0.11   0.50   0.50   0.50   0.50   0.88   0.50   0.50   0.41   0.50   0.50   0.50   0.33   0.97   0.84   0.50   0.50   0.91   0.75   0.50   
0.03   0.05   0.05   0.01   0.02   0.08   0.93   0.03   0.01   0.67   0.03   0.04   0.03   0.99   0.67   0.07   0.01   0.89   0.03   0.88   0.48   0.67   0.67   0.03   0.90   0.13   0.05   0.99   0.05   0.67   0.03   0.01   0.04   0.04   0.02   0.93   0.93   0.93   0.03   0.03   0.99   0.93   0.99   0.67   0.04   0.01   0.12   0.05   0.93   0.10   0.93   0.89   0.28   0.04   0.67   0.99   0.98   0.93   0.92   0.99   0.93   0.99   0.68   0.99   0.99   0.05   0.83   0.04   0.99   0.94   0.84   0.96   0.90   0.93   0.99   0.99   0.96   0.93   

5.00   5.00   5.00   5.00   5.00   5.00   5.00   5.00   5.00   5.00   5.00   5.00   5.00   5.00   5.00   5.00   5.00   5.00   5.00   5.00   5.00   5.00   5.00   5.00   5.00   5.00   5.00   5.00   5.00   5.00   5.00   5.00   5.00   5.00   5.00   5.00   5.00   5.00   5.00   5.00   5.00   5.00   5.00   5.00   5.00   5.00   5.00   5.00   5.00   5.00   5.00   5.00   5.00   5.00   5.00   5.00   5.00   5.00   5.00   5.00   5.00   5.00   5.00   5.00   5.00   5.00   5.00   5.00   5.00   5.00   5.00   5.00   5.00   5.00   5.00   5.00   5.00   5.00   
0.01   0.02   0.02   0.02   0.16   0.04   0.09   0.16   0.13   0.02   0.16   0.01   0.23   0.86   0.17   0.18   0.20   0.16   0.13   0.66   0.59   0.01   0.14   0.24   0.36   0.50   0.32   0.99   0.02   0.02   0.01   0.01   0.02   0.01   0.04   0.89   0.46   0.63   0.02   0.01   0.99   0.83   0.99   0.04   0.24   0.13   0.03   0.15   0.81   0.03   0.88   0.90   0.11   0.38   0.13   0.67   0.24   0.79   0.98   0.86   0.22   0.97   0.48   0.74   0.97   0.16   0.48   0.17   0.96   0.79   0.79   0.02   0.05   0.46   0.95   0.85   0.12   0.11   
0.01   0.02   0.02   0.02   0.16   0.04   0.09   0.16   0.13   0.02   0.16   0.01   0.23   0.86   0.17   0.18   0.20   0.16   0.13   0.66   0.59   0.01   0.14   0.24   0.36   0.50   0.32   0.99   0.02   0.02   0.01   0.01   0.02   0.01   0.04   0.89   0.46   0.63   0.02   0.01   0.99   0.83   0.99   0.04   0.24   0.13   0.03   0.15   0.81   0.03   0.88   0.90   0.11   0.38   0.13   0.67   0.24   0.79   0.98   0.86   0.22   0.97   0.48   0.74   0.97   0.16   0.48   0.17   0.96   0.79   0.79   0.02   0.05   0.46   0.95   0.85   0.12   0.11   
0.50   0.50   0.50   0.13   0.34   0.16   0.82   0.50   0.50   0.50   0.50   0.50   0.25   0.68   0.50   0.50   0.50   0.89   0.50   0.49   0.34   0.50   0.50   0.50   0.82   0.24   0.50   0.50   0.50   0.50   0.50   0.50   0.50   0.50   0.11   0.50   0.50   0.50   0.50   0.61   0.50   0.50   0.50   0.50   0.50   0.50   0.50   0.50   0.50   0.50   0.50   0.21   0.12   0.50   0.50   0.90   0.73   0.50   0.11   0.50   0.50   0.50   0.50   0.83   0.50   0.50   0.46   0.50   0.50   0.50   0.36   0.95   0.81   0.50   0.50   0.87   0.72   0.50   
0.03   0.05   0.05   0.00   0.17   0.02   0.31   0.03   0.02   0.63   0.03   0.04   0.22   0.98   0.63   0.04   0.04   0.92   0.03   0.90   0.81   0.63   0.63   0.03   0.95   0.39   0.05   0.99   0.03   0.63   0.03   0.02   0.04   0.04   0.01   0.92   0.92   0.92   0.03   0.03   0.99   0.92   0.99   0.63   0.04   0.02   0.08   0.05   0.92   0.06   0.92   0.81   0.04   0.04   0.63   0.99   0.90   0.92   0.89   0.99   0.92   0.99   0.64   0.97   0.99   0.03   0.85   0.04   0.99   0.92   0.82   0.86   0.79   0.92   0.99   0.99   0.40   0.92   

5.00   5.00   5.00   5.00   5.00   5.00   5.00   5.00   5.00   5.00   5.00   5.00   5.00   5.00   5.00   5.00   5.00   5.00   5.00   5.00   5.00   5.00   5.00   5.00   5.00   5.00   5.00   5.00   5.00   5.00   5.00   5.00   5.00   5.00   5.00   5.00   5.00   5.00   5.00   5.00   5.00   5.00   5.00   5.00   5.00   5.00   5.00   5.00   5.00   5.00   5.00   5.00   5.00   5.00   5.00   5.00   5.00   5.00   5.00   5.00   5.00   5.00   5.00   5.00   5.00   5.00   5.00   5.00   5.00   5.00   5.00   5.00   5.00   5.00   5.00   5.00   5.00   5.00   
0.01   0.02   0.02   0.02   0.11   0.07   0.17   0.11   0.08   0.02   0.11   0.01   0.15   0.88   0.13   0.14   0.14   0.40   0.08   0.39   0.35   0.02   0.11   0.16   0.53   0.59   0.24   0.99   0.02   0.02   0.01   0.01   0.02   0.01   0.04   0.91   0.62   0.71   0.02   0.01   0.99   0.87   0.99   0.07   0.15   0.08   0.03   0.10   0.86   0.03   0.91   0.92   0.23   0.29   0.08   0.42   0.64   0.84   0.98   0.85   0.64   0.98   0.67   0.81   0.97   0.40   0.64   0.11   0.97   0.83   0.84   0.25   0.07   0.31   0.96   0.87   0.50   0.39   
0.01   0.02   0.02   0.02   0.11   0.07   0.17   0.11   0.08   0.02   0.11   0.01   0.15   0.88   0.13   0.14   0.14   0.40   0.08   0.39   0.35   0.02   0.11   0.16   0.53   0.59   0.24   0.99   0.02   0.02   0.01   0.01   0.02   0.01   0.04   0.91   0.62   0.71   0.02   0.01   0.99   0.87   0.99   0.07   0.15   0.08   0.03   0.10   0.86   0.03   0.91   0.92   0.23   0.29   0.08   0.42   0.64   0.84   0.98   0.85   0.64   0.98   0.67   0.81   0.97   0.40   0.64   0.11   0.97   0.83   0.84   0.25   0.07   0.31   0.96   0.87   0.50   0.39   
0.50   0.50   0.50   0.50   0.33   0.15   0.83   0.50   0.50   0.50   0.50   0.50   0.23   0.70   0.50   0.50   0.50   0.90   0.50   0.58   0.38   0.50   0.50   0.50   0.81   0.26   0.50   0.50   0.50   0.50   0.50   0.50   0.50   0.50   0.10   0.50   0.50   0.50   0.50   0.67   0.50   0.50   0.50   0.50   0.50   0.50   0.50   0.50   0.50   0.50   0.50   0.36   0.10   0.50   0.50   0.90   0.78   0.50   0.10   0.50   0.50   0.50   0.50   0.84   0.50   0.50   0.47   0.50   0.50   0.50   0.35   0.97   0.86   0.50   0.50   0.91   0.71   0.50   
0.03   0.05   0.05   0.02   0.08   0.02   0.38   0.03   0.01   0.64   0.03   0.04   0.09   0.99   0.64   0.05   0.05   0.95   0.03   0.85   0.50   0.64   0.64   0.03   0.95   0.43   0.05   0.99   0.03   0.64   0.03   0.01   0.04   0.04   0.01   0.92   0.92   0.92   0.03   0.03   0.99   0.92   0.99   0.64   0.04   0.01   0.10   0.05   0.92   0.07   0.92   0.93   0.04   0.04   0.64   0.98   0.96   0.92   0.90   0.99   0.92   0.99   0.65   0.98   0.99   0.03   0.89   0.04   0.99   0.93   0.86   0.97   0.79   0.92   0.99   0.99   0.88   0.92   

5.00   5.00   5.00   5.00   5.00   5.00   5.00   5.00   5.00   5.00   5.00   5.00   5.00   5.00   5.00   5.00   5.00   5.00   5.00   5.00   5.00   5.00   5.00   5.00   5.00   5.00   5.00   5.00   5.00   5.00   5.00   5.00   5.00   5.00   5.00   5.00   5.00   5.00   5.00   5.00   5.00   5.00   5.00   5.00   5.00   5.00   5.00   5.00   5.00   5.00   5.00   5.00   5.00   5.00   5.00   5.00   5.00   5.00   5.00   5.00   5.00   5.00   5.00   5.00   5.00   5.00   5.00   5.00   5.00   5.00   5.00   5.00   5.00   5.00   5.00   5.00   5.00   5.00   
0.02   0.01   0.01   0.03   0.14   0.08   0.19   0.07   0.11   0.03   0.14   0.00   0.19   0.88   0.16   0.17   0.18   0.43   0.11   0.44   0.41   0.01   0.13   0.19   0.56   0.62   0.18   0.99   0.03   0.03   0.00   0.00   0.01   0.02   0.06   0.91   0.65   0.73   0.03   0.02   0.99   0.87   0.99   0.08   0.19   0.11   0.05   0.07   0.77   0.05   0.91   0.91   0.17   0.32   0.11   0.47   0.66   0.85   0.98   0.86   0.65   0.97   0.67   0.82   0.97   0.43   0.67   0.14   0.97   0.74   0.85   0.28   0.09   0.36   0.96   0.88   0.41   0.44   
0.02   0.01   0.01   0.03   0.14   0.08   0.19   0.07   0.11   0.03   0.14   0.00   0.19   0.88   0.16   0.17   0.18   0.43   0.11   0.44   0.41   0.01   0.13   0.19   0.56   0.62   0.18   0.99   0.03   0.03   0.00   0.00   0.01   0.02   0.06   0.91   0.65   0.73   0.03   0.02   0.99   0.87   0.99   0.08   0.19   0.11   0.05   0.07   0.77   0.05   0.91   0.91   0.17   0.32   0.11   0.47   0.66   0.85   0.98   0.86   0.65   0.97   0.67   0.82   0.97   0.43   0.67   0.14   0.97   0.74   0.85   0.28   0.09   0.36   0.96   0.88   0.41   0.44   
0.50   0.50   0.50   0.50   0.47   0.23   0.84   0.50   0.50   0.50   0.50   0.50   0.25   0.69   0.50   0.50   0.50   0.91   0.50   0.51   0.36   0.50   0.50   0.50   0.88   0.31   0.50   0.50   0.50   0.50   0.50   0.50   0.50   0.50   0.50   0.50   0.50   0.50   0.50   0.70   0.50   0.50   0.50   0.50   0.50   0.50   0.50   0.50   0.50   0.50   0.50   0.37   0.06   0.50   0.50   0.93   0.79   0.50   0.09   0.50   0.50   0.50   0.50   0.87   0.50   0.50   0.45   0.50   0.50   0.50   0.35   0.99   0.86   0.50   0.50   0.50   0.70   0.50   
0.03   0.06   0.06   0.03   0.25   0.03   0.77   0.03   0.02   0.66   0.03   0.04   0.21   0.99   0.66   0.04   0.05   0.96   0.03   0.88   0.77   0.66   0.66   0.03   0.98   0.78   0.06   0.99   0.03   0.66   0.03   0.02   0.04   0.04   0.07   0.93   0.93   0.93   0.03   0.10   0.99   0.93   0.99   0.66   0.04   0.02   0.10   0.06   0.93   0.07   0.93   0.93   0.00   0.04   0.66   0.99   0.95   0.93   0.89   0.99   0.93   0.99   0.66   0.99   0.99   0.03   0.88   0.04   0.99   0.94   0.87   0.99   0.84   0.93   0.99   0.95   0.39   0.93   

5.00   5.00   5.00   5.00   5.00   5.00   5.00   5.00   5.00   5.00   5.00   5.00   5.00   5.00   5.00   5.00   5.00   5.00   5.00   5.00   5.00   5.00   5.00   5.00   5.00   5.00   5.00   5.00   5.00   5.00   5.00   5.00   5.00   5.00   5.00   5.00   5.00   5.00   5.00   5.00   5.00   5.00   5.00   5.00   5.00   5.00   5.00   5.00   5.00   5.00   5.00   5.00   5.00   5.00   5.00   5.00   5.00   5.00   5.00   5.00   5.00   5.00   5.00   5.00   5.00   5.00   5.00   5.00   5.00   5.00   5.00   5.00   5.00   5.00   5.00   5.00   5.00   5.00   
0.02   0.01   0.01   0.03   0.15   0.08   0.21   0.08   0.11   0.03   0.15   0.00   0.20   0.89   0.17   0.18   0.19   0.46   0.11   0.46   0.43   0.01   0.14   0.21   0.59   0.65   0.18   0.99   0.03   0.05   0.00   0.00   0.01   0.03   0.06   0.92   0.67   0.75   0.03   0.02   0.99   0.88   0.99   0.08   0.21   0.11   0.05   0.07   0.78   0.05   0.92   0.92   0.18   0.34   0.14   0.49   0.68   0.86   0.99   0.87   0.67   0.98   0.69   0.83   0.98   0.48   0.69   0.15   0.97   0.76   0.86   0.30   0.10   0.38   0.96   0.90   0.46   0.46   
0.02   0.01   0.01   0.03   0.15   0.08   0.21   0.08   0.11   0.03   0.15   0.00   0.20   0.89   0.17   0.18   0.19   0.46   0.11   0.46   0.43   0.01   0.14   0.21   0.59   0.65   0.18   0.99   0.03   0.05   0.00   0.00   0.01   0.03   0.06   0.92   0.67   0.75   0.03   0.02   0.99   0.88   0.99   0.08   0.21   0.11   0.05   0.07   0.78   0.05   0.92   0.92   0.18   0.34   0.14   0.49   0.68   0.86   0.99   0.87   0.67   0.98   0.69   0.83   0.98   0.48   0.69   0.15   0.97   0.76   0.86   0.30   0.10   0.38   0.96   0.90   0.46   0.46   
0.50   0.50   0.50   0.50   0.50   0.14   0.86   0.50   0.50   0.50   0.50   0.50   0.23   0.72   0.50   0.50   0.50   0.89   0.50   0.39   0.39   0.50   0.50   0.50   0.85   0.28   0.50   0.50   0.50   0.50   0.50   0.50   0.50   0.50   0.50   0.50   0.50   0.50   0.50   0.69   0.50   0.50   0.50   0.50   0.50   0.50   0.50   0.50   0.50   0.50   0.50   0.34   0.50   0.50   0.50   0.89   0.83   0.50   0.07   0.50   0.50   0.50   0.50   0.83   0.50   0.50   0.37   0.50   0.50   0.50   0.20   0.98   0.79   0.50   0.50   0.50   0.66   0.50   
0.03   0.04   0.04   0.02   0.21   0.02   0.73   0.03   0.02   0.04   0.03   0.04   0.12   0.98   0.04   0.03   0.03   0.94   0.03   0.47   0.45   0.04   0.04   0.03   0.97   0.73   0.04   0.99   0.03   0.04   0.03   0.02   0.04   0.04   0.06   0.90   0.90   0.90   0.03   0.09   0.99   0.90   0.99   0.04   0.04   0.02   0.06   0.04   0.90   0.04   0.90   0.92   0.06   0.04   0.04   0.97   0.93   0.90   0.85   0.99   0.90   0.99   0.60   0.97   0.99   0.03   0.76   0.04   0.99   0.94   0.43   0.97   0.71   0.90   0.99   0.92   0.29   0.90   

5.00   5.00   5.00   5.00   5.00   5.00   5.00   5.00   5.00   5.00   5.00   5.00   5.00   5.00   5.00   5.00   5.00   5.00   5.00   5.00   5.00   5.00   5.00   5.00   5.00   5.00   5.00   5.00   5.00   5.00   5.00   5.00   5.00   5.00   5.00   5.00   5.00   5.00   5.00   5.00   5.00   5.00   5.00   5.00   5.00   5.00   5.00   5.00   5.00   5.00   5.00   5.00   5.00   5.00   5.00   5.00   5.00   5.00   5.00   5.00   5.00   5.00   5.00   5.00   5.00   5.00   5.00   5.00   5.00   5.00   5.00   5.00   5.00   5.00   5.00   5.00   5.00   5.00   
0.02   0.01   0.01   0.03   0.14   0.10   0.25   0.06   0.10   0.03   0.14   0.00   0.21   0.82   0.16   0.17   0.18   0.56   0.10   0.59   0.45   0.01   0.13   0.19   0.68   0.72   0.18   0.99   0.03   0.05   0.00   0.00   0.01   0.03   0.06   0.94   0.63   0.81   0.03   0.02   0.99   0.84   0.99   0.10   0.19   0.26   0.05   0.06   0.85   0.05   0.94   0.87   0.36   0.37   0.12   0.62   0.80   0.89   0.99   0.79   0.79   0.98   0.76   0.78   0.93   0.45   0.65   0.14   0.92   0.70   0.89   0.32   0.28   0.52   0.96   0.92   0.61   0.60   
0.02   0.01   0.01   0.03   0.14   0.10   0.25   0.06   0.10   0.03   0.14   0.00   0.21   0.82   0.16   0.17   0.18   0.56   0.10   0.59   0.45   0.01   0.13   0.19   0.68   0.72   0.18   0.99   0.03   0.05   0.00   0.00   0.01   0.03   0.06   0.94   0.63   0.81   0.03   0.02   0.99   0.84   0.99   0.10   0.19   0.26   0.05   0.06   0.85   0.05   0.94   0.87   0.36   0.37   0.12   0.62   0.80   0.89   0.99   0.79   0.79   0.98   0.76   0.78   0.93   0.45   0.65   0.14   0.92   0.70   0.89   0.32   0.28   0.52   0.96   0.92   0.61   0.60   
0.50   0.50   0.50   0.50   0.50   0.15   0.85   0.50   0.50   0.50   0.50   0.50   0.23   0.71   0.50   0.50   0.50   0.88   0.50   0.39   0.38   0.50   0.50   0.50   0.84   0.28   0.50   0.50   0.50   0.50   0.50   0.50   0.50   0.50   0.50   0.50   0.50   0.50   0.50   0.67   0.50   0.50   0.50   0.50   0.50   0.50   0.50   0.50   0.50   0.50   0.50   0.34   0.50   0.50   0.50   0.88   0.82   0.50   0.08   0.50   0.50   0.50   0.50   0.82   0.50   0.50   0.37   0.50   0.50   0.50   0.20   0.97   0.78   0.50   0.50   0.50   0.65   0.50   
0.03   0.04   0.04   0.02   0.16   0.01   0.68   0.03   0.02   0.04   0.03   0.04   0.09   0.97   0.04   0.04   0.04   0.94   0.03   0.50   0.37   0.04   0.04   0.03   0.97   0.74   0.04   0.99   0.03   0.04   0.03   0.02   0.04   0.04   0.06   0.90   0.90   0.90   0.03   0.06   0.99   0.90   0.99   0.04   0.04   0.02   0.07   0.04   0.90   0.05   0.90   0.90   0.07   0.04   0.04   0.97   0.94   0.90   0.86   0.99   0.90   0.99   0.59   0.96   0.99   0.03   0.47   0.04   0.99   0.93   0.48   0.95   0.76   0.90   0.99   0.91   0.44   0.90   

5.00   5.00   5.00   5.00   5.00   5.00   5.00   5.00   5.00   5.00   5.00   5.00   5.00   5.00   5.00   5.00   5.00   5.00   5.00   5.00   5.00   5.00   5.00   5.00   5.00   5.00   5.00   5.00   5.00   5.00   5.00   5.00   5.00   5.00   5.00   5.00   5.00   5.00   5.00   5.00   5.00   5.00   5.00   5.00   5.00   5.00   5.00   5.00   5.00   5.00   5.00   5.00   5.00   5.00   5.00   5.00   5.00   5.00   5.00   5.00   5.00   5.00   5.00   5.00   5.00   5.00   5.00   5.00   5.00   5.00   5.00   5.00   5.00   5.00   5.00   5.00   5.00   5.00   
0.02   0.01   0.01   0.03   0.10   0.31   0.41   0.05   0.08   0.03   0.10   0.00   0.15   0.87   0.12   0.13   0.13   0.65   0.30   0.66   0.35   0.01   0.10   0.15   0.55   0.77   0.15   0.99   0.03   0.04   0.00   0.00   0.01   0.02   0.06   0.95   0.71   0.85   0.03   0.02   0.99   0.88   1.00   0.09   0.36   0.20   0.05   0.04   0.88   0.04   0.95   0.91   0.49   0.29   0.09   0.49   0.85   0.92   0.99   0.85   0.85   0.98   0.82   0.83   0.95   0.57   0.72   0.10   0.95   0.78   0.92   0.47   0.42   0.60   0.97   0.94   0.52   0.70   
0.02   0.01   0.01   0.03   0.10   0.31   0.41   0.05   0.08   0.03   0.10   0.00   0.15   0.87   0.12   0.13   0.13   0.65   0.30   0.66   0.35   0.01   0.10   0.15   0.55   0.77   0.15   0.99   0.03   0.04   0.00   0.00   0.01   0.02   0.06   0.95   0.71   0.85   0.03   0.02   0.99   0.88   1.00   0.09   0.36   0.20   0.05   0.04   0.88   0.04   0.95   0.91   0.49   0.29   0.09   0.49   0.85   0.92   0.99   0.85   0.85   0.98   0.82   0.83   0.95   0.57   0.72   0.10   0.95   0.78   0.92   0.47   0.42   0.60   0.97   0.94   0.52   0.70   
0.50   0.50   0.50   0.50   0.50   0.14   0.86   0.50   0.50   0.50   0.50   0.50   0.22   0.71   0.50   0.50   0.50   0.88   0.50   0.38   0.38   0.50   0.50   0.50   0.84   0.27   0.50   0.50   0.50   0.50   0.50   0.50   0.50   0.50   0.50   0.50   0.50   0.50   0.50   0.68   0.50   0.50   0.50   0.50   0.50   0.50   0.50   0.50   0.50   0.50   0.50   0.33   0.50   0.50   0.50   0.88   0.83   0.50   0.07   0.50   0.50   0.50   0.50   0.83   0.50   0.50   0.37   0.50   0.50   0.50   0.20   0.97   0.79   0.50   0.50   0.50   0.65   0.50   
0.03   0.06   0.06   0.03   0.15   0.04   0.84   0.03   0.02   0.64   0.03   0.04   0.08   0.98   0.64   0.06   0.06   0.96   0.03   0.80   0.41   0.64   0.64   0.03   0.96   0.75   0.06   0.99   0.04   0.64   0.03   0.02   0.04   0.04   0.07   0.92   0.92   0.92   0.03   0.06   0.99   0.92   0.99   0.64   0.04   0.02   0.13   0.06   0.92   0.09   0.92   0.90   0.09   0.04   0.64   0.97   0.97   0.92   0.88   0.99   0.92   0.99   0.65   0.98   0.99   0.03   0.80   0.04   0.99   0.93   0.77   0.98   0.85   0.92   0.99   0.94   0.42   0.92   

0.27   0.81   0.71   0.35   0.63   0.33   0.10   0.20   0.36   0.16   0.03   0.50   0.38   0.11   0.29   0.42   0.34   0.19   0.70   0.19   0.21   0.50   0.81   0.03   0.22   0.03   0.35   0.50   0.20   0.69   0.50   0.50   0.17   0.46   0.32   0.21   0.03   0.09   0.12   0.23   0.01   0.00   0.50   0.36   0.02   0.30   0.04   0.22   0.01   0.08   0.00   0.01   0.53   0.33   0.19   0.22   0.31   0.10   0.05   0.36   0.15   0.06   0.04   0.21   0.29   0.07   0.13   0.02   0.42   0.02   0.11   0.02   0.02   0.01   0.03   0.05   0.43   0.06   
0.00   0.01   0.01   0.01   0.04   0.03   0.01   0.00   0.01   0.00   0.00   0.00   0.02   0.04   0.01   0.02   0.01   0.03   0.11   0.04   0.02   0.00   0.09   0.00   0.03   0.01   0.02   0.96   0.00   0.03   0.00   0.00   0.00   0.01   0.01   0.24   0.01   0.04   0.00   0.00   0.01   0.00   0.99   0.01   0.00   0.02   0.00   0.00   0.00   0.00   0.00   0.01   0.10   0.03   0.00   0.03   0.18   0.08   0.13   0.13   0.08   0.12   0.01   0.06   0.18   0.01   0.03   0.00   0.55   0.00   0.05   0.00   0.00   0.00   0.04   0.04   0.07   0.02   
0.02   0.01   0.01   0.03   0.09   0.29   0.38   0.04   0.07   0.03   0.09   0.00   0.13   0.82   0.10   0.11   0.11   0.62   0.27   0.61   0.31   0.01   0.09   0.12   0.51   0.73   0.12   0.99   0.03   0.04   0.00   0.00   0.01   0.02   0.05   0.97   0.67   0.90   0.03   0.02   0.96   0.92   1.00   0.09   0.33   0.18   0.04   0.03   0.84   0.04   0.91   0.93   0.46   0.26   0.08   0.45   0.91   0.95   0.99   0.79   0.91   0.99   0.78   0.79   0.91   0.71   0.68   0.09   0.96   0.72   0.87   0.45   0.40   0.56   0.98   0.96   0.48   0.80   
0.50   0.50   0.50   0.50   0.52   0.16   0.86   0.50   0.50   0.50   0.50   0.50   0.24   0.73   0.50   0.50   0.50   0.89   0.50   0.41   0.41   0.50   0.50   0.50   0.85   0.30   0.50   0.50   0.50   0.50   0.50   0.50   0.50   0.50   0.50   0.50   0.50   0.50   0.50   0.69   0.50   0.50   0.50   0.50   0.50   0.50   0.50   0.50   0.50   0.50   0.50   0.36   0.50   0.50   0.50   0.89   0.84   0.50   0.08   0.50   0.50   0.50   0.50   0.83   0.50   0.50   0.39   0.50   0.50   0.50   0.22   0.97   0.80   0.50   0.50   0.50   0.67   0.50   
0.03   0.03   0.03   0.02   0.08   0.04   0.84   0.03   0.01   0.04   0.04   0.04   0.04   0.98   0.04   0.05   0.05   0.96   0.04   0.69   0.24   0.04   0.04   0.04   0.94   0.73   0.03   0.99   0.03   0.04   0.03   0.01   0.04   0.04   0.05   0.92   0.92   0.92   0.04   0.02   0.99   0.92   0.99   0.04   0.04   0.01   0.08   0.03   0.92   0.06   0.92   0.96   0.22   0.04   0.04   0.95   0.99   0.92   0.94   0.99   0.92   0.99   0.64   0.97   0.99   0.04   0.77   0.04   0.99   0.95   0.76   0.98   0.83   0.92   0.99   0.94   0.83   0.92   

0.50   0.12   0.21   0.50   0.09   0.08   0.13   0.50   0.11   0.50   0.50   0.50   0.09   0.11   0.05   0.12   0.17   0.09   0.13   0.08   0.11   0.50   0.11   0.50   0.07   0.05   0.16   0.50   0.50   0.13   0.50   0.50   0.50   0.16   0.09   0.12   0.50   0.09   0.50   0.50   0.06   0.50   0.50   0.13   0.50   0.12   0.50   0.50   0.50   0.50   0.50   0.07   0.15   0.13   0.50   0.08   0.16   0.08   0.07   0.10   0.07   0.05   0.07   0.11   0.15   0.10   0.12   0.50   0.20   0.50   0.07   0.50   0.50   0.50   0.07   0.10   0.15   0.07   
0.01   0.00   0.00   0.01   0.00   0.00   0.01   0.01   0.00   0.01   0.02   0.00   0.00   0.04   0.00   0.00   0.01   0.01   0.01   0.01   0.01   0.00   0.00   0.03   0.01   0.01   0.01   0.96   0.01   0.00   0.00   0.00   0.00   0.00   0.00   0.17   0.16   0.06   0.01   0.01   0.08   0.51   0.99   0.00   0.07   0.01   0.01   0.01   0.27   0.01   0.52   0.05   0.02   0.01   0.02   0.01   0.09   0.07   0.18   0.03   0.04   0.10   0.02   0.03   0.09   0.02   0.02   0.02   0.18   0.18   0.03   0.08   0.08   0.13   0.13   0.12   0.02   0.02   
0.02   0.01   0.01   0.02   0.08   0.26   0.36   0.04   0.06   0.03   0.08   0.00   0.16   0.80   0.10   0.14   0.11   0.60   0.26   0.59   0.30   0.01   0.08   0.16   0.49   0.75   0.15   0.99   0.02   0.04   0.00   0.00   0.01   0.02   0.05   0.97   0.65   0.91   0.03   0.01   0.96   0.91   1.00   0.08   0.31   0.17   0.07   0.03   0.82   0.04   0.90   0.93   0.43   0.28   0.07   0.47   0.89   0.95   0.99   0.80   0.89   0.98   0.76   0.77   0.90   0.72   0.66   0.12   0.95   0.70   0.85   0.42   0.38   0.53   0.98   0.96   0.46   0.78   
0.50   0.50   0.50   0.50   0.52   0.13   0.89   0.50   0.50   0.50   0.50   0.50   0.21   0.76   0.50   0.50   0.50   0.92   0.50   0.39   0.39   0.50   0.50   0.50   0.88   0.27   0.50   0.50   0.50   0.50   0.50   0.50   0.50   0.50   0.50   0.50   0.50   0.50   0.50   0.72   0.50   0.50   0.50   0.50   0.50   0.50   0.50   0.50   0.50   0.50   0.50   0.33   0.50   0.50   0.50   0.92   0.87   0.50   0.06   0.50   0.50   0.50   0.50   0.86   0.50   0.50   0.37   0.50   0.50   0.50   0.18   0.99   0.83   0.50   0.50   0.50   0.69   0.50   
0.03   0.03   0.03   0.02   0.07   0.03   0.86   0.03   0.01   0.04   0.04   0.04   0.05   0.98   0.04   0.05   0.04   0.97   0.04   0.47   0.21   0.04   0.04   0.04   0.96   0.73   0.03   0.99   0.03   0.04   0.03   0.01   0.04   0.04   0.06   0.92   0.92   0.92   0.04   0.02   0.99   0.92   0.99   0.04   0.04   0.01   0.06   0.03   0.92   0.05   0.92   0.96   0.23   0.04   0.04   0.97   0.99   0.92   0.90   0.99   0.92   0.99   0.64   0.97   0.99   0.04   0.72   0.04   0.99   0.95   0.49   0.99   0.84   0.92   0.99   0.93   0.84   0.92   

0.50   0.50   0.50   0.50   0.50   0.50   0.08   0.50   0.50   0.50   0.50   0.50   0.50   0.07   0.50   0.50   0.50   0.06   0.08   0.05   0.07   0.50   0.50   0.50   0.05   0.03   0.10   0.50   0.50   0.50   0.50   0.50   0.50   0.50   0.50   0.07   0.50   0.06   0.50   0.50   0.04   0.50   0.50   0.50   0.50   0.50   0.50   0.50   0.50   0.50   0.50   0.04   0.09   0.08   0.50   0.06   0.10   0.05   0.05   0.06   0.05   0.04   0.04   0.07   0.10   0.07   0.07   0.50   0.13   0.50   0.05   0.50   0.50   0.50   0.05   0.06   0.09   0.04   
0.01   0.00   0.01   0.01   0.02   0.05   0.01   0.01   0.02   0.01   0.02   0.00   0.04   0.02   0.02   0.03   0.03   0.01   0.01   0.01   0.00   0.00   0.02   0.03   0.01   0.01   0.00   0.96   0.01   0.01   0.00   0.00   0.00   0.01   0.02   0.11   0.16   0.04   0.01   0.01   0.05   0.51   0.99   0.02   0.07   0.04   0.01   0.01   0.26   0.01   0.52   0.03   0.01   0.01   0.02   0.01   0.05   0.05   0.13   0.02   0.02   0.07   0.01   0.02   0.05   0.02   0.01   0.02   0.12   0.17   0.02   0.08   0.08   0.12   0.09   0.07   0.01   0.01   
0.03   0.01   0.01   0.04   0.11   0.28   0.37   0.05   0.09   0.04   0.11   0.00   0.19   0.82   0.12   0.17   0.13   0.62   0.29   0.62   0.33   0.01   0.10   0.18   0.52   0.77   0.17   0.99   0.04   0.01   0.00   0.00   0.00   0.04   0.07   0.98   0.67   0.92   0.01   0.03   0.97   0.92   1.00   0.03   0.35   0.19   0.10   0.05   0.82   0.05   0.91   0.94   0.33   0.30   0.09   0.50   0.90   0.95   0.99   0.82   0.89   0.98   0.77   0.78   0.90   0.74   0.69   0.15   0.95   0.71   0.87   0.44   0.40   0.56   0.98   0.97   0.36   0.80   
0.50   0.50   0.50   0.50   0.54   0.16   0.88   0.50   0.50   0.50   0.50   0.50   0.25   0.75   0.50   0.50   0.50   0.90   0.50   0.43   0.42   0.50   0.50   0.50   0.87   0.31   0.50   0.50   0.50   0.50   0.50   0.50   0.50   0.50   0.50   0.50   0.50   0.50   0.50   0.72   0.50   0.50   0.50   0.50   0.50   0.50   0.50   0.50   0.50   0.50   0.50   0.37   0.50   0.50   0.50   0.90   0.85   0.50   0.08   0.50   0.50   0.50   0.50   0.85   0.50   0.50   0.41   0.50   0.50   0.50   0.23   0.98   0.82   0.50   0.50   0.50   0.70   0.50   
0.03   0.04   0.04   0.02   0.16   0.04   0.84   0.03   0.01   0.04   0.03   0.04   0.12   0.98   0.04   0.05   0.05   0.96   0.03   0.78   0.35   0.04   0.04   0.03   0.96   0.81   0.04   0.99   0.03   0.04   0.03   0.01   0.04   0.04   0.06   0.91   0.91   0.91   0.03   0.10   0.99   0.91   0.99   0.04   0.04   0.01   0.08   0.04   0.91   0.06   0.91   0.96   0.04   0.04   0.04   0.97   0.98   0.91   0.91   0.99   0.91   0.99   0.63   0.97   0.99   0.03   0.77   0.04   0.99   0.95   0.72   0.98   0.86   0.91   0.99   0.93   0.16   0.91   

0.50   0.50   0.50   0.50   0.50   0.50   0.06   0.50   0.50   0.50   0.50   0.50   0.50   0.06   0.50   0.50   0.50   0.05   0.50   0.05   0.50   0.50   0.50   0.50   0.50   0.03   0.50   0.50   0.50   0.50   0.50   0.50   0.50   0.50   0.50   0.06   0.50   0.05   0.50   0.50   0.04   0.50   0.50   0.50   0.50   0.50   0.50   0.50   0.50   0.50   0.50   0.04   0.07   0.50   0.50   0.05   0.07   0.04   0.04   0.05   0.04   0.03   0.04   0.06   0.07   0.06   0.06   0.50   0.09   0.50   0.04   0.50   0.50   0.50   0.04   0.05   0.07   0.04   
0.01   0.00   0.01   0.01   0.02   0.05   0.01   0.01   0.02   0.01   0.02   0.00   0.04   0.02   0.02   0.03   0.03   0.01   0.05   0.01   0.07   0.00   0.02   0.03   0.11   0.01   0.04   0.96   0.01   0.01   0.00   0.00   0.00   0.01   0.02   0.09   0.16   0.03   0.01   0.01   0.05   0.51   0.99   0.02   0.07   0.04   0.01   0.01   0.27   0.01   0.52   0.03   0.01   0.06   0.02   0.01   0.04   0.04   0.11   0.02   0.02   0.06   0.01   0.02   0.04   0.01   0.01   0.02   0.08   0.17   0.02   0.08   0.08   0.13   0.08   0.06   0.01   0.01   
0.03   0.01   0.01   0.04   0.11   0.28   0.37   0.05   0.09   0.04   0.11   0.00   0.19   0.82   0.12   0.17   0.13   0.62   0.29   0.62   0.33   0.01   0.10   0.18   0.52   0.77   0.17   0.99   0.04   0.01   0.00   0.00   0.00   0.04   0.07   0.98   0.67   0.92   0.01   0.03   0.97   0.92   1.00   0.03   0.35   0.19   0.10   0.05   0.82   0.05   0.91   0.94   0.33   0.30   0.09   0.50   0.90   0.95   0.99   0.82   0.89   0.98   0.77   0.78   0.90   0.74   0.69   0.15   0.95   0.71   0.87   0.44   0.40   0.56   0.98   0.97   0.36   0.80   
0.50   0.50   0.50   0.50   0.58   0.16   0.91   0.50   0.50   0.50   0.50   0.50   0.26   0.79   0.50   0.50   0.50   0.93   0.50   0.45   0.45   0.50   0.50   0.50   0.90   0.33   0.50   0.50   0.50   0.50   0.50   0.50   0.50   0.50   0.50   0.50   0.50   0.50   0.50   0.76   0.50   0.50   0.50   0.50   0.50   0.50   0.50   0.50   0.50   0.50   0.50   0.39   0.50   0.50   0.50   0.93   0.88   0.50   0.08   0.50   0.50   0.50   0.50   0.88   0.50   0.50   0.43   0.50   0.50   0.50   0.23   0.99   0.85   0.50   0.50   0.50   0.74   0.50   
0.03   0.04   0.04   0.02   0.19   0.04   0.88   0.03   0.01   0.04   0.03   0.04   0.12   0.99   0.04   0.05   0.05   0.97   0.03   0.81   0.39   0.04   0.04   0.03   0.97   0.83   0.04   0.99   0.03   0.04   0.03   0.01   0.04   0.04   0.06   0.91   0.91   0.91   0.03   0.13   0.99   0.91   0.99   0.04   0.04   0.01   0.08   0.04   0.91   0.06   0.91   0.96   0.04   0.04   0.04   0.98   0.99   0.91   0.91   0.99   0.91   0.99   0.63   0.98   0.99   0.03   0.79   0.04   0.99   0.95   0.75   0.99   0.89   0.91   0.99   0.94   0.18   0.91   

0.00   0.00   0.00   0.00   0.00   0.00   0.00   0.00   0.00   0.00   0.00   0.00   0.00   0.00   0.00   0.00   0.00   0.00   0.00   0.00   0.00   0.00   0.00   0.00   0.00   0.00   0.00   0.00   0.00   0.00   0.00   0.00   0.00   0.00   0.00   1.00   1.00   1.00   0.00   0.00   1.00   1.00   1.00   0.00   0.00   0.00   0.00   0.00   1.00   0.00   1.00   1.00   1.00   0.00   0.00   1.00   1.00   1.00   1.00   1.00   1.00   1.00   1.00   1.00   1.00   1.00   1.00   0.00   1.00   1.00   1.00   1.00   1.00   1.00   1.00   1.00   1.00   1.00   