5.00   5.00   5.00   5.00   5.00   5.00   5.00   5.00   5.00   5.00   5.00   5.00   5.00   5.00   5.00   5.00   5.00   5.00   5.00   5.00   5.00   5.00   5.00   5.00   5.00   5.00   5.00   5.00   5.00   5.00   5.00   5.00   5.00   5.00   5.00   5.00   5.00   5.00   5.00   5.00   5.00   5.00   5.00   5.00   5.00   5.00   5.00   5.00   5.00   5.00   5.00   5.00   5.00   5.00   5.00   5.00   5.00   5.00   5.00   5.00   5.00   5.00   5.00   5.00   5.00   5.00   5.00   5.00   5.00   5.00   5.00   5.00   5.00   5.00   5.00   5.00   5.00   5.00   
0.04   0.04   0.83   0.78   0.04   0.04   0.78   0.78   0.78   0.78   0.98   0.78   0.98   0.78   0.78   0.78   0.78   0.04   0.78   0.78   0.78   0.78   0.78   0.04   0.04   0.04   0.04   0.04   0.78   0.04   0.04   0.98   0.98   0.98   0.04   0.78   0.78   0.98   0.98   0.04   0.04   0.78   0.78   0.04   0.78   0.04   0.98   0.98   0.04   0.78   0.78   0.04   0.78   0.78   0.78   0.04   0.04   0.98   0.98   0.78   0.78   0.98   0.98   0.98   0.78   0.98   0.78   0.04   0.78   0.04   0.04   0.04   0.78   0.98   0.04   0.78   0.98   0.83   
0.04   0.04   0.83   0.78   0.04   0.04   0.78   0.78   0.78   0.78   0.98   0.78   0.98   0.78   0.78   0.78   0.78   0.04   0.78   0.78   0.78   0.78   0.78   0.04   0.04   0.04   0.04   0.04   0.78   0.04   0.04   0.98   0.98   0.98   0.04   0.78   0.78   0.98   0.98   0.04   0.04   0.78   0.78   0.04   0.78   0.04   0.98   0.98   0.04   0.78   0.78   0.04   0.78   0.78   0.78   0.04   0.04   0.98   0.98   0.78   0.78   0.98   0.98   0.98   0.78   0.98   0.78   0.04   0.78   0.04   0.04   0.04   0.78   0.98   0.04   0.78   0.98   0.83   
0.58   0.15   0.29   0.49   0.34   0.81   0.52   0.54   0.47   0.46   0.67   0.15   0.61   0.55   0.64   0.43   0.52   0.26   0.44   0.45   0.69   0.28   0.48   0.20   0.24   0.33   0.31   0.32   0.33   0.34   0.51   0.48   0.72   0.67   0.65   0.16   0.80   0.81   0.71   0.09   0.34   0.54   0.52   0.14   0.25   0.30   0.75   0.54   0.35   0.50   0.83   0.50   0.15   0.25   0.69   0.78   0.41   0.57   0.65   0.60   0.56   0.71   0.65   0.71   0.22   0.80   0.84   0.77   0.37   0.55   0.89   0.59   0.73   0.72   0.52   0.82   0.78   0.68   
0.60   0.01   0.76   0.89   0.02   0.82   0.90   0.91   0.88   0.87   0.99   0.31   0.99   0.91   0.94   0.86   0.90   0.02   0.86   0.87   0.95   0.76   0.88   0.01   0.01   0.02   0.02   0.02   0.80   0.02   0.35   0.98   0.99   0.99   0.67   0.60   0.97   1.00   0.99   0.00   0.02   0.91   0.90   0.01   0.73   0.02   0.99   0.99   0.02   0.89   0.98   0.04   0.59   0.73   0.95   0.79   0.03   0.99   0.99   0.92   0.91   0.99   0.99   0.99   0.70   1.00   0.98   0.78   0.83   0.56   0.89   0.61   0.96   0.99   0.53   0.97   1.00   0.94   

5.00   5.00   5.00   5.00   5.00   5.00   5.00   5.00   5.00   5.00   5.00   5.00   5.00   5.00   5.00   5.00   5.00   5.00   5.00   5.00   5.00   5.00   5.00   5.00   5.00   5.00   5.00   5.00   5.00   5.00   5.00   5.00   5.00   5.00   5.00   5.00   5.00   5.00   5.00   5.00   5.00   5.00   5.00   5.00   5.00   5.00   5.00   5.00   5.00   5.00   5.00   5.00   5.00   5.00   5.00   5.00   5.00   5.00   5.00   5.00   5.00   5.00   5.00   5.00   5.00   5.00   5.00   5.00   5.00   5.00   5.00   5.00   5.00   5.00   5.00   5.00   5.00   5.00   
0.02   0.02   0.15   0.21   0.02   0.02   0.21   0.21   0.21   0.21   0.93   0.21   0.93   0.21   0.21   0.21   0.35   0.02   0.21   0.21   0.21   0.21   0.35   0.02   0.02   0.02   0.02   0.02   0.21   0.02   0.02   0.93   0.98   0.93   0.02   0.21   0.35   0.98   0.98   0.02   0.02   0.21   0.21   0.02   0.21   0.02   0.93   0.93   0.04   0.21   0.21   0.02   0.21   0.21   0.21   0.04   0.04   0.93   0.98   0.21   0.35   0.93   0.98   0.98   0.21   0.98   0.21   0.02   0.21   0.04   0.02   0.04   0.21   0.98   0.04   0.35   0.93   0.17   
0.02   0.02   0.15   0.21   0.02   0.02   0.21   0.21   0.21   0.21   0.93   0.21   0.93   0.21   0.21   0.21   0.35   0.02   0.21   0.21   0.21   0.21   0.35   0.02   0.02   0.02   0.02   0.02   0.21   0.02   0.02   0.93   0.98   0.93   0.02   0.21   0.35   0.98   0.98   0.02   0.02   0.21   0.21   0.02   0.21   0.02   0.93   0.93   0.04   0.21   0.21   0.02   0.21   0.21   0.21   0.04   0.04   0.93   0.98   0.21   0.35   0.93   0.98   0.98   0.21   0.98   0.21   0.02   0.21   0.04   0.02   0.04   0.21   0.98   0.04   0.35   0.93   0.17   
0.54   0.01   0.10   0.37   0.17   0.94   0.42   0.35   0.38   0.32   0.75   0.01   0.56   0.50   0.70   0.30   0.45   0.07   0.30   0.40   0.77   0.12   0.33   0.02   0.08   0.14   0.09   0.18   0.16   0.18   0.45   0.42   0.50   0.81   0.75   0.02   0.94   0.50   0.50   0.50   0.15   0.48   0.41   0.01   0.06   0.11   0.50   0.59   0.15   0.52   0.95   0.41   0.01   0.06   0.75   0.89   0.25   0.54   0.69   0.67   0.52   0.50   0.71   0.50   0.06   0.50   0.96   0.92   0.27   0.60   0.99   0.70   0.87   0.50   0.40   0.95   0.50   0.79   
0.03   0.00   0.37   0.73   0.01   0.93   0.77   0.72   0.75   0.18   0.99   0.01   0.98   0.83   0.92   0.16   0.88   0.00   0.16   0.76   0.94   0.06   0.82   0.00   0.00   0.00   0.00   0.01   0.08   0.01   0.02   0.96   0.98   0.99   0.72   0.01   0.99   0.98   0.98   0.03   0.01   0.82   0.77   0.00   0.03   0.00   0.98   0.98   0.06   0.84   0.99   0.02   0.00   0.03   0.93   0.96   0.10   0.98   1.00   0.91   0.91   0.98   1.00   0.98   0.03   0.98   0.99   0.91   0.14   0.81   0.98   0.87   0.97   0.98   0.65   0.99   0.98   0.99   

5.00   5.00   5.00   5.00   5.00   5.00   5.00   5.00   5.00   5.00   5.00   5.00   5.00   5.00   5.00   5.00   5.00   5.00   5.00   5.00   5.00   5.00   5.00   5.00   5.00   5.00   5.00   5.00   5.00   5.00   5.00   5.00   5.00   5.00   5.00   5.00   5.00   5.00   5.00   5.00   5.00   5.00   5.00   5.00   5.00   5.00   5.00   5.00   5.00   5.00   5.00   5.00   5.00   5.00   5.00   5.00   5.00   5.00   5.00   5.00   5.00   5.00   5.00   5.00   5.00   5.00   5.00   5.00   5.00   5.00   5.00   5.00   5.00   5.00   5.00   5.00   5.00   5.00   
0.03   0.03   0.73   0.48   0.03   0.03   0.48   0.48   0.48   0.48   0.91   0.48   0.96   0.48   0.74   0.48   0.74   0.03   0.48   0.74   0.48   0.48   0.85   0.03   0.03   0.03   0.03   0.03   0.48   0.03   0.03   0.96   0.99   0.91   0.03   0.48   0.85   0.96   0.96   0.03   0.03   0.48   0.74   0.03   0.48   0.03   0.96   0.91   0.50   0.48   0.74   0.21   0.48   0.48   0.74   0.50   0.50   0.96   0.99   0.48   0.74   0.91   0.96   0.96   0.48   0.96   0.48   0.03   0.74   0.21   0.21   0.50   0.74   0.99   0.21   0.85   0.96   0.86   
0.03   0.03   0.73   0.48   0.03   0.03   0.48   0.48   0.48   0.48   0.91   0.48   0.96   0.48   0.74   0.48   0.74   0.03   0.48   0.74   0.48   0.48   0.85   0.03   0.03   0.03   0.03   0.03   0.48   0.03   0.03   0.96   0.99   0.91   0.03   0.48   0.85   0.96   0.96   0.03   0.03   0.48   0.74   0.03   0.48   0.03   0.96   0.91   0.50   0.48   0.74   0.21   0.48   0.48   0.74   0.50   0.50   0.96   0.99   0.48   0.74   0.91   0.96   0.96   0.48   0.96   0.48   0.03   0.74   0.21   0.21   0.50   0.74   0.99   0.21   0.85   0.96   0.86   
0.29   0.50   0.08   0.31   0.50   0.91   0.29   0.45   0.29   0.37   0.77   0.50   0.80   0.42   0.73   0.25   0.31   0.50   0.22   0.42   0.78   0.09   0.23   0.50   0.50   0.50   0.50   0.50   0.13   0.50   0.58   0.31   0.50   0.50   0.74   0.01   0.50   0.50   0.50   0.50   0.50   0.49   0.29   0.50   0.02   0.50   0.50   0.55   0.14   0.40   0.98   0.31   0.50   0.04   0.88   0.90   0.34   0.41   0.50   0.75   0.48   0.50   0.50   0.50   0.06   0.50   0.97   0.93   0.21   0.58   0.99   0.77   0.92   0.50   0.42   0.50   0.50   0.87   
0.01   0.02   0.13   0.10   0.02   0.85   0.09   0.17   0.09   0.13   0.95   0.75   0.99   0.15   0.94   0.08   0.58   0.02   0.06   0.81   0.83   0.02   0.78   0.02   0.02   0.02   0.02   0.02   0.03   0.02   0.03   0.91   0.98   0.95   0.07   0.00   0.91   0.98   0.98   0.02   0.02   0.19   0.69   0.02   0.00   0.02   0.98   0.87   0.29   0.14   1.00   0.35   0.75   0.01   0.98   0.98   0.77   0.94   0.99   0.80   0.74   0.98   0.99   0.98   0.02   0.98   0.98   0.89   0.36   0.71   1.00   0.95   0.98   0.98   0.29   0.91   0.98   0.99   

5.00   5.00   5.00   5.00   5.00   5.00   5.00   5.00   5.00   5.00   5.00   5.00   5.00   5.00   5.00   5.00   5.00   5.00   5.00   5.00   5.00   5.00   5.00   5.00   5.00   5.00   5.00   5.00   5.00   5.00   5.00   5.00   5.00   5.00   5.00   5.00   5.00   5.00   5.00   5.00   5.00   5.00   5.00   5.00   5.00   5.00   5.00   5.00   5.00   5.00   5.00   5.00   5.00   5.00   5.00   5.00   5.00   5.00   5.00   5.00   5.00   5.00   5.00   5.00   5.00   5.00   5.00   5.00   5.00   5.00   5.00   5.00   5.00   5.00   5.00   5.00   5.00   5.00   
0.02   0.16   0.88   0.59   0.02   0.16   0.59   0.11   0.59   0.59   0.92   0.11   0.96   0.11   0.83   0.11   0.70   0.16   0.59   0.83   0.59   0.59   0.85   0.02   0.02   0.02   0.02   0.02   0.11   0.02   0.02   0.93   0.96   0.92   0.02   0.11   0.91   0.92   0.96   0.02   0.16   0.11   0.70   0.02   0.11   0.02   0.96   0.92   0.86   0.59   0.83   0.73   0.59   0.11   0.83   0.86   0.86   0.96   0.99   0.59   0.83   0.92   0.96   0.96   0.11   0.96   0.59   0.16   0.83   0.72   0.73   0.86   0.70   0.99   0.46   0.91   0.96   0.94   
0.02   0.16   0.88   0.59   0.02   0.16   0.59   0.11   0.59   0.59   0.92   0.11   0.96   0.11   0.83   0.11   0.70   0.16   0.59   0.83   0.59   0.59   0.85   0.02   0.02   0.02   0.02   0.02   0.11   0.02   0.02   0.93   0.96   0.92   0.02   0.11   0.91   0.92   0.96   0.02   0.16   0.11   0.70   0.02   0.11   0.02   0.96   0.92   0.86   0.59   0.83   0.73   0.59   0.11   0.83   0.86   0.86   0.96   0.99   0.59   0.83   0.92   0.96   0.96   0.11   0.96   0.59   0.16   0.83   0.72   0.73   0.86   0.70   0.99   0.46   0.91   0.96   0.94   
0.29   0.50   0.06   0.29   0.50   0.93   0.28   0.38   0.26   0.32   0.77   0.50   0.83   0.39   0.74   0.24   0.31   0.50   0.18   0.39   0.79   0.06   0.22   0.50   0.50   0.50   0.50   0.50   0.10   0.50   0.53   0.28   0.50   0.50   0.73   0.50   0.50   0.50   0.50   0.50   0.50   0.43   0.24   0.50   0.50   0.50   0.50   0.52   0.11   0.40   0.50   0.25   0.50   0.03   0.90   0.91   0.30   0.35   0.50   0.81   0.45   0.50   0.50   0.50   0.03   0.50   0.98   0.95   0.18   0.59   0.50   0.79   0.95   0.50   0.38   0.50   0.50   0.50   
0.00   0.02   0.14   0.09   0.02   0.91   0.09   0.05   0.08   0.11   0.97   0.78   0.99   0.05   0.95   0.03   0.12   0.02   0.05   0.81   0.86   0.02   0.60   0.02   0.02   0.02   0.02   0.02   0.01   0.02   0.01   0.87   0.98   0.97   0.03   0.13   0.88   0.98   0.98   0.02   0.02   0.06   0.52   0.02   0.13   0.02   0.98   0.90   0.17   0.14   0.85   0.24   0.78   0.00   0.98   0.98   0.42   0.96   0.99   0.88   0.70   0.98   0.99   0.98   0.00   0.98   0.99   0.94   0.29   0.26   0.42   0.95   0.99   0.98   0.05   0.88   0.98   0.96   

5.00   5.00   5.00   5.00   5.00   5.00   5.00   5.00   5.00   5.00   5.00   5.00   5.00   5.00   5.00   5.00   5.00   5.00   5.00   5.00   5.00   5.00   5.00   5.00   5.00   5.00   5.00   5.00   5.00   5.00   5.00   5.00   5.00   5.00   5.00   5.00   5.00   5.00   5.00   5.00   5.00   5.00   5.00   5.00   5.00   5.00   5.00   5.00   5.00   5.00   5.00   5.00   5.00   5.00   5.00   5.00   5.00   5.00   5.00   5.00   5.00   5.00   5.00   5.00   5.00   5.00   5.00   5.00   5.00   5.00   5.00   5.00   5.00   5.00   5.00   5.00   5.00   5.00   
0.01   0.04   0.16   0.36   0.01   0.04   0.36   0.20   0.36   0.36   0.98   0.20   0.99   0.20   0.60   0.20   0.28   0.04   0.36   0.60   0.36   0.36   0.44   0.01   0.01   0.01   0.01   0.01   0.87   0.01   0.01   0.79   0.85   0.84   0.01   0.20   0.96   0.78   0.99   0.01   0.04   0.20   0.29   0.01   0.20   0.01   0.89   0.98   0.10   0.36   0.60   0.07   0.92   0.20   0.60   0.10   0.10   0.99   0.99   0.36   0.58   0.84   0.89   0.89   0.20   0.99   0.92   0.04   0.60   0.07   0.07   0.10   0.29   0.92   0.03   0.96   0.89   0.18   
0.01   0.04   0.16   0.36   0.01   0.04   0.36   0.20   0.36   0.36   0.98   0.20   0.99   0.20   0.60   0.20   0.28   0.04   0.36   0.60   0.36   0.36   0.44   0.01   0.01   0.01   0.01   0.01   0.87   0.01   0.01   0.79   0.85   0.84   0.01   0.20   0.96   0.78   0.99   0.01   0.04   0.20   0.29   0.01   0.20   0.01   0.89   0.98   0.10   0.36   0.60   0.07   0.92   0.20   0.60   0.10   0.10   0.99   0.99   0.36   0.58   0.84   0.89   0.89   0.20   0.99   0.92   0.04   0.60   0.07   0.07   0.10   0.29   0.92   0.03   0.96   0.89   0.18   
0.50   0.50   0.11   0.34   0.50   0.92   0.22   0.56   0.36   0.30   0.85   0.50   0.50   0.32   0.78   0.27   0.27   0.50   0.23   0.42   0.70   0.08   0.24   0.50   0.50   0.50   0.50   0.50   0.11   0.50   0.72   0.32   0.50   0.50   0.74   0.50   0.50   0.50   0.50   0.50   0.50   0.45   0.18   0.50   0.50   0.50   0.50   0.56   0.17   0.42   0.50   0.20   0.50   0.50   0.92   0.92   0.45   0.47   0.50   0.89   0.41   0.50   0.50   0.50   0.50   0.50   0.98   0.95   0.31   0.56   0.50   0.82   0.96   0.50   0.42   0.50   0.50   0.50   
0.01   0.02   0.17   0.10   0.02   0.82   0.06   0.61   0.11   0.09   0.99   0.76   0.98   0.07   0.93   0.05   0.11   0.02   0.06   0.39   0.34   0.02   0.56   0.02   0.02   0.02   0.02   0.02   0.18   0.02   0.03   0.86   0.98   0.97   0.04   0.16   0.84   0.98   0.98   0.02   0.02   0.11   0.13   0.02   0.16   0.02   0.98   0.97   0.08   0.14   0.83   0.05   0.76   0.60   0.98   0.95   0.25   0.98   0.99   0.93   0.25   0.98   0.99   0.98   0.60   0.98   1.00   0.88   0.28   0.09   0.16   0.89   0.99   0.98   0.04   0.84   0.98   0.92   

5.00   5.00   5.00   5.00   5.00   5.00   5.00   5.00   5.00   5.00   5.00   5.00   5.00   5.00   5.00   5.00   5.00   5.00   5.00   5.00   5.00   5.00   5.00   5.00   5.00   5.00   5.00   5.00   5.00   5.00   5.00   5.00   5.00   5.00   5.00   5.00   5.00   5.00   5.00   5.00   5.00   5.00   5.00   5.00   5.00   5.00   5.00   5.00   5.00   5.00   5.00   5.00   5.00   5.00   5.00   5.00   5.00   5.00   5.00   5.00   5.00   5.00   5.00   5.00   5.00   5.00   5.00   5.00   5.00   5.00   5.00   5.00   5.00   5.00   5.00   5.00   5.00   5.00   
0.01   0.04   0.35   0.33   0.01   0.04   0.33   0.18   0.33   0.79   0.95   0.18   0.99   0.18   0.50   0.18   0.24   0.04   0.33   0.50   0.33   0.79   0.35   0.01   0.01   0.01   0.01   0.01   0.82   0.01   0.01   0.87   0.76   0.76   0.01   0.18   0.97   0.66   0.99   0.01   0.04   0.18   0.25   0.01   0.18   0.01   0.82   0.98   0.09   0.33   0.50   0.07   0.95   0.18   0.50   0.09   0.09   0.96   0.99   0.33   0.48   0.76   0.82   0.82   0.18   0.96   0.95   0.04   0.50   0.06   0.07   0.09   0.25   0.86   0.03   0.93   0.82   0.17   
0.01   0.04   0.35   0.33   0.01   0.04   0.33   0.18   0.33   0.79   0.95   0.18   0.99   0.18   0.50   0.18   0.24   0.04   0.33   0.50   0.33   0.79   0.35   0.01   0.01   0.01   0.01   0.01   0.82   0.01   0.01   0.87   0.76   0.76   0.01   0.18   0.97   0.66   0.99   0.01   0.04   0.18   0.25   0.01   0.18   0.01   0.82   0.98   0.09   0.33   0.50   0.07   0.95   0.18   0.50   0.09   0.09   0.96   0.99   0.33   0.48   0.76   0.82   0.82   0.18   0.96   0.95   0.04   0.50   0.06   0.07   0.09   0.25   0.86   0.03   0.93   0.82   0.17   
0.50   0.50   0.07   0.26   0.50   0.92   0.16   0.50   0.28   0.23   0.83   0.50   0.50   0.25   0.75   0.20   0.20   0.50   0.17   0.35   0.65   0.05   0.18   0.50   0.50   0.50   0.50   0.50   0.08   0.50   0.68   0.25   0.50   0.50   0.70   0.50   0.50   0.50   0.50   0.50   0.50   0.38   0.13   0.50   0.50   0.50   0.50   0.50   0.12   0.35   0.50   0.15   0.50   0.50   0.91   0.91   0.38   0.40   0.50   0.88   0.34   0.50   0.50   0.50   0.50   0.50   0.50   0.95   0.24   0.50   0.50   0.80   0.96   0.50   0.35   0.50   0.50   0.50   
0.01   0.02   0.16   0.07   0.02   0.79   0.04   0.10   0.08   0.23   0.99   0.73   0.97   0.04   0.88   0.03   0.05   0.02   0.04   0.26   0.29   0.05   0.12   0.02   0.02   0.02   0.02   0.02   0.08   0.02   0.02   0.81   0.98   0.97   0.03   0.15   0.80   0.98   0.98   0.02   0.02   0.06   0.05   0.02   0.15   0.02   0.98   0.97   0.04   0.10   0.79   0.03   0.73   0.53   0.96   0.92   0.15   0.95   0.99   0.90   0.17   0.98   0.99   0.98   0.53   0.98   0.83   0.87   0.17   0.07   0.11   0.83   0.98   0.98   0.02   0.80   0.98   0.90   

5.00   5.00   5.00   5.00   5.00   5.00   5.00   5.00   5.00   5.00   5.00   5.00   5.00   5.00   5.00   5.00   5.00   5.00   5.00   5.00   5.00   5.00   5.00   5.00   5.00   5.00   5.00   5.00   5.00   5.00   5.00   5.00   5.00   5.00   5.00   5.00   5.00   5.00   5.00   5.00   5.00   5.00   5.00   5.00   5.00   5.00   5.00   5.00   5.00   5.00   5.00   5.00   5.00   5.00   5.00   5.00   5.00   5.00   5.00   5.00   5.00   5.00   5.00   5.00   5.00   5.00   5.00   5.00   5.00   5.00   5.00   5.00   5.00   5.00   5.00   5.00   5.00   5.00   
0.01   0.05   0.64   0.27   0.01   0.05   0.27   0.10   0.27   0.59   0.93   0.10   0.92   0.10   0.47   0.10   0.26   0.05   0.27   0.47   0.27   0.59   0.45   0.01   0.01   0.01   0.01   0.01   0.59   0.01   0.01   0.90   0.87   0.84   0.01   0.10   0.95   0.82   0.98   0.01   0.05   0.10   0.28   0.01   0.10   0.01   0.88   0.89   0.34   0.27   0.76   0.18   0.80   0.10   0.47   0.67   0.34   0.88   0.99   0.67   0.45   0.66   0.74   0.74   0.10   0.95   0.90   0.05   0.76   0.16   0.18   0.34   0.66   0.92   0.06   0.91   0.88   0.75   
0.01   0.05   0.64   0.27   0.01   0.05   0.27   0.10   0.27   0.59   0.93   0.10   0.92   0.10   0.47   0.10   0.26   0.05   0.27   0.47   0.27   0.59   0.45   0.01   0.01   0.01   0.01   0.01   0.59   0.01   0.01   0.90   0.87   0.84   0.01   0.10   0.95   0.82   0.98   0.01   0.05   0.10   0.28   0.01   0.10   0.01   0.88   0.89   0.34   0.27   0.76   0.18   0.80   0.10   0.47   0.67   0.34   0.88   0.99   0.67   0.45   0.66   0.74   0.74   0.10   0.95   0.90   0.05   0.76   0.16   0.18   0.34   0.66   0.92   0.06   0.91   0.88   0.75   
0.50   0.50   0.08   0.27   0.50   0.92   0.17   0.51   0.29   0.24   0.83   0.50   0.50   0.25   0.75   0.21   0.21   0.50   0.18   0.36   0.66   0.05   0.19   0.50   0.50   0.50   0.50   0.50   0.08   0.50   0.68   0.26   0.50   0.50   0.71   0.50   0.50   0.50   0.50   0.50   0.50   0.39   0.13   0.50   0.50   0.50   0.50   0.51   0.13   0.36   0.50   0.15   0.50   0.50   0.91   0.91   0.39   0.41   0.50   0.88   0.35   0.50   0.50   0.50   0.50   0.50   0.50   0.95   0.24   0.50   0.50   0.80   0.96   0.50   0.35   0.50   0.50   0.50   
0.01   0.02   0.11   0.05   0.02   0.18   0.03   0.09   0.06   0.15   0.99   0.71   0.97   0.03   0.84   0.02   0.05   0.02   0.03   0.22   0.22   0.03   0.12   0.02   0.02   0.02   0.02   0.02   0.05   0.02   0.02   0.88   0.98   0.96   0.03   0.13   0.80   0.98   0.98   0.02   0.02   0.06   0.05   0.02   0.13   0.02   0.98   0.92   0.04   0.07   0.78   0.02   0.71   0.51   0.95   0.96   0.14   0.89   0.99   0.95   0.13   0.98   0.99   0.98   0.51   0.98   0.50   0.82   0.36   0.05   0.13   0.80   0.99   0.98   0.02   0.80   0.98   0.89   

5.00   5.00   5.00   5.00   5.00   5.00   5.00   5.00   5.00   5.00   5.00   5.00   5.00   5.00   5.00   5.00   5.00   5.00   5.00   5.00   5.00   5.00   5.00   5.00   5.00   5.00   5.00   5.00   5.00   5.00   5.00   5.00   5.00   5.00   5.00   5.00   5.00   5.00   5.00   5.00   5.00   5.00   5.00   5.00   5.00   5.00   5.00   5.00   5.00   5.00   5.00   5.00   5.00   5.00   5.00   5.00   5.00   5.00   5.00   5.00   5.00   5.00   5.00   5.00   5.00   5.00   5.00   5.00   5.00   5.00   5.00   5.00   5.00   5.00   5.00   5.00   5.00   5.00   
0.01   0.05   0.78   0.24   0.01   0.05   0.24   0.09   0.24   0.77   0.95   0.09   0.95   0.09   0.42   0.09   0.20   0.05   0.24   0.42   0.24   0.53   0.38   0.01   0.01   0.01   0.01   0.01   0.49   0.01   0.01   0.93   0.91   0.89   0.01   0.09   0.89   0.75   0.93   0.01   0.05   0.09   0.25   0.01   0.09   0.01   0.92   0.93   0.28   0.24   0.84   0.16   0.73   0.09   0.74   0.57   0.28   0.92   0.99   0.58   0.38   0.62   0.69   0.69   0.09   0.96   0.83   0.05   0.68   0.12   0.16   0.28   0.57   0.94   0.04   0.93   0.83   0.68   
0.01   0.05   0.78   0.24   0.01   0.05   0.24   0.09   0.24   0.77   0.95   0.09   0.95   0.09   0.42   0.09   0.20   0.05   0.24   0.42   0.24   0.53   0.38   0.01   0.01   0.01   0.01   0.01   0.49   0.01   0.01   0.93   0.91   0.89   0.01   0.09   0.89   0.75   0.93   0.01   0.05   0.09   0.25   0.01   0.09   0.01   0.92   0.93   0.28   0.24   0.84   0.16   0.73   0.09   0.74   0.57   0.28   0.92   0.99   0.58   0.38   0.62   0.69   0.69   0.09   0.96   0.83   0.05   0.68   0.12   0.16   0.28   0.57   0.94   0.04   0.93   0.83   0.68   
0.50   0.50   0.09   0.29   0.50   0.91   0.19   0.51   0.31   0.26   0.82   0.50   0.50   0.28   0.74   0.23   0.23   0.50   0.20   0.38   0.65   0.07   0.21   0.50   0.50   0.50   0.50   0.50   0.10   0.50   0.68   0.28   0.50   0.50   0.70   0.50   0.50   0.50   0.50   0.50   0.50   0.40   0.15   0.50   0.50   0.50   0.50   0.51   0.15   0.38   0.50   0.17   0.50   0.50   0.90   0.90   0.40   0.42   0.50   0.87   0.37   0.50   0.50   0.50   0.50   0.50   0.50   0.94   0.27   0.51   0.50   0.79   0.95   0.50   0.37   0.50   0.50   0.50   
0.01   0.02   0.24   0.05   0.02   0.13   0.03   0.09   0.05   0.41   0.99   0.72   0.98   0.03   0.45   0.03   0.04   0.02   0.03   0.15   0.19   0.04   0.08   0.02   0.02   0.02   0.02   0.02   0.05   0.02   0.02   0.91   0.97   0.97   0.02   0.12   0.78   0.97   0.97   0.02   0.02   0.06   0.04   0.02   0.12   0.02   0.97   0.96   0.02   0.07   0.77   0.01   0.72   0.59   0.97   0.91   0.07   0.92   0.98   0.91   0.11   0.97   0.98   0.97   0.59   0.97   0.80   0.20   0.23   0.04   0.06   0.67   0.97   0.97   0.01   0.78   0.97   0.88   

5.00   5.00   5.00   5.00   5.00   5.00   5.00   5.00   5.00   5.00   5.00   5.00   5.00   5.00   5.00   5.00   5.00   5.00   5.00   5.00   5.00   5.00   5.00   5.00   5.00   5.00   5.00   5.00   5.00   5.00   5.00   5.00   5.00   5.00   5.00   5.00   5.00   5.00   5.00   5.00   5.00   5.00   5.00   5.00   5.00   5.00   5.00   5.00   5.00   5.00   5.00   5.00   5.00   5.00   5.00   5.00   5.00   5.00   5.00   5.00   5.00   5.00   5.00   5.00   5.00   5.00   5.00   5.00   5.00   5.00   5.00   5.00   5.00   5.00   5.00   5.00   5.00   5.00   
0.01   0.28   0.75   0.16   0.01   0.28   0.16   0.05   0.16   0.78   0.90   0.05   0.89   0.05   0.36   0.05   0.14   0.06   0.16   0.58   0.43   0.38   0.54   0.01   0.01   0.01   0.01   0.01   0.31   0.01   0.01   0.88   0.93   0.91   0.01   0.05   0.90   0.80   0.93   0.01   0.06   0.05   0.43   0.01   0.05   0.01   0.94   0.92   0.35   0.16   0.88   0.45   0.59   0.05   0.78   0.75   0.56   0.92   0.99   0.69   0.54   0.70   0.75   0.75   0.05   0.97   0.84   0.28   0.76   0.41   0.45   0.35   0.54   0.96   0.05   0.94   0.87   0.80   
0.01   0.28   0.75   0.16   0.01   0.28   0.16   0.05   0.16   0.78   0.90   0.05   0.89   0.05   0.36   0.05   0.14   0.06   0.16   0.58   0.43   0.38   0.54   0.01   0.01   0.01   0.01   0.01   0.31   0.01   0.01   0.88   0.93   0.91   0.01   0.05   0.90   0.80   0.93   0.01   0.06   0.05   0.43   0.01   0.05   0.01   0.94   0.92   0.35   0.16   0.88   0.45   0.59   0.05   0.78   0.75   0.56   0.92   0.99   0.69   0.54   0.70   0.75   0.75   0.05   0.97   0.84   0.28   0.76   0.41   0.45   0.35   0.54   0.96   0.05   0.94   0.87   0.80   
0.50   0.50   0.11   0.32   0.50   0.91   0.22   0.54   0.34   0.29   0.83   0.50   0.50   0.31   0.76   0.26   0.26   0.50   0.23   0.41   0.68   0.08   0.24   0.50   0.50   0.50   0.50   0.50   0.11   0.50   0.70   0.31   0.50   0.50   0.72   0.50   0.50   0.50   0.50   0.50   0.50   0.43   0.18   0.50   0.50   0.50   0.50   0.54   0.17   0.41   0.50   0.20   0.50   0.50   0.90   0.90   0.43   0.45   0.50   0.87   0.40   0.50   0.50   0.50   0.50   0.50   0.50   0.94   0.30   0.54   0.50   0.80   0.95   0.50   0.40   0.50   0.50   0.50   
0.01   0.02   0.26   0.04   0.02   0.84   0.03   0.04   0.05   0.47   0.98   0.71   0.97   0.01   0.47   0.01   0.02   0.02   0.03   0.28   0.36   0.04   0.12   0.02   0.02   0.02   0.02   0.02   0.03   0.02   0.02   0.82   0.98   0.96   0.02   0.09   0.80   0.98   0.98   0.02   0.02   0.02   0.06   0.02   0.09   0.02   0.98   0.95   0.04   0.06   0.77   0.07   0.71   0.05   0.97   0.95   0.25   0.93   0.99   0.92   0.22   0.98   0.99   0.98   0.05   0.98   0.75   0.89   0.34   0.19   0.12   0.74   0.96   0.98   0.01   0.80   0.98   0.93   

5.00   5.00   5.00   5.00   5.00   5.00   5.00   5.00   5.00   5.00   5.00   5.00   5.00   5.00   5.00   5.00   5.00   5.00   5.00   5.00   5.00   5.00   5.00   5.00   5.00   5.00   5.00   5.00   5.00   5.00   5.00   5.00   5.00   5.00   5.00   5.00   5.00   5.00   5.00   5.00   5.00   5.00   5.00   5.00   5.00   5.00   5.00   5.00   5.00   5.00   5.00   5.00   5.00   5.00   5.00   5.00   5.00   5.00   5.00   5.00   5.00   5.00   5.00   5.00   5.00   5.00   5.00   5.00   5.00   5.00   5.00   5.00   5.00   5.00   5.00   5.00   5.00   5.00   
0.01   0.25   0.63   0.14   0.01   0.25   0.14   0.04   0.14   0.67   0.91   0.04   0.90   0.04   0.33   0.04   0.13   0.05   0.14   0.74   0.66   0.28   0.50   0.01   0.01   0.01   0.01   0.01   0.22   0.01   0.01   0.90   0.95   0.94   0.01   0.04   0.93   0.87   0.95   0.01   0.05   0.04   0.41   0.01   0.04   0.01   0.96   0.82   0.32   0.14   0.92   0.42   0.45   0.04   0.83   0.85   0.51   0.93   0.99   0.81   0.48   0.60   0.81   0.66   0.04   0.97   0.76   0.25   0.86   0.37   0.68   0.32   0.73   0.98   0.05   0.96   0.92   0.87   
0.01   0.25   0.63   0.14   0.01   0.25   0.14   0.04   0.14   0.67   0.91   0.04   0.90   0.04   0.33   0.04   0.13   0.05   0.14   0.74   0.66   0.28   0.50   0.01   0.01   0.01   0.01   0.01   0.22   0.01   0.01   0.90   0.95   0.94   0.01   0.04   0.93   0.87   0.95   0.01   0.05   0.04   0.41   0.01   0.04   0.01   0.96   0.82   0.32   0.14   0.92   0.42   0.45   0.04   0.83   0.85   0.51   0.93   0.99   0.81   0.48   0.60   0.81   0.66   0.04   0.97   0.76   0.25   0.86   0.37   0.68   0.32   0.73   0.98   0.05   0.96   0.92   0.87   
0.50   0.50   0.09   0.30   0.50   0.91   0.19   0.52   0.31   0.26   0.83   0.50   0.50   0.28   0.75   0.23   0.23   0.50   0.20   0.38   0.66   0.07   0.21   0.50   0.50   0.50   0.50   0.50   0.10   0.50   0.68   0.28   0.50   0.50   0.70   0.50   0.50   0.50   0.50   0.50   0.50   0.41   0.15   0.50   0.50   0.50   0.50   0.52   0.15   0.38   0.50   0.17   0.50   0.50   0.90   0.90   0.41   0.43   0.50   0.87   0.37   0.50   0.50   0.50   0.50   0.50   0.50   0.94   0.27   0.52   0.50   0.80   0.96   0.50   0.37   0.50   0.50   0.50   
0.01   0.01   0.14   0.03   0.01   0.43   0.02   0.04   0.04   0.29   0.98   0.71   0.97   0.01   0.39   0.01   0.02   0.01   0.02   0.41   0.75   0.02   0.08   0.01   0.01   0.01   0.01   0.01   0.02   0.01   0.01   0.84   0.98   0.97   0.01   0.09   0.79   0.98   0.98   0.02   0.01   0.02   0.04   0.01   0.09   0.01   0.98   0.87   0.02   0.05   0.77   0.04   0.71   0.05   0.98   0.96   0.16   0.93   0.98   0.95   0.14   0.98   0.98   0.98   0.05   0.98   0.44   0.84   0.43   0.11   0.10   0.35   0.98   0.98   0.01   0.79   0.98   0.91   

5.00   5.00   5.00   5.00   5.00   5.00   5.00   5.00   5.00   5.00   5.00   5.00   5.00   5.00   5.00   5.00   5.00   5.00   5.00   5.00   5.00   5.00   5.00   5.00   5.00   5.00   5.00   5.00   5.00   5.00   5.00   5.00   5.00   5.00   5.00   5.00   5.00   5.00   5.00   5.00   5.00   5.00   5.00   5.00   5.00   5.00   5.00   5.00   5.00   5.00   5.00   5.00   5.00   5.00   5.00   5.00   5.00   5.00   5.00   5.00   5.00   5.00   5.00   5.00   5.00   5.00   5.00   5.00   5.00   5.00   5.00   5.00   5.00   5.00   5.00   5.00   5.00   5.00   
0.01   0.25   0.63   0.14   0.01   0.25   0.14   0.04   0.14   0.67   0.91   0.04   0.89   0.04   0.33   0.04   0.13   0.05   0.14   0.74   0.66   0.27   0.49   0.01   0.01   0.01   0.01   0.01   0.22   0.01   0.01   0.90   0.95   0.94   0.01   0.04   0.93   0.87   0.95   0.01   0.05   0.04   0.40   0.01   0.04   0.01   0.96   0.82   0.32   0.14   0.92   0.41   0.45   0.04   0.83   0.84   0.50   0.92   0.99   0.81   0.47   0.60   0.81   0.65   0.04   0.97   0.76   0.25   0.85   0.36   0.68   0.32   0.73   0.98   0.05   0.96   0.92   0.87   
0.01   0.25   0.63   0.14   0.01   0.25   0.14   0.04   0.14   0.67   0.91   0.04   0.89   0.04   0.33   0.04   0.13   0.05   0.14   0.74   0.66   0.27   0.49   0.01   0.01   0.01   0.01   0.01   0.22   0.01   0.01   0.90   0.95   0.94   0.01   0.04   0.93   0.87   0.95   0.01   0.05   0.04   0.40   0.01   0.04   0.01   0.96   0.82   0.32   0.14   0.92   0.41   0.45   0.04   0.83   0.84   0.50   0.92   0.99   0.81   0.47   0.60   0.81   0.65   0.04   0.97   0.76   0.25   0.85   0.36   0.68   0.32   0.73   0.98   0.05   0.96   0.92   0.87   
0.50   0.50   0.06   0.25   0.50   0.92   0.15   0.49   0.27   0.22   0.83   0.50   0.50   0.23   0.74   0.19   0.19   0.50   0.16   0.34   0.65   0.05   0.17   0.50   0.50   0.50   0.50   0.50   0.07   0.50   0.67   0.24   0.50   0.50   0.70   0.50   0.50   0.50   0.50   0.50   0.50   0.36   0.11   0.50   0.50   0.50   0.50   0.49   0.11   0.34   0.50   0.13   0.50   0.50   0.92   0.91   0.37   0.39   0.50   0.88   0.32   0.50   0.50   0.50   0.50   0.50   0.50   0.95   0.22   0.48   0.50   0.80   0.96   0.50   0.33   0.50   0.50   0.50   
0.01   0.01   0.12   0.02   0.01   0.46   0.01   0.02   0.03   0.28   0.99   0.73   0.97   0.01   0.38   0.01   0.02   0.01   0.02   0.37   0.74   0.01   0.06   0.01   0.01   0.01   0.01   0.01   0.01   0.01   0.02   0.83   0.98   0.97   0.02   0.08   0.80   0.98   0.98   0.02   0.01   0.01   0.03   0.01   0.08   0.01   0.98   0.88   0.02   0.04   0.79   0.04   0.73   0.04   0.98   0.97   0.15   0.92   0.99   0.95   0.11   0.98   0.99   0.98   0.04   0.98   0.42   0.88   0.38   0.10   0.11   0.71   0.98   0.98   0.01   0.80   0.98   0.94   

5.00   5.00   5.00   5.00   5.00   5.00   5.00   5.00   5.00   5.00   5.00   5.00   5.00   5.00   5.00   5.00   5.00   5.00   5.00   5.00   5.00   5.00   5.00   5.00   5.00   5.00   5.00   5.00   5.00   5.00   5.00   5.00   5.00   5.00   5.00   5.00   5.00   5.00   5.00   5.00   5.00   5.00   5.00   5.00   5.00   5.00   5.00   5.00   5.00   5.00   5.00   5.00   5.00   5.00   5.00   5.00   5.00   5.00   5.00   5.00   5.00   5.00   5.00   5.00   5.00   5.00   5.00   5.00   5.00   5.00   5.00   5.00   5.00   5.00   5.00   5.00   5.00   5.00   
0.01   0.23   0.55   0.12   0.01   0.41   0.12   0.04   0.12   0.60   0.87   0.04   0.85   0.04   0.28   0.04   0.11   0.05   0.12   0.69   0.60   0.22   0.45   0.01   0.01   0.01   0.01   0.01   0.17   0.01   0.01   0.90   0.96   0.90   0.01   0.04   0.94   0.87   0.92   0.01   0.05   0.04   0.36   0.01   0.04   0.01   0.97   0.82   0.45   0.32   0.88   0.53   0.37   0.04   0.79   0.87   0.59   0.92   0.99   0.82   0.42   0.53   0.76   0.69   0.04   0.97   0.78   0.23   0.87   0.33   0.72   0.29   0.68   0.98   0.05   0.96   0.88   0.83   
0.01   0.23   0.55   0.12   0.01   0.41   0.12   0.04   0.12   0.60   0.87   0.04   0.85   0.04   0.28   0.04   0.11   0.05   0.12   0.69   0.60   0.22   0.45   0.01   0.01   0.01   0.01   0.01   0.17   0.01   0.01   0.90   0.96   0.90   0.01   0.04   0.94   0.87   0.92   0.01   0.05   0.04   0.36   0.01   0.04   0.01   0.97   0.82   0.45   0.32   0.88   0.53   0.37   0.04   0.79   0.87   0.59   0.92   0.99   0.82   0.42   0.53   0.76   0.69   0.04   0.97   0.78   0.23   0.87   0.33   0.72   0.29   0.68   0.98   0.05   0.96   0.88   0.83   
0.50   0.50   0.07   0.17   0.50   0.93   0.21   0.54   0.31   0.22   0.84   0.50   0.50   0.32   0.72   0.50   0.27   0.50   0.22   0.40   0.66   0.08   0.23   0.50   0.50   0.50   0.50   0.50   0.09   0.50   0.54   0.29   0.50   0.50   0.74   0.50   0.50   0.50   0.50   0.50   0.50   0.43   0.15   0.50   0.50   0.50   0.50   0.58   0.16   0.36   0.50   0.15   0.50   0.50   0.91   0.90   0.38   0.44   0.50   0.89   0.40   0.50   0.50   0.50   0.50   0.50   0.50   0.96   0.18   0.59   0.50   0.79   0.97   0.50   0.47   0.50   0.50   0.50   
0.01   0.01   0.11   0.01   0.01   0.91   0.02   0.03   0.03   0.24   0.98   0.72   0.97   0.01   0.35   0.02   0.02   0.01   0.03   0.42   0.72   0.02   0.08   0.01   0.01   0.01   0.01   0.01   0.01   0.01   0.01   0.86   0.98   0.97   0.03   0.07   0.81   0.98   0.98   0.02   0.01   0.02   0.04   0.01   0.07   0.01   0.98   0.92   0.08   0.12   0.79   0.10   0.72   0.04   0.97   0.98   0.30   0.94   0.99   0.97   0.15   0.98   0.99   0.98   0.04   0.98   0.39   0.90   0.40   0.18   0.15   0.69   0.98   0.98   0.01   0.81   0.98   0.95   

5.00   5.00   5.00   5.00   5.00   5.00   5.00   5.00   5.00   5.00   5.00   5.00   5.00   5.00   5.00   5.00   5.00   5.00   5.00   5.00   5.00   5.00   5.00   5.00   5.00   5.00   5.00   5.00   5.00   5.00   5.00   5.00   5.00   5.00   5.00   5.00   5.00   5.00   5.00   5.00   5.00   5.00   5.00   5.00   5.00   5.00   5.00   5.00   5.00   5.00   5.00   5.00   5.00   5.00   5.00   5.00   5.00   5.00   5.00   5.00   5.00   5.00   5.00   5.00   5.00   5.00   5.00   5.00   5.00   5.00   5.00   5.00   5.00   5.00   5.00   5.00   5.00   5.00   
0.01   0.18   0.53   0.09   0.01   0.34   0.19   0.03   0.09   0.56   0.88   0.03   0.86   0.03   0.23   0.03   0.09   0.04   0.10   0.63   0.55   0.29   0.47   0.04   0.01   0.01   0.01   0.01   0.25   0.01   0.01   0.91   0.94   0.88   0.01   0.03   0.94   0.88   0.90   0.01   0.04   0.09   0.30   0.04   0.03   0.01   0.97   0.83   0.39   0.27   0.88   0.46   0.43   0.03   0.75   0.83   0.53   0.91   0.99   0.79   0.45   0.56   0.77   0.70   0.03   0.98   0.75   0.18   0.84   0.27   0.66   0.24   0.63   0.98   0.04   0.96   0.88   0.83   
0.01   0.18   0.53   0.09   0.01   0.34   0.19   0.03   0.09   0.56   0.88   0.03   0.86   0.03   0.23   0.03   0.09   0.04   0.10   0.63   0.55   0.29   0.47   0.04   0.01   0.01   0.01   0.01   0.25   0.01   0.01   0.91   0.94   0.88   0.01   0.03   0.94   0.88   0.90   0.01   0.04   0.09   0.30   0.04   0.03   0.01   0.97   0.83   0.39   0.27   0.88   0.46   0.43   0.03   0.75   0.83   0.53   0.91   0.99   0.79   0.45   0.56   0.77   0.70   0.03   0.98   0.75   0.18   0.84   0.27   0.66   0.24   0.63   0.98   0.04   0.96   0.88   0.83   
0.50   0.50   0.07   0.17   0.50   0.93   0.21   0.54   0.31   0.22   0.84   0.50   0.50   0.32   0.72   0.50   0.27   0.50   0.23   0.40   0.66   0.08   0.23   0.50   0.50   0.50   0.50   0.50   0.09   0.50   0.54   0.29   0.50   0.50   0.74   0.50   0.50   0.50   0.50   0.50   0.50   0.43   0.16   0.50   0.50   0.50   0.50   0.58   0.16   0.36   0.50   0.15   0.50   0.50   0.91   0.90   0.39   0.45   0.50   0.89   0.40   0.50   0.50   0.50   0.50   0.50   0.50   0.96   0.18   0.59   0.50   0.80   0.97   0.50   0.47   0.50   0.50   0.50   
0.01   0.01   0.09   0.01   0.01   0.88   0.03   0.03   0.03   0.22   0.98   0.70   0.97   0.01   0.29   0.03   0.02   0.01   0.02   0.35   0.50   0.02   0.09   0.01   0.01   0.01   0.01   0.01   0.02   0.01   0.01   0.85   0.98   0.97   0.02   0.08   0.79   0.98   0.98   0.02   0.01   0.03   0.03   0.01   0.08   0.01   0.98   0.92   0.06   0.10   0.77   0.07   0.70   0.04   0.97   0.97   0.23   0.92   0.98   0.96   0.16   0.98   0.98   0.98   0.04   0.98   0.44   0.87   0.33   0.14   0.11   0.35   0.98   0.98   0.01   0.79   0.98   0.93   

5.00   5.00   5.00   5.00   5.00   5.00   5.00   5.00   5.00   5.00   5.00   5.00   5.00   5.00   5.00   5.00   5.00   5.00   5.00   5.00   5.00   5.00   5.00   5.00   5.00   5.00   5.00   5.00   5.00   5.00   5.00   5.00   5.00   5.00   5.00   5.00   5.00   5.00   5.00   5.00   5.00   5.00   5.00   5.00   5.00   5.00   5.00   5.00   5.00   5.00   5.00   5.00   5.00   5.00   5.00   5.00   5.00   5.00   5.00   5.00   5.00   5.00   5.00   5.00   5.00   5.00   5.00   5.00   5.00   5.00   5.00   5.00   5.00   5.00   5.00   5.00   5.00   5.00   
0.01   0.20   0.48   0.12   0.01   0.36   0.23   0.05   0.12   0.59   0.89   0.05   0.87   0.05   0.26   0.05   0.11   0.05   0.06   0.67   0.59   0.33   0.51   0.06   0.00   0.00   0.01   0.00   0.30   0.01   0.01   0.92   0.94   0.89   0.01   0.05   0.95   0.89   0.91   0.00   0.05   0.12   0.34   0.06   0.05   0.01   0.97   0.84   0.31   0.29   0.90   0.39   0.48   0.05   0.77   0.84   0.46   0.92   0.99   0.81   0.49   0.59   0.79   0.72   0.05   0.98   0.77   0.20   0.85   0.29   0.68   0.25   0.66   0.98   0.02   0.97   0.90   0.85   
0.01   0.20   0.48   0.12   0.01   0.36   0.23   0.05   0.12   0.59   0.89   0.05   0.87   0.05   0.26   0.05   0.11   0.05   0.06   0.67   0.59   0.33   0.51   0.06   0.00   0.00   0.01   0.00   0.30   0.01   0.01   0.92   0.94   0.89   0.01   0.05   0.95   0.89   0.91   0.00   0.05   0.12   0.34   0.06   0.05   0.01   0.97   0.84   0.31   0.29   0.90   0.39   0.48   0.05   0.77   0.84   0.46   0.92   0.99   0.81   0.49   0.59   0.79   0.72   0.05   0.98   0.77   0.20   0.85   0.29   0.68   0.25   0.66   0.98   0.02   0.97   0.90   0.85   
0.50   0.50   0.06   0.16   0.50   0.94   0.19   0.53   0.29   0.20   0.84   0.50   0.50   0.30   0.72   0.50   0.25   0.50   0.21   0.38   0.65   0.06   0.21   0.50   0.50   0.50   0.50   0.50   0.08   0.50   0.52   0.27   0.50   0.50   0.74   0.50   0.50   0.50   0.50   0.50   0.50   0.41   0.14   0.50   0.50   0.50   0.50   0.57   0.15   0.34   0.50   0.13   0.50   0.50   0.91   0.90   0.37   0.43   0.50   0.89   0.38   0.50   0.50   0.50   0.50   0.50   0.50   0.97   0.16   0.58   0.50   0.80   0.97   0.50   0.45   0.50   0.50   0.50   
0.01   0.01   0.08   0.01   0.01   0.90   0.03   0.04   0.03   0.23   0.98   0.73   0.98   0.01   0.34   0.03   0.02   0.01   0.01   0.39   0.72   0.02   0.10   0.01   0.01   0.01   0.01   0.01   0.02   0.01   0.01   0.87   0.98   0.97   0.03   0.09   0.80   0.98   0.98   0.02   0.01   0.04   0.03   0.01   0.09   0.01   0.98   0.92   0.04   0.10   0.79   0.05   0.73   0.05   0.97   0.97   0.18   0.93   0.99   0.96   0.19   0.98   0.99   0.98   0.05   0.98   0.48   0.90   0.35   0.15   0.11   0.65   0.98   0.98   0.01   0.80   0.98   0.93   

5.00   5.00   5.00   5.00   5.00   5.00   5.00   5.00   5.00   5.00   5.00   5.00   5.00   5.00   5.00   5.00   5.00   5.00   5.00   5.00   5.00   5.00   5.00   5.00   5.00   5.00   5.00   5.00   5.00   5.00   5.00   5.00   5.00   5.00   5.00   5.00   5.00   5.00   5.00   5.00   5.00   5.00   5.00   5.00   5.00   5.00   5.00   5.00   5.00   5.00   5.00   5.00   5.00   5.00   5.00   5.00   5.00   5.00   5.00   5.00   5.00   5.00   5.00   5.00   5.00   5.00   5.00   5.00   5.00   5.00   5.00   5.00   5.00   5.00   5.00   5.00   5.00   5.00   
0.01   0.18   0.46   0.11   0.01   0.33   0.20   0.04   0.30   0.56   0.91   0.04   0.90   0.04   0.26   0.04   0.10   0.05   0.05   0.73   0.67   0.31   0.60   0.05   0.00   0.00   0.01   0.00   0.27   0.01   0.01   0.93   0.95   0.91   0.01   0.04   0.96   0.87   0.93   0.00   0.05   0.11   0.32   0.05   0.04   0.01   0.98   0.86   0.30   0.26   0.88   0.37   0.57   0.04   0.81   0.82   0.57   0.89   0.99   0.84   0.45   0.56   0.76   0.68   0.04   0.96   0.75   0.18   0.88   0.26   0.75   0.41   0.74   0.98   0.02   0.95   0.92   0.88   
0.01   0.18   0.46   0.11   0.01   0.33   0.20   0.04   0.30   0.56   0.91   0.04   0.90   0.04   0.26   0.04   0.10   0.05   0.05   0.73   0.67   0.31   0.60   0.05   0.00   0.00   0.01   0.00   0.27   0.01   0.01   0.93   0.95   0.91   0.01   0.04   0.96   0.87   0.93   0.00   0.05   0.11   0.32   0.05   0.04   0.01   0.98   0.86   0.30   0.26   0.88   0.37   0.57   0.04   0.81   0.82   0.57   0.89   0.99   0.84   0.45   0.56   0.76   0.68   0.04   0.96   0.75   0.18   0.88   0.26   0.75   0.41   0.74   0.98   0.02   0.95   0.92   0.88   
0.50   0.50   0.07   0.21   0.50   0.94   0.21   0.54   0.25   0.23   0.82   0.50   0.50   0.25   0.74   0.50   0.30   0.50   0.18   0.46   0.65   0.08   0.23   0.50   0.50   0.50   0.50   0.50   0.10   0.50   0.60   0.18   0.50   0.50   0.73   0.50   0.50   0.50   0.50   0.50   0.50   0.46   0.16   0.50   0.50   0.50   0.50   0.66   0.18   0.39   0.50   0.10   0.50   0.50   0.92   0.91   0.36   0.42   0.50   0.88   0.43   0.50   0.50   0.50   0.50   0.50   0.50   0.97   0.20   0.46   0.50   0.80   0.97   0.50   0.50   0.50   0.50   0.50   
0.01   0.01   0.07   0.02   0.01   0.88   0.03   0.04   0.09   0.20   0.98   0.74   0.98   0.01   0.34   0.03   0.03   0.01   0.01   0.71   0.79   0.02   0.19   0.01   0.01   0.01   0.01   0.01   0.02   0.01   0.02   0.83   0.98   0.97   0.03   0.09   0.81   0.98   0.98   0.02   0.01   0.05   0.04   0.01   0.09   0.01   0.98   0.95   0.04   0.10   0.80   0.03   0.74   0.05   0.98   0.97   0.28   0.88   0.99   0.97   0.19   0.98   0.99   0.98   0.05   0.98   0.43   0.90   0.49   0.09   0.12   0.78   0.99   0.98   0.01   0.81   0.98   0.93   

5.00   5.00   5.00   5.00   5.00   5.00   5.00   5.00   5.00   5.00   5.00   5.00   5.00   5.00   5.00   5.00   5.00   5.00   5.00   5.00   5.00   5.00   5.00   5.00   5.00   5.00   5.00   5.00   5.00   5.00   5.00   5.00   5.00   5.00   5.00   5.00   5.00   5.00   5.00   5.00   5.00   5.00   5.00   5.00   5.00   5.00   5.00   5.00   5.00   5.00   5.00   5.00   5.00   5.00   5.00   5.00   5.00   5.00   5.00   5.00   5.00   5.00   5.00   5.00   5.00   5.00   5.00   5.00   5.00   5.00   5.00   5.00   5.00   5.00   5.00   5.00   5.00   5.00   
0.01   0.20   0.49   0.12   0.01   0.34   0.22   0.04   0.29   0.56   0.91   0.04   0.89   0.04   0.28   0.05   0.09   0.06   0.07   0.75   0.68   0.30   0.60   0.06   0.00   0.00   0.01   0.00   0.26   0.01   0.01   0.94   0.96   0.91   0.01   0.05   0.95   0.87   0.92   0.00   0.06   0.12   0.32   0.04   0.04   0.01   0.98   0.86   0.34   0.29   0.87   0.41   0.57   0.04   0.82   0.83   0.60   0.90   0.99   0.85   0.47   0.58   0.76   0.69   0.04   0.96   0.76   0.21   0.89   0.29   0.76   0.44   0.74   0.98   0.02   0.94   0.92   0.89   
0.01   0.20   0.49   0.12   0.01   0.34   0.22   0.04   0.29   0.56   0.91   0.04   0.89   0.04   0.28   0.05   0.09   0.06   0.07   0.75   0.68   0.30   0.60   0.06   0.00   0.00   0.01   0.00   0.26   0.01   0.01   0.94   0.96   0.91   0.01   0.05   0.95   0.87   0.92   0.00   0.06   0.12   0.32   0.04   0.04   0.01   0.98   0.86   0.34   0.29   0.87   0.41   0.57   0.04   0.82   0.83   0.60   0.90   0.99   0.85   0.47   0.58   0.76   0.69   0.04   0.96   0.76   0.21   0.89   0.29   0.76   0.44   0.74   0.98   0.02   0.94   0.92   0.89   
0.50   0.50   0.05   0.16   0.50   0.93   0.16   0.48   0.19   0.17   0.79   0.50   0.50   0.19   0.70   0.50   0.23   0.50   0.13   0.39   0.59   0.06   0.18   0.50   0.50   0.50   0.50   0.50   0.07   0.50   0.55   0.13   0.50   0.50   0.70   0.50   0.50   0.50   0.50   0.50   0.50   0.40   0.12   0.50   0.50   0.50   0.50   0.61   0.13   0.32   0.50   0.07   0.50   0.50   0.91   0.90   0.29   0.35   0.50   0.86   0.36   0.50   0.50   0.50   0.50   0.50   0.50   0.97   0.15   0.39   0.50   0.78   0.97   0.50   0.50   0.50   0.50   0.50   
0.01   0.01   0.05   0.02   0.01   0.86   0.02   0.02   0.05   0.12   0.98   0.74   0.98   0.00   0.34   0.03   0.01   0.01   0.01   0.66   0.76   0.01   0.12   0.01   0.01   0.01   0.01   0.01   0.01   0.01   0.01   0.76   0.98   0.97   0.02   0.08   0.82   0.98   0.98   0.02   0.01   0.04   0.02   0.01   0.08   0.01   0.98   0.93   0.04   0.10   0.80   0.03   0.74   0.04   0.98   0.97   0.26   0.86   0.99   0.97   0.16   0.98   0.99   0.98   0.04   0.98   0.40   0.92   0.42   0.09   0.13   0.77   0.99   0.98   0.01   0.82   0.98   0.94   

5.00   5.00   5.00   5.00   5.00   5.00   5.00   5.00   5.00   5.00   5.00   5.00   5.00   5.00   5.00   5.00   5.00   5.00   5.00   5.00   5.00   5.00   5.00   5.00   5.00   5.00   5.00   5.00   5.00   5.00   5.00   5.00   5.00   5.00   5.00   5.00   5.00   5.00   5.00   5.00   5.00   5.00   5.00   5.00   5.00   5.00   5.00   5.00   5.00   5.00   5.00   5.00   5.00   5.00   5.00   5.00   5.00   5.00   5.00   5.00   5.00   5.00   5.00   5.00   5.00   5.00   5.00   5.00   5.00   5.00   5.00   5.00   5.00   5.00   5.00   5.00   5.00   5.00   
0.01   0.21   0.49   0.13   0.01   0.32   0.22   0.03   0.27   0.54   0.90   0.04   0.89   0.03   0.28   0.05   0.10   0.06   0.06   0.74   0.67   0.30   0.58   0.05   0.00   0.00   0.01   0.00   0.25   0.01   0.01   0.93   0.96   0.90   0.01   0.05   0.95   0.87   0.92   0.00   0.06   0.11   0.30   0.04   0.04   0.01   0.98   0.86   0.35   0.28   0.87   0.41   0.55   0.03   0.82   0.83   0.60   0.89   0.99   0.85   0.47   0.57   0.76   0.68   0.04   0.96   0.76   0.21   0.89   0.30   0.76   0.42   0.72   0.98   0.03   0.94   0.91   0.88   
0.01   0.21   0.49   0.13   0.01   0.32   0.22   0.03   0.27   0.54   0.90   0.04   0.89   0.03   0.28   0.05   0.10   0.06   0.06   0.74   0.67   0.30   0.58   0.05   0.00   0.00   0.01   0.00   0.25   0.01   0.01   0.93   0.96   0.90   0.01   0.05   0.95   0.87   0.92   0.00   0.06   0.11   0.30   0.04   0.04   0.01   0.98   0.86   0.35   0.28   0.87   0.41   0.55   0.03   0.82   0.83   0.60   0.89   0.99   0.85   0.47   0.57   0.76   0.68   0.04   0.96   0.76   0.21   0.89   0.30   0.76   0.42   0.72   0.98   0.03   0.94   0.91   0.88   
0.50   0.50   0.06   0.15   0.50   0.94   0.16   0.48   0.19   0.16   0.78   0.50   0.50   0.50   0.67   0.50   0.23   0.50   0.12   0.41   0.55   0.08   0.20   0.50   0.50   0.50   0.50   0.50   0.07   0.50   0.54   0.10   0.50   0.50   0.69   0.50   0.50   0.50   0.50   0.50   0.50   0.43   0.13   0.50   0.50   0.50   0.50   0.57   0.15   0.28   0.50   0.07   0.50   0.50   0.93   0.88   0.27   0.41   0.50   0.87   0.33   0.50   0.50   0.50   0.50   0.50   0.50   0.96   0.20   0.40   0.50   0.74   0.96   0.50   0.50   0.50   0.50   0.50   
0.01   0.02   0.07   0.02   0.02   0.89   0.02   0.02   0.06   0.12   0.98   0.76   0.98   0.02   0.32   0.03   0.01   0.02   0.01   0.71   0.77   0.01   0.16   0.02   0.02   0.02   0.02   0.02   0.01   0.02   0.01   0.76   0.98   0.97   0.02   0.09   0.84   0.98   0.98   0.02   0.02   0.05   0.03   0.02   0.09   0.02   0.98   0.93   0.05   0.09   0.82   0.03   0.76   0.05   0.99   0.97   0.26   0.90   0.99   0.98   0.15   0.98   0.99   0.98   0.05   0.98   0.40   0.90   0.69   0.09   0.14   0.77   0.99   0.98   0.01   0.84   0.98   0.95   

5.00   5.00   5.00   5.00   5.00   5.00   5.00   5.00   5.00   5.00   5.00   5.00   5.00   5.00   5.00   5.00   5.00   5.00   5.00   5.00   5.00   5.00   5.00   5.00   5.00   5.00   5.00   5.00   5.00   5.00   5.00   5.00   5.00   5.00   5.00   5.00   5.00   5.00   5.00   5.00   5.00   5.00   5.00   5.00   5.00   5.00   5.00   5.00   5.00   5.00   5.00   5.00   5.00   5.00   5.00   5.00   5.00   5.00   5.00   5.00   5.00   5.00   5.00   5.00   5.00   5.00   5.00   5.00   5.00   5.00   5.00   5.00   5.00   5.00   5.00   5.00   5.00   5.00   
0.01   0.23   0.45   0.11   0.02   0.34   0.20   0.03   0.24   0.52   0.90   0.06   0.89   0.03   0.25   0.05   0.09   0.05   0.05   0.74   0.64   0.33   0.59   0.04   0.00   0.00   0.01   0.00   0.29   0.01   0.01   0.92   0.95   0.89   0.02   0.07   0.96   0.87   0.93   0.00   0.05   0.14   0.27   0.03   0.04   0.01   0.98   0.85   0.35   0.25   0.85   0.37   0.57   0.05   0.80   0.81   0.56   0.89   0.99   0.85   0.49   0.58   0.77   0.69   0.06   0.96   0.76   0.18   0.89   0.26   0.73   0.38   0.70   0.98   0.02   0.94   0.90   0.87   
0.01   0.23   0.45   0.11   0.02   0.34   0.20   0.03   0.24   0.52   0.90   0.06   0.89   0.03   0.25   0.05   0.09   0.05   0.05   0.74   0.64   0.33   0.59   0.04   0.00   0.00   0.01   0.00   0.29   0.01   0.01   0.92   0.95   0.89   0.02   0.07   0.96   0.87   0.93   0.00   0.05   0.14   0.27   0.03   0.04   0.01   0.98   0.85   0.35   0.25   0.85   0.37   0.57   0.05   0.80   0.81   0.56   0.89   0.99   0.85   0.49   0.58   0.77   0.69   0.06   0.96   0.76   0.18   0.89   0.26   0.73   0.38   0.70   0.98   0.02   0.94   0.90   0.87   
0.50   0.50   0.06   0.16   0.50   0.94   0.16   0.49   0.20   0.16   0.78   0.50   0.50   0.50   0.67   0.50   0.23   0.50   0.13   0.42   0.56   0.08   0.21   0.50   0.50   0.50   0.50   0.50   0.07   0.50   0.55   0.11   0.50   0.50   0.69   0.50   0.50   0.50   0.50   0.50   0.50   0.44   0.14   0.50   0.50   0.50   0.50   0.57   0.16   0.28   0.50   0.07   0.50   0.50   0.93   0.88   0.28   0.42   0.50   0.87   0.34   0.50   0.50   0.50   0.50   0.50   0.50   0.96   0.21   0.41   0.50   0.75   0.96   0.50   0.50   0.50   0.50   0.50   
0.01   0.02   0.07   0.02   0.02   0.90   0.03   0.04   0.07   0.14   0.99   0.78   0.98   0.03   0.28   0.04   0.02   0.02   0.01   0.74   0.79   0.02   0.21   0.02   0.02   0.02   0.02   0.02   0.02   0.02   0.01   0.80   0.98   0.98   0.04   0.12   0.84   0.98   0.98   0.02   0.02   0.11   0.03   0.02   0.12   0.02   0.98   0.94   0.04   0.09   0.84   0.02   0.78   0.55   0.99   0.97   0.21   0.92   0.99   0.98   0.19   0.98   0.99   0.98   0.55   0.98   0.85   0.89   0.71   0.07   0.09   0.75   0.99   0.98   0.01   0.84   0.98   0.94   

5.00   5.00   5.00   5.00   5.00   5.00   5.00   5.00   5.00   5.00   5.00   5.00   5.00   5.00   5.00   5.00   5.00   5.00   5.00   5.00   5.00   5.00   5.00   5.00   5.00   5.00   5.00   5.00   5.00   5.00   5.00   5.00   5.00   5.00   5.00   5.00   5.00   5.00   5.00   5.00   5.00   5.00   5.00   5.00   5.00   5.00   5.00   5.00   5.00   5.00   5.00   5.00   5.00   5.00   5.00   5.00   5.00   5.00   5.00   5.00   5.00   5.00   5.00   5.00   5.00   5.00   5.00   5.00   5.00   5.00   5.00   5.00   5.00   5.00   5.00   5.00   5.00   5.00   
0.01   0.21   0.41   0.10   0.02   0.31   0.18   0.03   0.23   0.48   0.88   0.06   0.87   0.03   0.23   0.04   0.08   0.05   0.05   0.71   0.61   0.30   0.66   0.04   0.00   0.00   0.01   0.00   0.27   0.01   0.01   0.90   0.95   0.87   0.02   0.07   0.96   0.89   0.94   0.00   0.05   0.13   0.26   0.03   0.03   0.01   0.96   0.87   0.32   0.22   0.87   0.34   0.54   0.05   0.82   0.78   0.53   0.91   0.99   0.82   0.45   0.55   0.74   0.66   0.06   0.94   0.73   0.17   0.86   0.24   0.70   0.49   0.67   0.97   0.02   0.92   0.88   0.85   
0.01   0.21   0.41   0.10   0.02   0.31   0.18   0.03   0.23   0.48   0.88   0.06   0.87   0.03   0.23   0.04   0.08   0.05   0.05   0.71   0.61   0.30   0.66   0.04   0.00   0.00   0.01   0.00   0.27   0.01   0.01   0.90   0.95   0.87   0.02   0.07   0.96   0.89   0.94   0.00   0.05   0.13   0.26   0.03   0.03   0.01   0.96   0.87   0.32   0.22   0.87   0.34   0.54   0.05   0.82   0.78   0.53   0.91   0.99   0.82   0.45   0.55   0.74   0.66   0.06   0.94   0.73   0.17   0.86   0.24   0.70   0.49   0.67   0.97   0.02   0.92   0.88   0.85   
0.50   0.50   0.06   0.15   0.50   0.92   0.16   0.46   0.19   0.16   0.74   0.50   0.50   0.50   0.64   0.50   0.22   0.50   0.12   0.39   0.53   0.08   0.20   0.50   0.50   0.50   0.50   0.50   0.07   0.50   0.51   0.11   0.50   0.50   0.66   0.50   0.50   0.50   0.50   0.50   0.50   0.41   0.13   0.50   0.50   0.50   0.50   0.54   0.15   0.27   0.50   0.07   0.50   0.50   0.91   0.86   0.27   0.39   0.50   0.84   0.31   0.50   0.50   0.50   0.50   0.50   0.50   0.95   0.20   0.38   0.50   0.71   0.95   0.50   0.50   0.50   0.50   0.50   
0.01   0.01   0.05   0.01   0.01   0.83   0.02   0.02   0.04   0.10   0.96   0.72   0.97   0.02   0.21   0.03   0.01   0.01   0.01   0.45   0.48   0.02   0.20   0.01   0.01   0.01   0.01   0.01   0.01   0.01   0.01   0.42   0.98   0.97   0.03   0.08   0.81   0.98   0.98   0.02   0.01   0.06   0.02   0.01   0.08   0.01   0.98   0.92   0.04   0.06   0.79   0.02   0.72   0.04   0.98   0.93   0.18   0.89   0.99   0.94   0.13   0.98   0.99   0.98   0.04   0.98   0.77   0.82   0.40   0.07   0.12   0.74   0.96   0.98   0.01   0.81   0.98   0.93   

5.00   5.00   5.00   5.00   5.00   5.00   5.00   5.00   5.00   5.00   5.00   5.00   5.00   5.00   5.00   5.00   5.00   5.00   5.00   5.00   5.00   5.00   5.00   5.00   5.00   5.00   5.00   5.00   5.00   5.00   5.00   5.00   5.00   5.00   5.00   5.00   5.00   5.00   5.00   5.00   5.00   5.00   5.00   5.00   5.00   5.00   5.00   5.00   5.00   5.00   5.00   5.00   5.00   5.00   5.00   5.00   5.00   5.00   5.00   5.00   5.00   5.00   5.00   5.00   5.00   5.00   5.00   5.00   5.00   5.00   5.00   5.00   5.00   5.00   5.00   5.00   5.00   5.00   
0.01   0.21   0.41   0.10   0.02   0.31   0.18   0.03   0.23   0.48   0.88   0.06   0.87   0.03   0.23   0.04   0.08   0.05   0.05   0.71   0.61   0.30   0.66   0.04   0.00   0.00   0.01   0.00   0.27   0.01   0.01   0.90   0.95   0.87   0.02   0.07   0.96   0.89   0.94   0.00   0.05   0.13   0.26   0.03   0.03   0.01   0.96   0.87   0.32   0.22   0.87   0.34   0.54   0.05   0.82   0.78   0.53   0.91   0.99   0.82   0.45   0.55   0.74   0.66   0.06   0.94   0.73   0.17   0.86   0.24   0.70   0.49   0.67   0.97   0.02   0.92   0.88   0.85   
0.01   0.21   0.41   0.10   0.02   0.31   0.18   0.03   0.23   0.48   0.88   0.06   0.87   0.03   0.23   0.04   0.08   0.05   0.05   0.71   0.61   0.30   0.66   0.04   0.00   0.00   0.01   0.00   0.27   0.01   0.01   0.90   0.95   0.87   0.02   0.07   0.96   0.89   0.94   0.00   0.05   0.13   0.26   0.03   0.03   0.01   0.96   0.87   0.32   0.22   0.87   0.34   0.54   0.05   0.82   0.78   0.53   0.91   0.99   0.82   0.45   0.55   0.74   0.66   0.06   0.94   0.73   0.17   0.86   0.24   0.70   0.49   0.67   0.97   0.02   0.92   0.88   0.85   
0.50   0.50   0.06   0.14   0.50   0.93   0.17   0.38   0.21   0.10   0.73   0.50   0.50   0.50   0.65   0.50   0.22   0.50   0.14   0.39   0.54   0.06   0.15   0.50   0.50   0.50   0.50   0.50   0.06   0.50   0.50   0.10   0.50   0.50   0.63   0.50   0.50   0.50   0.50   0.50   0.50   0.40   0.08   0.50   0.50   0.50   0.50   0.59   0.13   0.25   0.50   0.06   0.50   0.50   0.90   0.86   0.26   0.38   0.50   0.81   0.30   0.50   0.50   0.50   0.50   0.50   0.50   0.96   0.15   0.48   0.50   0.78   0.96   0.50   0.50   0.50   0.50   0.50   
0.01   0.01   0.05   0.01   0.01   0.86   0.02   0.01   0.05   0.06   0.95   0.72   0.97   0.02   0.22   0.03   0.01   0.01   0.01   0.45   0.49   0.01   0.15   0.01   0.01   0.01   0.01   0.01   0.01   0.01   0.01   0.41   0.98   0.97   0.02   0.08   0.81   0.98   0.98   0.02   0.01   0.06   0.01   0.01   0.08   0.01   0.98   0.94   0.04   0.06   0.79   0.02   0.72   0.04   0.98   0.93   0.18   0.88   0.99   0.93   0.13   0.98   0.99   0.98   0.04   0.98   0.77   0.86   0.33   0.10   0.12   0.80   0.97   0.98   0.01   0.81   0.98   0.93   

0.00   0.00   0.00   0.00   0.00   0.00   0.00   0.00   0.00   0.00   0.00   0.00   0.00   0.00   0.00   0.00   0.00   0.00   0.00   0.00   0.00   0.00   0.00   0.00   0.00   0.00   0.00   0.00   0.00   0.00   0.00   0.00   1.00   1.00   0.00   0.00   1.00   1.00   1.00   0.00   0.00   0.00   0.00   0.00   0.00   0.00   1.00   1.00   1.00   0.00   1.00   0.00   0.00   0.00   1.00   1.00   1.00   1.00   1.00   1.00   1.00   1.00   1.00   1.00   0.00   1.00   1.00   1.00   1.00   1.00   1.00   1.00   1.00   1.00   1.00   1.00   1.00   1.00   