5.00   5.00   5.00   5.00   5.00   5.00   5.00   5.00   5.00   5.00   5.00   5.00   5.00   5.00   5.00   5.00   5.00   5.00   5.00   5.00   5.00   5.00   5.00   5.00   5.00   5.00   5.00   5.00   5.00   5.00   5.00   5.00   5.00   5.00   5.00   5.00   5.00   5.00   5.00   5.00   5.00   5.00   5.00   5.00   5.00   5.00   5.00   5.00   5.00   5.00   5.00   5.00   5.00   5.00   5.00   5.00   5.00   5.00   5.00   5.00   5.00   5.00   5.00   5.00   5.00   5.00   5.00   5.00   5.00   5.00   5.00   5.00   5.00   5.00   5.00   5.00   5.00   5.00   
0.06   0.06   0.06   0.06   0.06   0.06   0.06   0.06   0.06   0.06   0.06   0.98   0.06   0.06   0.06   0.78   0.06   0.06   0.06   0.06   0.06   0.06   0.06   0.06   0.06   0.06   0.06   0.78   0.06   0.06   0.06   0.78   0.06   0.84   0.84   0.06   0.98   0.84   0.98   0.98   0.06   0.06   0.06   0.06   0.84   0.06   0.84   0.06   0.06   0.84   0.06   0.06   0.06   0.84   0.06   0.84   0.84   0.78   0.84   0.84   0.98   0.06   0.06   0.06   0.06   0.06   0.98   0.98   0.06   0.84   0.06   0.06   0.06   0.84   0.06   0.98   0.06   0.98   
0.06   0.06   0.06   0.06   0.06   0.06   0.06   0.06   0.06   0.06   0.06   0.98   0.06   0.06   0.06   0.78   0.06   0.06   0.06   0.06   0.06   0.06   0.06   0.06   0.06   0.06   0.06   0.78   0.06   0.06   0.06   0.78   0.06   0.84   0.84   0.06   0.98   0.84   0.98   0.98   0.06   0.06   0.06   0.06   0.84   0.06   0.84   0.06   0.06   0.84   0.06   0.06   0.06   0.84   0.06   0.84   0.84   0.78   0.84   0.84   0.98   0.06   0.06   0.06   0.06   0.06   0.98   0.98   0.06   0.84   0.06   0.06   0.06   0.84   0.06   0.98   0.06   0.98   
0.15   0.26   0.43   0.90   0.21   0.22   0.29   0.04   0.82   0.05   0.27   0.28   0.03   0.11   0.11   0.47   0.67   0.61   0.44   0.57   0.02   0.01   0.46   0.68   0.37   0.20   0.02   0.97   0.04   0.07   0.28   0.56   0.81   0.51   0.95   0.02   0.98   0.99   0.98   0.99   0.42   0.27   0.06   0.06   0.99   0.45   0.97   0.22   0.43   0.83   0.04   0.83   0.64   0.37   0.17   0.85   0.86   0.93   1.00   0.51   0.67   0.55   0.86   0.49   0.83   0.85   0.70   0.97   0.89   0.31   0.98   0.98   0.92   0.99   0.64   0.70   0.66   0.95   
0.01   0.02   0.03   0.98   0.01   0.01   0.02   0.00   0.95   0.00   0.02   0.98   0.00   0.01   0.01   0.95   0.90   0.87   0.03   0.85   0.00   0.00   0.04   0.90   0.03   0.01   0.00   1.00   0.00   0.00   0.02   0.96   0.95   0.97   1.00   0.00   1.00   1.00   1.00   1.00   0.03   0.02   0.00   0.00   1.00   0.03   1.00   0.01   0.03   0.99   0.00   0.96   0.88   0.94   0.01   0.99   0.99   1.00   1.00   0.97   1.00   0.84   0.96   0.04   0.95   0.96   1.00   1.00   0.97   0.93   1.00   1.00   0.98   1.00   0.88   1.00   0.89   1.00   

5.00   5.00   5.00   5.00   5.00   5.00   5.00   5.00   5.00   5.00   5.00   5.00   5.00   5.00   5.00   5.00   5.00   5.00   5.00   5.00   5.00   5.00   5.00   5.00   5.00   5.00   5.00   5.00   5.00   5.00   5.00   5.00   5.00   5.00   5.00   5.00   5.00   5.00   5.00   5.00   5.00   5.00   5.00   5.00   5.00   5.00   5.00   5.00   5.00   5.00   5.00   5.00   5.00   5.00   5.00   5.00   5.00   5.00   5.00   5.00   5.00   5.00   5.00   5.00   5.00   5.00   5.00   5.00   5.00   5.00   5.00   5.00   5.00   5.00   5.00   5.00   5.00   5.00   
0.05   0.05   0.05   0.05   0.05   0.05   0.05   0.05   0.05   0.05   0.70   0.97   0.05   0.05   0.05   0.94   0.05   0.05   0.70   0.70   0.05   0.05   0.05   0.70   0.70   0.05   0.05   0.94   0.05   0.05   0.05   0.91   0.05   0.91   0.85   0.05   0.97   0.85   0.99   0.97   0.05   0.05   0.05   0.05   0.85   0.05   0.91   0.05   0.05   0.85   0.05   0.05   0.05   0.85   0.05   0.85   0.85   0.91   0.85   0.85   0.99   0.05   0.05   0.05   0.05   0.05   0.97   0.97   0.05   0.85   0.05   0.05   0.05   0.85   0.05   0.97   0.05   0.97   
0.05   0.05   0.05   0.05   0.05   0.05   0.05   0.05   0.05   0.05   0.70   0.97   0.05   0.05   0.05   0.94   0.05   0.05   0.70   0.70   0.05   0.05   0.05   0.70   0.70   0.05   0.05   0.94   0.05   0.05   0.05   0.91   0.05   0.91   0.85   0.05   0.97   0.85   0.99   0.97   0.05   0.05   0.05   0.05   0.85   0.05   0.91   0.05   0.05   0.85   0.05   0.05   0.05   0.85   0.05   0.85   0.85   0.91   0.85   0.85   0.99   0.05   0.05   0.05   0.05   0.05   0.97   0.97   0.05   0.85   0.05   0.05   0.05   0.85   0.05   0.97   0.05   0.97   
0.09   0.23   0.16   0.92   0.15   0.36   0.18   0.50   0.86   0.50   0.25   0.71   0.50   0.50   0.50   0.78   0.86   0.55   0.63   0.68   0.50   0.50   0.20   0.61   0.52   0.14   0.50   0.50   0.50   0.50   0.15   0.57   0.85   0.63   0.50   0.50   0.50   0.50   0.50   0.50   0.47   0.10   0.50   0.50   0.50   0.30   0.50   0.12   0.46   0.89   0.50   0.86   0.92   0.68   0.11   0.50   0.50   0.50   0.50   0.57   0.50   0.59   0.89   0.79   0.81   0.93   0.50   0.50   0.92   0.44   0.50   0.50   0.98   0.50   0.67   0.50   0.75   0.50   
0.00   0.01   0.01   0.97   0.01   0.02   0.01   0.04   0.95   0.04   0.32   0.99   0.04   0.04   0.04   0.99   0.95   0.05   0.93   0.94   0.04   0.04   0.01   0.92   0.89   0.01   0.04   0.95   0.04   0.04   0.01   0.96   0.95   0.98   0.96   0.04   0.99   0.96   0.99   0.99   0.04   0.00   0.04   0.04   0.96   0.02   0.96   0.01   0.04   0.99   0.04   0.95   0.97   0.97   0.01   0.96   0.96   0.95   0.96   0.96   0.99   0.06   0.96   0.92   0.93   0.98   0.99   0.99   0.97   0.94   0.04   0.04   0.99   0.96   0.08   0.99   0.90   0.99   

5.00   5.00   5.00   5.00   5.00   5.00   5.00   5.00   5.00   5.00   5.00   5.00   5.00   5.00   5.00   5.00   5.00   5.00   5.00   5.00   5.00   5.00   5.00   5.00   5.00   5.00   5.00   5.00   5.00   5.00   5.00   5.00   5.00   5.00   5.00   5.00   5.00   5.00   5.00   5.00   5.00   5.00   5.00   5.00   5.00   5.00   5.00   5.00   5.00   5.00   5.00   5.00   5.00   5.00   5.00   5.00   5.00   5.00   5.00   5.00   5.00   5.00   5.00   5.00   5.00   5.00   5.00   5.00   5.00   5.00   5.00   5.00   5.00   5.00   5.00   5.00   5.00   5.00   
0.04   0.04   0.04   0.04   0.61   0.04   0.04   0.04   0.04   0.04   0.24   0.97   0.04   0.61   0.04   0.93   0.04   0.04   0.24   0.24   0.04   0.04   0.61   0.24   0.73   0.04   0.04   0.76   0.04   0.04   0.04   0.89   0.61   0.89   0.50   0.04   0.97   0.84   0.99   0.83   0.61   0.04   0.61   0.04   0.84   0.04   0.89   0.04   0.04   0.84   0.04   0.04   0.04   0.50   0.04   0.50   0.84   0.89   0.84   0.50   0.99   0.61   0.61   0.61   0.04   0.61   0.97   0.83   0.04   0.50   0.04   0.04   0.04   0.50   0.04   0.97   0.04   0.97   
0.04   0.04   0.04   0.04   0.61   0.04   0.04   0.04   0.04   0.04   0.24   0.97   0.04   0.61   0.04   0.93   0.04   0.04   0.24   0.24   0.04   0.04   0.61   0.24   0.73   0.04   0.04   0.76   0.04   0.04   0.04   0.89   0.61   0.89   0.50   0.04   0.97   0.84   0.99   0.83   0.61   0.04   0.61   0.04   0.84   0.04   0.89   0.04   0.04   0.84   0.04   0.04   0.04   0.50   0.04   0.50   0.84   0.89   0.84   0.50   0.99   0.61   0.61   0.61   0.04   0.61   0.97   0.83   0.04   0.50   0.04   0.04   0.04   0.50   0.04   0.97   0.04   0.97   
0.50   0.20   0.17   0.95   0.09   0.48   0.22   0.50   0.92   0.50   0.24   0.50   0.50   0.50   0.50   0.91   0.93   0.50   0.82   0.69   0.50   0.50   0.23   0.64   0.66   0.19   0.50   0.50   0.50   0.50   0.23   0.67   0.90   0.86   0.50   0.50   0.50   0.50   0.50   0.50   0.45   0.50   0.50   0.50   0.50   0.31   0.50   0.50   0.49   0.91   0.50   0.87   0.97   0.80   0.50   0.50   0.50   0.50   0.50   0.77   0.50   0.68   0.90   0.82   0.88   0.95   0.50   0.50   0.93   0.62   0.50   0.50   0.99   0.50   0.77   0.50   0.83   0.50   
0.04   0.01   0.01   0.97   0.21   0.04   0.01   0.04   0.96   0.04   0.15   0.99   0.04   0.04   0.04   1.00   0.96   0.04   0.94   0.89   0.04   0.04   0.44   0.87   0.96   0.01   0.04   0.97   0.04   0.04   0.01   0.98   0.99   1.00   0.96   0.04   0.99   0.96   0.99   0.99   0.87   0.04   0.04   0.04   0.96   0.02   0.96   0.04   0.04   1.00   0.04   0.92   0.99   0.97   0.04   0.96   0.96   0.97   0.96   0.97   0.99   0.95   0.99   0.97   0.93   0.99   0.99   0.99   0.96   0.93   0.04   0.04   1.00   0.96   0.12   0.99   0.90   0.99   

5.00   5.00   5.00   5.00   5.00   5.00   5.00   5.00   5.00   5.00   5.00   5.00   5.00   5.00   5.00   5.00   5.00   5.00   5.00   5.00   5.00   5.00   5.00   5.00   5.00   5.00   5.00   5.00   5.00   5.00   5.00   5.00   5.00   5.00   5.00   5.00   5.00   5.00   5.00   5.00   5.00   5.00   5.00   5.00   5.00   5.00   5.00   5.00   5.00   5.00   5.00   5.00   5.00   5.00   5.00   5.00   5.00   5.00   5.00   5.00   5.00   5.00   5.00   5.00   5.00   5.00   5.00   5.00   5.00   5.00   5.00   5.00   5.00   5.00   5.00   5.00   5.00   5.00   
0.03   0.03   0.03   0.33   0.27   0.03   0.03   0.03   0.03   0.33   0.50   0.85   0.03   0.27   0.03   0.71   0.03   0.03   0.50   0.50   0.03   0.03   0.27   0.14   0.70   0.03   0.03   0.77   0.03   0.03   0.03   0.64   0.60   0.77   0.77   0.03   0.98   0.88   0.99   0.91   0.27   0.33   0.27   0.03   0.88   0.03   0.92   0.03   0.03   0.88   0.33   0.33   0.33   0.77   0.33   0.77   0.88   0.81   0.88   0.77   0.99   0.60   0.60   0.60   0.33   0.60   0.98   0.91   0.33   0.77   0.33   0.33   0.03   0.57   0.03   0.98   0.33   0.98   
0.03   0.03   0.03   0.33   0.27   0.03   0.03   0.03   0.03   0.33   0.50   0.85   0.03   0.27   0.03   0.71   0.03   0.03   0.50   0.50   0.03   0.03   0.27   0.14   0.70   0.03   0.03   0.77   0.03   0.03   0.03   0.64   0.60   0.77   0.77   0.03   0.98   0.88   0.99   0.91   0.27   0.33   0.27   0.03   0.88   0.03   0.92   0.03   0.03   0.88   0.33   0.33   0.33   0.77   0.33   0.77   0.88   0.81   0.88   0.77   0.99   0.60   0.60   0.60   0.33   0.60   0.98   0.91   0.33   0.77   0.33   0.33   0.03   0.57   0.03   0.98   0.33   0.98   
0.50   0.19   0.16   0.94   0.08   0.61   0.24   0.50   0.94   0.50   0.20   0.50   0.50   0.50   0.50   0.50   0.90   0.38   0.76   0.71   0.50   0.50   0.22   0.65   0.56   0.17   0.50   0.50   0.50   0.50   0.24   0.74   0.89   0.50   0.50   0.50   0.50   0.50   0.50   0.50   0.57   0.50   0.50   0.50   0.50   0.26   0.50   0.50   0.49   0.50   0.50   0.88   0.98   0.84   0.50   0.50   0.50   0.50   0.50   0.85   0.50   0.64   0.88   0.92   0.89   0.50   0.50   0.50   0.91   0.57   0.50   0.50   0.50   0.50   0.82   0.50   0.84   0.50   
0.04   0.01   0.01   0.98   0.01   0.05   0.01   0.04   0.90   0.04   0.35   0.99   0.04   0.04   0.04   0.96   0.84   0.02   0.95   0.94   0.04   0.04   0.04   0.74   0.92   0.01   0.04   0.94   0.04   0.04   0.01   0.94   0.98   0.97   0.96   0.04   0.99   0.96   0.99   0.99   0.17   0.04   0.04   0.04   0.96   0.01   0.96   0.04   0.03   0.96   0.04   0.96   0.99   0.99   0.04   0.96   0.96   0.94   0.96   0.99   0.99   0.90   0.98   0.98   0.96   0.23   0.99   0.99   0.97   0.96   0.04   0.04   0.03   0.96   0.12   0.99   0.95   0.99   

5.00   5.00   5.00   5.00   5.00   5.00   5.00   5.00   5.00   5.00   5.00   5.00   5.00   5.00   5.00   5.00   5.00   5.00   5.00   5.00   5.00   5.00   5.00   5.00   5.00   5.00   5.00   5.00   5.00   5.00   5.00   5.00   5.00   5.00   5.00   5.00   5.00   5.00   5.00   5.00   5.00   5.00   5.00   5.00   5.00   5.00   5.00   5.00   5.00   5.00   5.00   5.00   5.00   5.00   5.00   5.00   5.00   5.00   5.00   5.00   5.00   5.00   5.00   5.00   5.00   5.00   5.00   5.00   5.00   5.00   5.00   5.00   5.00   5.00   5.00   5.00   5.00   5.00   
0.04   0.04   0.04   0.39   0.50   0.04   0.04   0.04   0.04   0.39   0.60   0.93   0.04   0.50   0.04   0.84   0.04   0.04   0.60   0.60   0.04   0.04   0.50   0.24   0.80   0.04   0.04   0.74   0.01   0.04   0.04   0.79   0.72   0.88   0.83   0.04   0.98   0.92   0.99   0.93   0.50   0.39   0.50   0.04   0.92   0.04   0.95   0.01   0.04   0.92   0.11   0.39   0.39   0.83   0.11   0.83   0.92   0.88   0.92   0.83   0.99   0.72   0.72   0.72   0.39   0.72   0.98   0.93   0.39   0.83   0.39   0.39   0.04   0.71   0.01   0.98   0.11   0.98   
0.04   0.04   0.04   0.39   0.50   0.04   0.04   0.04   0.04   0.39   0.60   0.93   0.04   0.50   0.04   0.84   0.04   0.04   0.60   0.60   0.04   0.04   0.50   0.24   0.80   0.04   0.04   0.74   0.01   0.04   0.04   0.79   0.72   0.88   0.83   0.04   0.98   0.92   0.99   0.93   0.50   0.39   0.50   0.04   0.92   0.04   0.95   0.01   0.04   0.92   0.11   0.39   0.39   0.83   0.11   0.83   0.92   0.88   0.92   0.83   0.99   0.72   0.72   0.72   0.39   0.72   0.98   0.93   0.39   0.83   0.39   0.39   0.04   0.71   0.01   0.98   0.11   0.98   
0.50   0.22   0.50   0.94   0.11   0.58   0.27   0.50   0.95   0.50   0.12   0.50   0.50   0.50   0.50   0.50   0.89   0.35   0.77   0.73   0.50   0.50   0.26   0.52   0.48   0.50   0.50   0.50   0.50   0.50   0.28   0.72   0.90   0.50   0.50   0.50   0.50   0.50   0.50   0.50   0.60   0.50   0.50   0.50   0.50   0.26   0.50   0.50   0.53   0.50   0.50   0.91   0.50   0.87   0.50   0.50   0.50   0.50   0.50   0.86   0.50   0.65   0.91   0.93   0.90   0.50   0.50   0.50   0.89   0.65   0.50   0.50   0.50   0.50   0.84   0.50   0.84   0.50   
0.04   0.01   0.03   0.98   0.04   0.06   0.02   0.04   0.92   0.04   0.22   0.99   0.04   0.04   0.04   0.96   0.83   0.03   0.95   0.94   0.04   0.04   0.11   0.64   0.90   0.03   0.04   0.95   0.04   0.04   0.02   0.95   0.98   0.97   0.96   0.04   0.99   0.96   0.99   0.99   0.70   0.04   0.04   0.04   0.96   0.02   0.96   0.04   0.05   0.96   0.04   0.97   0.43   0.99   0.04   0.96   0.96   0.95   0.96   0.99   0.99   0.92   0.98   0.99   0.97   0.83   0.99   0.99   0.96   0.96   0.04   0.04   0.04   0.96   0.04   0.99   0.88   0.99   

5.00   5.00   5.00   5.00   5.00   5.00   5.00   5.00   5.00   5.00   5.00   5.00   5.00   5.00   5.00   5.00   5.00   5.00   5.00   5.00   5.00   5.00   5.00   5.00   5.00   5.00   5.00   5.00   5.00   5.00   5.00   5.00   5.00   5.00   5.00   5.00   5.00   5.00   5.00   5.00   5.00   5.00   5.00   5.00   5.00   5.00   5.00   5.00   5.00   5.00   5.00   5.00   5.00   5.00   5.00   5.00   5.00   5.00   5.00   5.00   5.00   5.00   5.00   5.00   5.00   5.00   5.00   5.00   5.00   5.00   5.00   5.00   5.00   5.00   5.00   5.00   5.00   5.00   
0.04   0.04   0.04   0.29   0.27   0.04   0.04   0.04   0.04   0.29   0.46   0.93   0.04   0.27   0.04   0.86   0.04   0.04   0.77   0.77   0.04   0.04   0.27   0.19   0.62   0.56   0.04   0.82   0.01   0.04   0.04   0.62   0.80   0.90   0.88   0.04   0.98   0.94   0.99   0.95   0.27   0.29   0.27   0.04   0.94   0.04   0.96   0.01   0.04   0.94   0.11   0.29   0.70   0.88   0.11   0.70   0.94   0.89   0.78   0.88   0.99   0.52   0.52   0.80   0.70   0.52   0.98   0.82   0.29   0.88   0.29   0.70   0.04   0.80   0.01   0.98   0.11   0.98   
0.04   0.04   0.04   0.29   0.27   0.04   0.04   0.04   0.04   0.29   0.46   0.93   0.04   0.27   0.04   0.86   0.04   0.04   0.77   0.77   0.04   0.04   0.27   0.19   0.62   0.56   0.04   0.82   0.01   0.04   0.04   0.62   0.80   0.90   0.88   0.04   0.98   0.94   0.99   0.95   0.27   0.29   0.27   0.04   0.94   0.04   0.96   0.01   0.04   0.94   0.11   0.29   0.70   0.88   0.11   0.70   0.94   0.89   0.78   0.88   0.99   0.52   0.52   0.80   0.70   0.52   0.98   0.82   0.29   0.88   0.29   0.70   0.04   0.80   0.01   0.98   0.11   0.98   
0.50   0.21   0.50   0.94   0.11   0.57   0.26   0.50   0.95   0.50   0.12   0.50   0.50   0.50   0.50   0.50   0.88   0.34   0.76   0.73   0.50   0.50   0.25   0.51   0.47   0.50   0.50   0.50   0.50   0.50   0.27   0.72   0.90   0.50   0.50   0.50   0.50   0.50   0.50   0.50   0.59   0.50   0.50   0.50   0.50   0.25   0.50   0.50   0.52   0.50   0.50   0.90   0.50   0.87   0.50   0.50   0.50   0.50   0.50   0.86   0.50   0.65   0.90   0.93   0.90   0.50   0.50   0.50   0.88   0.65   0.50   0.50   0.50   0.50   0.84   0.50   0.84   0.50   
0.04   0.01   0.03   0.97   0.02   0.05   0.01   0.04   0.88   0.04   0.12   0.99   0.04   0.04   0.04   0.95   0.75   0.02   0.96   0.96   0.04   0.04   0.04   0.16   0.77   0.03   0.04   0.93   0.04   0.04   0.01   0.85   0.99   0.97   0.96   0.04   0.99   0.96   0.99   0.99   0.16   0.04   0.04   0.04   0.96   0.01   0.96   0.04   0.04   0.96   0.04   0.95   0.38   0.99   0.04   0.96   0.96   0.93   0.96   0.99   0.99   0.83   0.96   0.99   0.98   0.22   0.99   0.99   0.93   0.97   0.04   0.04   0.03   0.96   0.03   0.99   0.83   0.99   

0.65   0.65   0.72   0.23   0.53   0.56   0.47   0.63   0.15   0.76   0.48   0.19   0.45   0.43   0.78   0.26   0.40   0.45   0.32   0.52   0.73   0.77   0.28   0.55   0.51   0.67   0.66   0.70   0.50   0.74   0.61   0.23   0.40   0.40   0.40   0.68   0.20   0.25   0.50   0.36   0.17   0.62   0.69   0.72   0.14   0.68   0.26   0.50   0.33   0.38   0.50   0.57   0.32   0.22   0.71   0.50   0.40   0.37   0.65   0.42   0.50   0.37   0.54   0.44   0.36   0.43   0.24   0.25   0.36   0.20   0.65   0.16   0.34   0.27   0.50   0.20   0.41   0.63   
0.07   0.08   0.10   0.07   0.24   0.05   0.08   0.07   0.01   0.68   0.53   0.68   0.03   0.18   0.59   0.63   0.03   0.03   0.41   0.75   0.11   0.13   0.12   0.18   0.68   0.70   0.15   0.90   0.01   0.11   0.06   0.21   0.69   0.81   0.77   0.16   0.93   0.76   0.99   0.86   0.05   0.28   0.65   0.10   0.41   0.08   0.85   0.01   0.04   0.88   0.13   0.25   0.36   0.42   0.20   0.65   0.87   0.80   0.84   0.78   0.99   0.32   0.60   0.73   0.36   0.32   0.91   0.40   0.12   0.38   0.31   0.16   0.02   0.35   0.01   0.93   0.07   0.99   
0.03   0.03   0.03   0.24   0.23   0.03   0.04   0.03   0.03   0.24   0.42   0.91   0.03   0.23   0.04   0.82   0.03   0.03   0.72   0.72   0.03   0.03   0.25   0.15   0.58   0.49   0.04   0.78   0.01   0.03   0.03   0.55   0.76   0.87   0.85   0.04   0.98   0.92   0.99   0.94   0.23   0.24   0.25   0.03   0.92   0.03   0.95   0.01   0.04   0.93   0.11   0.24   0.66   0.85   0.09   0.64   0.92   0.87   0.73   0.85   0.99   0.48   0.45   0.76   0.65   0.45   0.98   0.77   0.24   0.85   0.24   0.65   0.03   0.75   0.01   0.98   0.09   0.98   
0.50   0.21   0.50   0.93   0.11   0.55   0.26   0.50   0.94   0.50   0.13   0.50   0.50   0.50   0.50   0.50   0.87   0.34   0.74   0.71   0.50   0.50   0.25   0.50   0.46   0.50   0.50   0.50   0.50   0.50   0.27   0.69   0.88   0.50   0.50   0.50   0.50   0.50   0.50   0.50   0.57   0.50   0.50   0.50   0.50   0.25   0.50   0.50   0.50   0.50   0.50   0.89   0.50   0.84   0.50   0.50   0.50   0.50   0.50   0.84   0.50   0.62   0.89   0.91   0.88   0.50   0.50   0.50   0.86   0.62   0.50   0.50   0.50   0.50   0.81   0.50   0.81   0.50   
0.04   0.01   0.02   0.95   0.02   0.05   0.01   0.04   0.84   0.04   0.10   0.99   0.04   0.04   0.04   0.95   0.70   0.02   0.95   0.95   0.04   0.04   0.04   0.14   0.74   0.02   0.04   0.92   0.04   0.04   0.02   0.84   0.98   0.97   0.96   0.04   0.99   0.96   0.99   0.99   0.15   0.04   0.04   0.04   0.96   0.01   0.96   0.04   0.04   0.95   0.04   0.93   0.32   0.99   0.04   0.96   0.96   0.92   0.96   0.99   0.99   0.79   0.95   0.99   0.98   0.23   0.99   0.99   0.91   0.97   0.04   0.04   0.03   0.96   0.02   0.99   0.35   0.99   

0.65   0.65   0.72   0.23   0.53   0.56   0.47   0.63   0.15   0.76   0.48   0.19   0.45   0.43   0.78   0.26   0.40   0.45   0.32   0.52   0.73   0.77   0.28   0.55   0.51   0.67   0.66   0.70   0.50   0.74   0.61   0.23   0.40   0.40   0.40   0.68   0.20   0.25   0.50   0.36   0.17   0.62   0.69   0.72   0.14   0.68   0.26   0.50   0.33   0.38   0.50   0.57   0.32   0.22   0.71   0.50   0.40   0.37   0.65   0.42   0.50   0.37   0.54   0.44   0.36   0.43   0.24   0.25   0.36   0.20   0.65   0.16   0.34   0.27   0.50   0.20   0.41   0.63   
0.07   0.07   0.09   0.06   0.19   0.05   0.06   0.06   0.01   0.64   0.30   0.35   0.03   0.14   0.50   0.35   0.03   0.03   0.32   0.66   0.10   0.12   0.09   0.13   0.62   0.43   0.12   0.84   0.01   0.10   0.06   0.14   0.76   0.68   0.67   0.13   0.76   0.81   0.99   0.87   0.04   0.27   0.56   0.09   0.31   0.08   0.73   0.01   0.04   0.91   0.13   0.23   0.28   0.48   0.21   0.72   0.90   0.83   0.80   0.68   0.99   0.58   0.37   0.65   0.47   0.61   0.93   0.32   0.11   0.29   0.29   0.12   0.02   0.25   0.01   0.94   0.07   0.96   
0.03   0.03   0.03   0.22   0.18   0.03   0.04   0.03   0.03   0.22   0.35   0.85   0.03   0.18   0.04   0.74   0.03   0.03   0.65   0.65   0.03   0.03   0.20   0.11   0.51   0.39   0.04   0.70   0.01   0.03   0.03   0.44   0.83   0.80   0.80   0.04   0.94   0.95   0.99   0.95   0.18   0.22   0.20   0.03   0.87   0.03   0.90   0.01   0.04   0.95   0.11   0.22   0.59   0.90   0.09   0.73   0.95   0.90   0.68   0.80   0.99   0.65   0.40   0.69   0.75   0.64   0.99   0.71   0.22   0.80   0.22   0.57   0.03   0.66   0.01   0.99   0.09   0.94   
0.50   0.20   0.50   0.93   0.11   0.55   0.25   0.50   0.94   0.50   0.12   0.50   0.50   0.50   0.50   0.50   0.87   0.33   0.74   0.71   0.50   0.50   0.24   0.49   0.46   0.50   0.50   0.50   0.50   0.50   0.26   0.69   0.89   0.50   0.50   0.50   0.50   0.50   0.50   0.50   0.57   0.50   0.50   0.50   0.50   0.25   0.50   0.50   0.50   0.50   0.50   0.89   0.50   0.85   0.50   0.50   0.50   0.50   0.50   0.84   0.50   0.62   0.89   0.92   0.89   0.50   0.50   0.50   0.87   0.62   0.50   0.50   0.50   0.50   0.82   0.50   0.82   0.50   
0.04   0.01   0.03   0.96   0.02   0.05   0.02   0.79   0.85   0.79   0.10   0.99   0.79   0.79   0.79   0.96   0.72   0.02   0.95   0.95   0.79   0.79   0.04   0.13   0.76   0.03   0.79   0.94   0.79   0.79   0.02   0.89   0.99   0.97   0.96   0.79   0.99   0.96   0.99   0.99   0.16   0.04   0.79   0.79   0.96   0.01   0.96   0.04   0.05   0.96   0.79   0.93   0.32   0.99   0.04   0.96   0.96   0.94   0.96   0.99   0.99   0.90   0.96   0.99   0.99   0.27   0.99   0.99   0.92   0.97   0.79   0.79   0.03   0.96   0.02   0.99   0.33   0.99   

0.65   0.65   0.72   0.23   0.53   0.56   0.47   0.63   0.15   0.76   0.48   0.19   0.45   0.43   0.78   0.26   0.40   0.45   0.32   0.52   0.73   0.77   0.28   0.55   0.51   0.67   0.66   0.70   0.50   0.74   0.61   0.23   0.40   0.40   0.40   0.68   0.20   0.25   0.50   0.36   0.17   0.62   0.69   0.72   0.14   0.68   0.26   0.50   0.33   0.38   0.50   0.57   0.32   0.22   0.71   0.50   0.40   0.37   0.65   0.42   0.50   0.37   0.54   0.44   0.36   0.43   0.24   0.25   0.36   0.20   0.65   0.16   0.34   0.27   0.50   0.20   0.41   0.63   
0.06   0.06   0.35   0.11   0.15   0.04   0.05   0.26   0.01   0.30   0.55   0.45   0.03   0.25   0.67   0.57   0.02   0.03   0.19   0.37   0.08   0.10   0.17   0.09   0.34   0.31   0.52   0.89   0.01   0.08   0.05   0.22   0.82   0.75   0.36   0.55   0.80   0.85   0.99   0.90   0.08   0.18   0.69   0.08   0.36   0.06   0.75   0.01   0.03   0.93   0.25   0.36   0.34   0.70   0.16   0.80   0.92   0.88   0.85   0.73   0.99   0.69   0.64   0.71   0.69   0.71   0.94   0.40   0.07   0.34   0.43   0.15   0.10   0.31   0.01   0.95   0.16   0.97   
0.02   0.02   0.17   0.32   0.11   0.02   0.03   0.17   0.02   0.10   0.44   0.88   0.02   0.33   0.20   0.79   0.02   0.02   0.37   0.37   0.02   0.02   0.37   0.05   0.31   0.20   0.20   0.75   0.01   0.02   0.02   0.58   0.86   0.82   0.56   0.20   0.95   0.95   0.99   0.96   0.33   0.10   0.37   0.02   0.88   0.02   0.91   0.01   0.03   0.96   0.26   0.32   0.63   0.91   0.06   0.79   0.95   0.92   0.74   0.81   0.99   0.74   0.50   0.73   0.78   0.72   0.99   0.78   0.10   0.81   0.32   0.59   0.17   0.69   0.01   0.99   0.22   0.95   
0.50   0.21   0.50   0.92   0.11   0.57   0.26   0.50   0.93   0.50   0.14   0.50   0.50   0.50   0.50   0.50   0.88   0.36   0.78   0.71   0.50   0.50   0.29   0.52   0.50   0.50   0.50   0.50   0.50   0.50   0.25   0.73   0.86   0.50   0.50   0.50   0.50   0.50   0.50   0.50   0.58   0.50   0.50   0.50   0.50   0.27   0.50   0.50   0.52   0.50   0.50   0.91   0.50   0.50   0.50   0.50   0.50   0.50   0.50   0.84   0.50   0.65   0.90   0.92   0.88   0.50   0.50   0.50   0.85   0.62   0.50   0.50   0.50   0.50   0.83   0.50   0.87   0.50   
0.04   0.01   0.03   0.96   0.01   0.03   0.01   0.79   0.76   0.79   0.16   0.99   0.79   0.79   0.79   0.96   0.15   0.01   0.94   0.91   0.79   0.79   0.12   0.08   0.69   0.03   0.79   0.94   0.79   0.79   0.01   0.91   0.99   0.97   0.96   0.79   0.99   0.96   0.99   0.99   0.32   0.04   0.79   0.79   0.96   0.01   0.96   0.04   0.03   0.97   0.79   0.96   0.36   0.97   0.04   0.96   0.96   0.94   0.96   0.99   0.99   0.92   0.97   0.99   0.99   0.28   0.99   0.99   0.85   0.97   0.79   0.79   0.03   0.96   0.38   0.99   0.93   0.99   

0.54   0.58   0.53   0.32   0.50   0.54   0.52   0.65   0.50   0.61   0.38   0.21   0.40   0.44   0.67   0.31   0.38   0.56   0.30   0.47   0.59   0.65   0.40   0.43   0.52   0.59   0.58   0.59   0.50   0.53   0.50   0.36   0.49   0.29   0.48   0.59   0.37   0.35   0.50   0.29   0.25   0.55   0.60   0.59   0.12   0.73   0.24   0.50   0.51   0.30   0.45   0.65   0.29   0.24   0.55   0.41   0.31   0.30   0.49   0.34   0.50   0.40   0.43   0.45   0.39   0.50   0.22   0.41   0.39   0.25   0.63   0.23   0.38   0.28   0.50   0.26   0.40   0.60   
0.02   0.03   0.12   0.11   0.07   0.02   0.03   0.18   0.02   0.12   0.18   0.28   0.01   0.15   0.22   0.31   0.01   0.09   0.10   0.18   0.03   0.04   0.15   0.07   0.30   0.13   0.16   0.72   0.01   0.02   0.02   0.20   0.88   0.30   0.27   0.17   0.90   0.92   0.99   0.88   0.07   0.09   0.29   0.03   0.29   0.06   0.60   0.01   0.03   0.83   0.14   0.32   0.19   0.73   0.13   0.62   0.90   0.86   0.63   0.35   0.99   0.71   0.25   0.72   0.46   0.77   0.95   0.41   0.05   0.26   0.60   0.14   0.12   0.18   0.01   0.97   0.11   0.96   
0.02   0.02   0.13   0.25   0.08   0.02   0.03   0.13   0.02   0.08   0.33   0.78   0.02   0.24   0.14   0.66   0.02   0.08   0.27   0.27   0.02   0.02   0.26   0.11   0.33   0.13   0.14   0.63   0.01   0.02   0.02   0.42   0.87   0.70   0.41   0.14   0.95   0.96   0.99   0.95   0.24   0.08   0.26   0.02   0.88   0.02   0.84   0.01   0.03   0.92   0.20   0.25   0.50   0.90   0.12   0.69   0.96   0.93   0.62   0.69   0.99   0.75   0.39   0.73   0.70   0.73   0.99   0.65   0.08   0.69   0.38   0.47   0.22   0.52   0.01   0.99   0.17   0.95   
0.50   0.50   0.50   0.94   0.09   0.51   0.19   0.50   0.94   0.50   0.12   0.50   0.50   0.50   0.50   0.50   0.85   0.32   0.78   0.77   0.50   0.50   0.20   0.48   0.46   0.50   0.50   0.50   0.50   0.50   0.21   0.70   0.88   0.50   0.50   0.50   0.50   0.50   0.50   0.50   0.55   0.50   0.50   0.50   0.50   0.22   0.50   0.50   0.47   0.50   0.50   0.91   0.50   0.50   0.50   0.50   0.50   0.50   0.50   0.86   0.50   0.68   0.90   0.93   0.89   0.50   0.50   0.50   0.88   0.52   0.50   0.50   0.50   0.50   0.81   0.50   0.87   0.50   
0.04   0.02   0.03   0.97   0.01   0.02   0.01   0.79   0.77   0.79   0.13   0.99   0.79   0.79   0.79   0.96   0.11   0.02   0.93   0.93   0.79   0.79   0.07   0.10   0.67   0.03   0.79   0.94   0.79   0.79   0.01   0.89   0.99   0.97   0.96   0.79   0.99   0.96   0.99   0.99   0.28   0.04   0.79   0.79   0.96   0.01   0.96   0.04   0.02   0.96   0.79   0.96   0.36   0.97   0.04   0.96   0.96   0.94   0.96   0.99   0.99   0.94   0.97   0.99   0.99   0.28   0.99   0.99   0.87   0.95   0.79   0.79   0.03   0.96   0.44   0.99   0.92   0.99   

0.54   0.58   0.53   0.32   0.50   0.54   0.52   0.65   0.50   0.61   0.38   0.21   0.40   0.44   0.67   0.31   0.38   0.56   0.30   0.47   0.59   0.65   0.40   0.43   0.52   0.59   0.58   0.59   0.50   0.53   0.50   0.36   0.49   0.29   0.48   0.59   0.37   0.35   0.50   0.29   0.25   0.55   0.60   0.59   0.12   0.73   0.24   0.50   0.51   0.30   0.45   0.65   0.29   0.24   0.55   0.41   0.31   0.30   0.49   0.34   0.50   0.40   0.43   0.45   0.39   0.50   0.22   0.41   0.39   0.25   0.63   0.23   0.38   0.28   0.50   0.26   0.40   0.60   
0.02   0.02   0.11   0.08   0.07   0.02   0.02   0.14   0.02   0.12   0.14   0.20   0.02   0.11   0.21   0.21   0.02   0.09   0.09   0.14   0.02   0.03   0.13   0.05   0.23   0.12   0.15   0.63   0.01   0.02   0.01   0.17   0.86   0.21   0.24   0.15   0.89   0.91   0.99   0.87   0.05   0.08   0.21   0.04   0.27   0.07   0.37   0.01   0.02   0.74   0.14   0.31   0.18   0.71   0.13   0.43   0.90   0.78   0.59   0.32   0.99   0.68   0.23   0.70   0.42   0.74   0.95   0.36   0.05   0.23   0.58   0.13   0.09   0.13   0.01   0.97   0.10   0.95   
0.01   0.01   0.14   0.22   0.09   0.01   0.02   0.10   0.01   0.11   0.28   0.71   0.03   0.19   0.16   0.58   0.03   0.09   0.29   0.24   0.01   0.01   0.26   0.09   0.30   0.15   0.16   0.57   0.01   0.01   0.01   0.41   0.87   0.62   0.43   0.16   0.95   0.96   0.99   0.96   0.19   0.08   0.21   0.03   0.88   0.03   0.84   0.01   0.02   0.90   0.23   0.28   0.52   0.91   0.14   0.71   0.96   0.90   0.63   0.71   0.99   0.76   0.41   0.75   0.71   0.74   0.99   0.66   0.11   0.71   0.41   0.49   0.19   0.46   0.01   0.99   0.20   0.95   
0.50   0.50   0.50   0.95   0.06   0.48   0.50   0.50   0.94   0.50   0.14   0.50   0.50   0.50   0.50   0.50   0.84   0.25   0.75   0.83   0.50   0.50   0.09   0.62   0.34   0.50   0.50   0.50   0.50   0.50   0.50   0.63   0.83   0.50   0.50   0.50   0.50   0.50   0.50   0.50   0.53   0.50   0.50   0.50   0.50   0.50   0.50   0.50   0.30   0.50   0.50   0.90   0.50   0.50   0.50   0.50   0.50   0.50   0.50   0.90   0.50   0.64   0.91   0.95   0.82   0.50   0.50   0.50   0.94   0.45   0.50   0.50   0.50   0.50   0.84   0.50   0.88   0.50   
0.05   0.02   0.03   0.97   0.01   0.01   0.02   0.80   0.70   0.80   0.10   0.99   0.80   0.80   0.80   0.96   0.18   0.02   0.92   0.93   0.80   0.80   0.03   0.10   0.21   0.03   0.80   0.95   0.80   0.80   0.02   0.88   0.99   0.97   0.97   0.80   0.99   0.97   0.99   0.99   0.23   0.05   0.80   0.80   0.97   0.02   0.97   0.05   0.01   0.97   0.80   0.96   0.34   0.97   0.05   0.97   0.97   0.95   0.97   0.99   0.99   0.93   0.97   0.99   0.98   0.26   0.99   0.99   0.94   0.94   0.80   0.80   0.03   0.97   0.85   0.99   0.95   0.99   

0.54   0.58   0.53   0.32   0.50   0.54   0.52   0.65   0.50   0.61   0.38   0.21   0.40   0.44   0.67   0.31   0.38   0.56   0.30   0.47   0.59   0.65   0.40   0.43   0.52   0.59   0.58   0.59   0.50   0.53   0.50   0.36   0.49   0.29   0.48   0.59   0.37   0.35   0.50   0.29   0.25   0.55   0.60   0.59   0.12   0.73   0.24   0.50   0.51   0.30   0.45   0.65   0.29   0.24   0.55   0.41   0.31   0.30   0.49   0.34   0.50   0.40   0.43   0.45   0.39   0.50   0.22   0.41   0.39   0.25   0.63   0.23   0.38   0.28   0.50   0.26   0.40   0.60   
0.02   0.02   0.12   0.09   0.08   0.02   0.02   0.14   0.02   0.14   0.15   0.21   0.02   0.12   0.22   0.23   0.02   0.09   0.11   0.17   0.02   0.03   0.14   0.06   0.25   0.15   0.16   0.76   0.01   0.02   0.01   0.18   0.79   0.24   0.44   0.16   0.92   0.93   0.99   0.76   0.05   0.08   0.22   0.04   0.23   0.07   0.68   0.01   0.02   0.66   0.15   0.32   0.19   0.46   0.14   0.69   0.91   0.67   0.73   0.34   0.99   0.60   0.24   0.64   0.68   0.67   0.95   0.38   0.06   0.39   0.41   0.13   0.09   0.15   0.01   0.97   0.11   0.97   
0.01   0.01   0.12   0.19   0.08   0.01   0.02   0.08   0.01   0.11   0.26   0.65   0.03   0.16   0.13   0.51   0.03   0.08   0.29   0.24   0.01   0.01   0.23   0.07   0.28   0.14   0.13   0.70   0.01   0.01   0.01   0.35   0.79   0.58   0.62   0.13   0.96   0.97   0.99   0.90   0.16   0.07   0.18   0.03   0.83   0.03   0.90   0.01   0.02   0.83   0.21   0.25   0.48   0.85   0.14   0.78   0.97   0.82   0.75   0.67   0.99   0.67   0.37   0.67   0.78   0.65   0.99   0.62   0.11   0.81   0.36   0.45   0.15   0.44   0.01   0.99   0.19   0.96   
0.50   0.50   0.50   0.95   0.04   0.50   0.50   0.50   0.89   0.50   0.14   0.50   0.50   0.50   0.50   0.50   0.69   0.20   0.78   0.80   0.50   0.50   0.08   0.59   0.17   0.50   0.50   0.50   0.50   0.50   0.50   0.62   0.81   0.50   0.50   0.50   0.50   0.50   0.50   0.50   0.57   0.50   0.50   0.50   0.50   0.50   0.50   0.50   0.50   0.50   0.50   0.89   0.50   0.50   0.50   0.50   0.50   0.50   0.50   0.50   0.50   0.73   0.95   0.50   0.86   0.50   0.50   0.50   0.93   0.58   0.50   0.50   0.50   0.50   0.84   0.50   0.84   0.50   
0.04   0.02   0.02   0.95   0.00   0.01   0.01   0.04   0.08   0.04   0.06   0.99   0.04   0.04   0.04   0.94   0.07   0.01   0.88   0.86   0.04   0.04   0.02   0.05   0.06   0.02   0.04   0.91   0.04   0.04   0.02   0.73   0.97   0.97   0.95   0.04   0.99   0.95   0.99   0.99   0.17   0.04   0.04   0.04   0.95   0.02   0.95   0.04   0.01   0.96   0.04   0.92   0.27   0.96   0.04   0.95   0.95   0.91   0.95   0.92   0.99   0.92   0.98   0.86   0.99   0.20   0.99   0.99   0.89   0.96   0.04   0.04   0.03   0.95   0.49   0.99   0.88   0.99   

0.54   0.58   0.53   0.32   0.50   0.54   0.52   0.65   0.50   0.61   0.38   0.21   0.40   0.44   0.67   0.31   0.38   0.56   0.30   0.47   0.59   0.65   0.40   0.43   0.52   0.59   0.58   0.59   0.50   0.53   0.50   0.36   0.49   0.29   0.48   0.59   0.37   0.35   0.50   0.29   0.25   0.55   0.60   0.59   0.12   0.73   0.24   0.50   0.51   0.30   0.45   0.65   0.29   0.24   0.55   0.41   0.31   0.30   0.49   0.34   0.50   0.40   0.43   0.45   0.39   0.50   0.22   0.41   0.39   0.25   0.63   0.23   0.38   0.28   0.50   0.26   0.40   0.60   
0.02   0.02   0.24   0.15   0.07   0.02   0.02   0.11   0.02   0.13   0.11   0.27   0.02   0.09   0.17   0.29   0.09   0.09   0.18   0.14   0.02   0.02   0.10   0.06   0.37   0.14   0.13   0.80   0.01   0.02   0.01   0.13   0.83   0.31   0.67   0.13   0.93   0.94   0.99   0.81   0.10   0.08   0.17   0.04   0.28   0.07   0.74   0.01   0.02   0.71   0.11   0.25   0.12   0.67   0.13   0.77   0.93   0.71   0.79   0.42   0.99   0.66   0.32   0.69   0.74   0.73   0.96   0.47   0.14   0.47   0.64   0.18   0.17   0.22   0.01   0.97   0.09   0.97   
0.01   0.01   0.27   0.34   0.07   0.01   0.01   0.06   0.01   0.09   0.18   0.75   0.03   0.12   0.10   0.62   0.17   0.07   0.43   0.19   0.01   0.01   0.16   0.07   0.42   0.12   0.10   0.78   0.01   0.01   0.01   0.26   0.85   0.69   0.75   0.10   0.97   0.98   0.99   0.94   0.31   0.06   0.13   0.03   0.88   0.03   0.93   0.01   0.01   0.88   0.14   0.18   0.31   0.90   0.11   0.87   0.98   0.87   0.84   0.76   0.99   0.75   0.50   0.75   0.85   0.75   0.99   0.72   0.26   0.88   0.50   0.56   0.30   0.57   0.01   0.99   0.14   0.97   
0.50   0.50   0.50   0.93   0.50   0.45   0.50   0.50   0.85   0.50   0.18   0.50   0.50   0.50   0.50   0.50   0.70   0.24   0.81   0.76   0.50   0.50   0.09   0.61   0.18   0.50   0.50   0.50   0.50   0.50   0.50   0.62   0.76   0.50   0.50   0.50   0.50   0.50   0.50   0.50   0.53   0.50   0.50   0.50   0.50   0.50   0.50   0.50   0.50   0.50   0.50   0.85   0.50   0.50   0.50   0.50   0.50   0.50   0.50   0.50   0.50   0.68   0.94   0.50   0.85   0.50   0.50   0.50   0.91   0.61   0.50   0.50   0.50   0.50   0.85   0.50   0.81   0.50   
0.04   0.02   0.02   0.93   0.07   0.01   0.01   0.04   0.05   0.04   0.05   0.99   0.04   0.04   0.04   0.92   0.20   0.01   0.89   0.72   0.04   0.04   0.01   0.05   0.09   0.02   0.04   0.89   0.04   0.04   0.02   0.37   0.96   0.97   0.95   0.04   0.99   0.95   0.99   0.99   0.21   0.04   0.04   0.04   0.95   0.02   0.95   0.04   0.01   0.95   0.04   0.79   0.25   0.95   0.04   0.95   0.95   0.89   0.95   0.90   0.99   0.88   0.96   0.83   0.98   0.21   0.99   0.99   0.88   0.96   0.04   0.04   0.03   0.95   0.32   0.99   0.50   0.99   

0.54   0.58   0.53   0.32   0.50   0.54   0.52   0.65   0.50   0.61   0.38   0.21   0.40   0.44   0.67   0.31   0.38   0.56   0.30   0.47   0.59   0.65   0.40   0.43   0.52   0.59   0.58   0.59   0.50   0.53   0.50   0.36   0.49   0.29   0.48   0.59   0.37   0.35   0.50   0.29   0.25   0.55   0.60   0.59   0.12   0.73   0.24   0.50   0.51   0.30   0.45   0.65   0.29   0.24   0.55   0.41   0.31   0.30   0.49   0.34   0.50   0.40   0.43   0.45   0.39   0.50   0.22   0.41   0.39   0.25   0.63   0.23   0.38   0.28   0.50   0.26   0.40   0.60   
0.01   0.02   0.22   0.14   0.07   0.01   0.02   0.11   0.02   0.12   0.10   0.24   0.02   0.09   0.18   0.28   0.08   0.08   0.16   0.13   0.02   0.02   0.09   0.05   0.33   0.12   0.12   0.78   0.01   0.01   0.01   0.12   0.81   0.28   0.63   0.13   0.93   0.94   0.99   0.81   0.09   0.07   0.17   0.05   0.26   0.09   0.71   0.01   0.02   0.70   0.10   0.25   0.12   0.66   0.11   0.74   0.92   0.71   0.78   0.39   0.99   0.63   0.30   0.69   0.73   0.71   0.95   0.44   0.13   0.46   0.62   0.17   0.15   0.20   0.01   0.97   0.08   0.97   
0.01   0.01   0.25   0.32   0.07   0.01   0.01   0.06   0.01   0.08   0.16   0.72   0.04   0.13   0.11   0.62   0.15   0.07   0.39   0.17   0.01   0.01   0.15   0.06   0.38   0.11   0.09   0.75   0.01   0.01   0.01   0.24   0.83   0.66   0.71   0.11   0.97   0.98   0.99   0.94   0.31   0.06   0.14   0.04   0.86   0.04   0.92   0.01   0.02   0.88   0.13   0.19   0.32   0.90   0.10   0.85   0.98   0.87   0.84   0.73   0.99   0.73   0.47   0.75   0.85   0.72   0.99   0.70   0.23   0.88   0.46   0.53   0.28   0.54   0.01   0.99   0.13   0.97   
0.50   0.50   0.50   0.92   0.50   0.39   0.50   0.50   0.83   0.50   0.14   0.50   0.50   0.50   0.50   0.50   0.65   0.19   0.78   0.72   0.50   0.50   0.06   0.55   0.14   0.50   0.50   0.50   0.50   0.50   0.50   0.56   0.73   0.50   0.50   0.50   0.50   0.50   0.50   0.50   0.47   0.50   0.50   0.50   0.50   0.50   0.50   0.50   0.50   0.50   0.50   0.83   0.50   0.50   0.50   0.50   0.50   0.50   0.50   0.50   0.50   0.63   0.93   0.50   0.82   0.50   0.50   0.50   0.89   0.55   0.50   0.50   0.50   0.50   0.83   0.50   0.78   0.50   
0.04   0.02   0.02   0.91   0.06   0.01   0.01   0.04   0.05   0.04   0.04   0.99   0.04   0.04   0.04   0.92   0.16   0.01   0.85   0.65   0.04   0.04   0.01   0.04   0.06   0.02   0.04   0.88   0.04   0.04   0.02   0.30   0.94   0.97   0.95   0.04   0.99   0.95   0.99   0.99   0.27   0.04   0.04   0.04   0.95   0.02   0.95   0.04   0.01   0.95   0.04   0.83   0.24   0.95   0.04   0.95   0.95   0.88   0.95   0.90   0.99   0.83   0.95   0.83   0.98   0.20   0.99   0.99   0.84   0.96   0.04   0.04   0.03   0.95   0.27   0.99   0.43   0.99   

0.54   0.58   0.53   0.32   0.50   0.54   0.52   0.65   0.50   0.61   0.38   0.21   0.40   0.44   0.67   0.31   0.38   0.56   0.30   0.47   0.59   0.65   0.40   0.43   0.52   0.59   0.58   0.59   0.50   0.53   0.50   0.36   0.49   0.29   0.48   0.59   0.37   0.35   0.50   0.29   0.25   0.55   0.60   0.59   0.12   0.73   0.24   0.50   0.51   0.30   0.45   0.65   0.29   0.24   0.55   0.41   0.31   0.30   0.49   0.34   0.50   0.40   0.43   0.45   0.39   0.50   0.22   0.41   0.39   0.25   0.63   0.23   0.38   0.28   0.50   0.26   0.40   0.60   
0.01   0.01   0.19   0.12   0.06   0.01   0.01   0.09   0.02   0.10   0.08   0.30   0.02   0.08   0.15   0.35   0.07   0.07   0.14   0.12   0.01   0.02   0.08   0.04   0.29   0.11   0.10   0.81   0.01   0.01   0.01   0.11   0.83   0.35   0.68   0.11   0.86   0.94   0.99   0.81   0.08   0.06   0.15   0.04   0.29   0.07   0.74   0.01   0.02   0.61   0.08   0.22   0.10   0.43   0.09   0.67   0.93   0.74   0.80   0.33   0.99   0.45   0.38   0.73   0.77   0.75   0.96   0.38   0.11   0.39   0.44   0.14   0.13   0.17   0.01   0.87   0.06   0.94   
0.01   0.01   0.24   0.30   0.07   0.01   0.01   0.06   0.01   0.07   0.15   0.81   0.03   0.13   0.10   0.75   0.15   0.06   0.39   0.17   0.01   0.01   0.15   0.06   0.38   0.10   0.08   0.83   0.01   0.01   0.01   0.24   0.89   0.77   0.79   0.10   0.94   0.98   0.99   0.95   0.31   0.05   0.13   0.03   0.90   0.03   0.94   0.01   0.02   0.84   0.12   0.17   0.30   0.86   0.09   0.81   0.98   0.92   0.88   0.68   0.99   0.71   0.64   0.83   0.90   0.82   0.99   0.65   0.23   0.83   0.44   0.50   0.28   0.51   0.01   0.99   0.12   0.94   
0.50   0.50   0.50   0.91   0.50   0.50   0.50   0.50   0.80   0.50   0.13   0.50   0.50   0.50   0.50   0.50   0.70   0.26   0.83   0.75   0.50   0.50   0.07   0.55   0.15   0.50   0.50   0.50   0.50   0.50   0.50   0.68   0.74   0.50   0.50   0.50   0.50   0.50   0.50   0.50   0.58   0.50   0.50   0.50   0.50   0.50   0.50   0.50   0.50   0.50   0.50   0.86   0.50   0.50   0.50   0.50   0.50   0.50   0.50   0.50   0.50   0.72   0.96   0.50   0.78   0.50   0.50   0.50   0.91   0.71   0.50   0.50   0.50   0.50   0.84   0.50   0.80   0.50   
0.04   0.02   0.02   0.89   0.06   0.01   0.01   0.04   0.04   0.04   0.03   0.99   0.04   0.04   0.04   0.92   0.18   0.01   0.87   0.65   0.04   0.04   0.01   0.03   0.06   0.02   0.04   0.89   0.04   0.04   0.02   0.39   0.96   0.97   0.95   0.04   0.99   0.95   0.99   0.99   0.33   0.04   0.04   0.04   0.95   0.02   0.95   0.04   0.01   0.96   0.04   0.84   0.23   0.96   0.04   0.95   0.95   0.89   0.95   0.90   0.99   0.87   0.98   0.83   0.98   0.20   0.99   0.99   0.85   0.97   0.04   0.04   0.03   0.95   0.28   0.99   0.45   0.99   

0.54   0.58   0.53   0.32   0.50   0.54   0.52   0.65   0.50   0.61   0.38   0.21   0.40   0.44   0.67   0.31   0.38   0.56   0.30   0.47   0.59   0.65   0.40   0.43   0.52   0.59   0.58   0.59   0.50   0.53   0.50   0.36   0.49   0.29   0.48   0.59   0.37   0.35   0.50   0.29   0.25   0.55   0.60   0.59   0.12   0.73   0.24   0.50   0.51   0.30   0.45   0.65   0.29   0.24   0.55   0.41   0.31   0.30   0.49   0.34   0.50   0.40   0.43   0.45   0.39   0.50   0.22   0.41   0.39   0.25   0.63   0.23   0.38   0.28   0.50   0.26   0.40   0.60   
0.01   0.01   0.18   0.11   0.06   0.01   0.01   0.09   0.02   0.09   0.08   0.27   0.02   0.08   0.15   0.32   0.07   0.07   0.13   0.11   0.01   0.02   0.08   0.06   0.32   0.11   0.09   0.79   0.01   0.01   0.01   0.10   0.81   0.32   0.64   0.11   0.86   0.94   0.99   0.82   0.08   0.06   0.15   0.04   0.26   0.07   0.69   0.01   0.02   0.62   0.08   0.25   0.11   0.40   0.09   0.67   0.90   0.70   0.77   0.31   0.99   0.42   0.35   0.69   0.73   0.72   0.93   0.35   0.10   0.36   0.42   0.13   0.15   0.16   0.01   0.84   0.06   0.93   
0.01   0.01   0.22   0.28   0.06   0.01   0.01   0.05   0.01   0.07   0.14   0.78   0.03   0.12   0.09   0.71   0.14   0.06   0.36   0.16   0.01   0.01   0.14   0.09   0.41   0.10   0.08   0.80   0.01   0.01   0.01   0.22   0.87   0.73   0.76   0.09   0.94   0.98   0.99   0.95   0.29   0.05   0.13   0.03   0.88   0.03   0.92   0.01   0.02   0.85   0.11   0.21   0.33   0.84   0.09   0.82   0.97   0.90   0.85   0.64   0.99   0.68   0.59   0.80   0.87   0.79   0.99   0.62   0.21   0.80   0.41   0.47   0.31   0.48   0.01   0.99   0.11   0.92   
0.50   0.50   0.50   0.89   0.50   0.50   0.50   0.50   0.77   0.50   0.10   0.50   0.50   0.50   0.50   0.50   0.65   0.21   0.80   0.71   0.50   0.50   0.06   0.50   0.12   0.50   0.50   0.50   0.50   0.50   0.50   0.63   0.69   0.50   0.50   0.50   0.50   0.50   0.50   0.50   0.52   0.50   0.50   0.50   0.50   0.50   0.50   0.50   0.50   0.50   0.50   0.83   0.50   0.50   0.50   0.50   0.50   0.50   0.50   0.50   0.50   0.67   0.95   0.50   0.74   0.50   0.50   0.50   0.90   0.66   0.50   0.50   0.50   0.50   0.81   0.50   0.77   0.50   
0.04   0.02   0.02   0.86   0.06   0.01   0.01   0.04   0.03   0.04   0.02   0.99   0.04   0.04   0.04   0.92   0.14   0.01   0.82   0.38   0.04   0.04   0.01   0.02   0.04   0.02   0.04   0.88   0.04   0.04   0.01   0.32   0.95   0.97   0.95   0.04   0.99   0.95   0.99   0.99   0.26   0.04   0.04   0.04   0.95   0.01   0.95   0.04   0.01   0.96   0.04   0.79   0.22   0.96   0.04   0.95   0.95   0.88   0.95   0.90   0.99   0.84   0.98   0.82   0.98   0.20   0.99   0.99   0.81   0.96   0.04   0.04   0.03   0.95   0.24   0.99   0.38   0.99   

0.54   0.58   0.53   0.32   0.50   0.54   0.52   0.65   0.50   0.61   0.38   0.21   0.40   0.44   0.67   0.31   0.38   0.56   0.30   0.47   0.59   0.65   0.40   0.43   0.52   0.59   0.58   0.59   0.50   0.53   0.50   0.36   0.49   0.29   0.48   0.59   0.37   0.35   0.50   0.29   0.25   0.55   0.60   0.59   0.12   0.73   0.24   0.50   0.51   0.30   0.45   0.65   0.29   0.24   0.55   0.41   0.31   0.30   0.49   0.34   0.50   0.40   0.43   0.45   0.39   0.50   0.22   0.41   0.39   0.25   0.63   0.23   0.38   0.28   0.50   0.26   0.40   0.60   
0.01   0.01   0.18   0.11   0.06   0.01   0.01   0.09   0.02   0.09   0.08   0.27   0.02   0.08   0.14   0.33   0.07   0.07   0.13   0.11   0.01   0.02   0.07   0.06   0.32   0.11   0.09   0.79   0.01   0.01   0.01   0.10   0.81   0.32   0.64   0.10   0.86   0.94   0.99   0.82   0.08   0.06   0.14   0.04   0.26   0.07   0.70   0.01   0.02   0.62   0.08   0.25   0.11   0.40   0.09   0.67   0.91   0.70   0.77   0.31   0.99   0.42   0.35   0.69   0.73   0.72   0.94   0.35   0.10   0.36   0.42   0.13   0.15   0.16   0.01   0.85   0.06   0.93   
0.01   0.01   0.23   0.28   0.07   0.01   0.01   0.06   0.01   0.07   0.15   0.78   0.03   0.12   0.10   0.71   0.15   0.06   0.38   0.16   0.01   0.01   0.14   0.10   0.42   0.10   0.08   0.80   0.01   0.01   0.01   0.23   0.87   0.74   0.76   0.10   0.94   0.98   0.99   0.95   0.30   0.05   0.13   0.03   0.88   0.03   0.92   0.01   0.02   0.85   0.12   0.22   0.34   0.85   0.10   0.82   0.97   0.90   0.86   0.66   0.99   0.69   0.61   0.80   0.87   0.79   0.99   0.63   0.22   0.81   0.43   0.48   0.32   0.48   0.01   0.99   0.12   0.92   
0.50   0.50   0.50   0.89   0.50   0.50   0.50   0.50   0.79   0.50   0.12   0.50   0.50   0.50   0.50   0.50   0.65   0.19   0.82   0.72   0.50   0.50   0.50   0.52   0.12   0.50   0.50   0.50   0.50   0.50   0.50   0.66   0.73   0.50   0.50   0.50   0.50   0.50   0.50   0.50   0.56   0.50   0.50   0.50   0.50   0.50   0.50   0.50   0.50   0.50   0.50   0.82   0.50   0.50   0.50   0.50   0.50   0.50   0.50   0.50   0.50   0.72   0.96   0.50   0.73   0.50   0.50   0.50   0.90   0.66   0.50   0.50   0.50   0.50   0.84   0.50   0.76   0.50   
0.04   0.02   0.02   0.86   0.06   0.01   0.01   0.04   0.04   0.04   0.02   0.99   0.04   0.04   0.04   0.92   0.14   0.01   0.84   0.38   0.04   0.04   0.10   0.02   0.04   0.02   0.04   0.89   0.04   0.04   0.02   0.35   0.96   0.97   0.95   0.04   0.99   0.95   0.99   0.99   0.28   0.04   0.04   0.04   0.95   0.02   0.95   0.04   0.01   0.96   0.04   0.77   0.22   0.96   0.04   0.95   0.95   0.89   0.95   0.90   0.99   0.86   0.98   0.82   0.98   0.20   0.99   0.99   0.82   0.95   0.04   0.04   0.03   0.95   0.27   0.99   0.35   0.99   

0.54   0.58   0.53   0.32   0.50   0.54   0.52   0.65   0.50   0.61   0.38   0.21   0.40   0.44   0.67   0.31   0.38   0.56   0.30   0.47   0.59   0.65   0.40   0.43   0.52   0.59   0.58   0.59   0.50   0.53   0.50   0.36   0.49   0.29   0.48   0.59   0.37   0.35   0.50   0.29   0.25   0.55   0.60   0.59   0.12   0.73   0.24   0.50   0.51   0.30   0.45   0.65   0.29   0.24   0.55   0.41   0.31   0.30   0.49   0.34   0.50   0.40   0.43   0.45   0.39   0.50   0.22   0.41   0.39   0.25   0.63   0.23   0.38   0.28   0.50   0.26   0.40   0.60   
0.01   0.01   0.15   0.09   0.05   0.01   0.01   0.07   0.01   0.09   0.06   0.28   0.01   0.06   0.12   0.22   0.12   0.06   0.11   0.09   0.01   0.02   0.06   0.12   0.44   0.09   0.07   0.82   0.01   0.01   0.01   0.08   0.84   0.22   0.71   0.08   0.88   0.96   0.99   0.85   0.06   0.05   0.11   0.03   0.30   0.06   0.74   0.01   0.01   0.66   0.07   0.35   0.09   0.46   0.09   0.74   0.93   0.74   0.81   0.36   0.99   0.49   0.41   0.73   0.78   0.77   0.95   0.41   0.09   0.41   0.62   0.17   0.12   0.12   0.01   0.88   0.12   0.94   
0.01   0.01   0.19   0.24   0.06   0.01   0.01   0.05   0.01   0.08   0.13   0.78   0.03   0.10   0.08   0.56   0.25   0.06   0.31   0.14   0.01   0.01   0.11   0.21   0.52   0.08   0.07   0.82   0.01   0.01   0.01   0.18   0.89   0.59   0.80   0.08   0.95   0.99   0.99   0.96   0.23   0.05   0.10   0.03   0.89   0.03   0.93   0.01   0.02   0.87   0.11   0.33   0.28   0.87   0.10   0.86   0.98   0.91   0.88   0.70   0.99   0.75   0.66   0.82   0.90   0.83   0.99   0.68   0.20   0.84   0.53   0.57   0.27   0.37   0.01   0.99   0.24   0.94   
0.50   0.50   0.50   0.88   0.50   0.50   0.50   0.50   0.78   0.50   0.12   0.50   0.50   0.50   0.50   0.50   0.63   0.19   0.81   0.70   0.50   0.50   0.50   0.51   0.12   0.50   0.50   0.50   0.50   0.50   0.50   0.65   0.71   0.50   0.50   0.50   0.50   0.50   0.50   0.50   0.54   0.50   0.50   0.50   0.50   0.50   0.50   0.50   0.50   0.50   0.50   0.80   0.50   0.50   0.50   0.50   0.50   0.50   0.50   0.50   0.50   0.70   0.95   0.50   0.72   0.50   0.50   0.50   0.89   0.64   0.50   0.50   0.50   0.50   0.83   0.50   0.74   0.50   
0.04   0.02   0.02   0.79   0.06   0.01   0.01   0.04   0.03   0.04   0.02   0.99   0.04   0.04   0.04   0.92   0.19   0.01   0.77   0.31   0.04   0.04   0.09   0.07   0.06   0.02   0.04   0.88   0.04   0.04   0.01   0.28   0.95   0.97   0.95   0.04   0.99   0.95   0.99   0.99   0.23   0.04   0.04   0.04   0.95   0.01   0.95   0.04   0.01   0.96   0.04   0.79   0.22   0.95   0.04   0.95   0.95   0.88   0.95   0.89   0.99   0.86   0.98   0.82   0.97   0.20   0.99   0.99   0.76   0.95   0.04   0.04   0.03   0.95   0.23   0.99   0.42   0.99   

0.54   0.58   0.53   0.32   0.50   0.54   0.52   0.65   0.50   0.61   0.38   0.21   0.40   0.44   0.67   0.31   0.38   0.56   0.30   0.47   0.59   0.65   0.40   0.43   0.52   0.59   0.58   0.59   0.50   0.53   0.50   0.36   0.49   0.29   0.48   0.59   0.37   0.35   0.50   0.29   0.25   0.55   0.60   0.59   0.12   0.73   0.24   0.50   0.51   0.30   0.45   0.65   0.29   0.24   0.55   0.41   0.31   0.30   0.49   0.34   0.50   0.40   0.43   0.45   0.39   0.50   0.22   0.41   0.39   0.25   0.63   0.23   0.38   0.28   0.50   0.26   0.40   0.60   
0.01   0.03   0.18   0.11   0.05   0.01   0.01   0.07   0.01   0.08   0.06   0.31   0.03   0.06   0.12   0.26   0.11   0.06   0.13   0.09   0.01   0.02   0.08   0.11   0.52   0.12   0.10   0.83   0.01   0.01   0.01   0.10   0.81   0.23   0.67   0.12   0.88   0.96   0.99   0.85   0.07   0.05   0.11   0.03   0.31   0.06   0.74   0.01   0.01   0.61   0.07   0.34   0.09   0.42   0.09   0.70   0.93   0.75   0.78   0.38   0.99   0.62   0.44   0.75   0.78   0.78   0.95   0.44   0.09   0.42   0.49   0.16   0.12   0.12   0.01   0.83   0.11   0.92   
0.01   0.02   0.22   0.27   0.05   0.01   0.01   0.04   0.01   0.07   0.11   0.80   0.05   0.09   0.08   0.60   0.23   0.05   0.34   0.13   0.01   0.01   0.14   0.19   0.54   0.11   0.09   0.83   0.01   0.01   0.01   0.22   0.87   0.57   0.77   0.11   0.95   0.99   0.99   0.96   0.27   0.04   0.09   0.02   0.90   0.02   0.94   0.01   0.01   0.84   0.10   0.30   0.26   0.84   0.09   0.83   0.98   0.92   0.85   0.72   0.99   0.76   0.69   0.84   0.90   0.84   0.99   0.70   0.18   0.84   0.49   0.53   0.25   0.35   0.01   0.99   0.21   0.92   
0.50   0.50   0.50   0.92   0.50   0.50   0.50   0.50   0.83   0.50   0.10   0.50   0.50   0.50   0.50   0.50   0.68   0.18   0.86   0.75   0.50   0.50   0.50   0.54   0.10   0.50   0.50   0.50   0.50   0.50   0.50   0.69   0.76   0.50   0.50   0.50   0.50   0.50   0.50   0.50   0.58   0.50   0.50   0.50   0.50   0.50   0.50   0.50   0.50   0.50   0.50   0.85   0.50   0.50   0.50   0.50   0.50   0.50   0.50   0.50   0.50   0.75   0.97   0.50   0.77   0.50   0.50   0.50   0.93   0.69   0.50   0.50   0.50   0.50   0.87   0.50   0.79   0.50   
0.04   0.02   0.02   0.92   0.06   0.01   0.01   0.04   0.04   0.04   0.02   0.99   0.04   0.04   0.04   0.93   0.21   0.01   0.89   0.35   0.04   0.04   0.11   0.06   0.07   0.02   0.04   0.91   0.04   0.04   0.01   0.64   0.95   0.97   0.96   0.04   0.99   0.96   0.99   0.99   0.41   0.04   0.04   0.04   0.96   0.01   0.96   0.04   0.01   0.96   0.04   0.83   0.22   0.96   0.04   0.96   0.96   0.91   0.96   0.92   0.99   0.92   0.99   0.85   0.98   0.21   0.99   0.99   0.83   0.97   0.04   0.04   0.03   0.96   0.28   0.99   0.44   0.99   

0.54   0.58   0.53   0.32   0.50   0.54   0.52   0.65   0.50   0.61   0.38   0.21   0.40   0.44   0.67   0.31   0.38   0.56   0.30   0.47   0.59   0.65   0.40   0.43   0.52   0.59   0.58   0.59   0.50   0.53   0.50   0.36   0.49   0.29   0.48   0.59   0.37   0.35   0.50   0.29   0.25   0.55   0.60   0.59   0.12   0.73   0.24   0.50   0.51   0.30   0.45   0.65   0.29   0.24   0.55   0.41   0.31   0.30   0.49   0.34   0.50   0.40   0.43   0.45   0.39   0.50   0.22   0.41   0.39   0.25   0.63   0.23   0.38   0.28   0.50   0.26   0.40   0.60   
0.01   0.03   0.18   0.11   0.05   0.01   0.01   0.07   0.01   0.08   0.06   0.31   0.03   0.06   0.12   0.26   0.11   0.06   0.13   0.09   0.01   0.02   0.08   0.11   0.52   0.12   0.10   0.83   0.01   0.01   0.01   0.10   0.81   0.23   0.67   0.12   0.88   0.96   0.99   0.85   0.07   0.05   0.11   0.03   0.31   0.06   0.74   0.01   0.01   0.61   0.07   0.34   0.09   0.42   0.09   0.70   0.93   0.75   0.78   0.38   0.99   0.62   0.44   0.75   0.78   0.78   0.95   0.44   0.09   0.42   0.49   0.16   0.12   0.12   0.01   0.83   0.11   0.92   
0.01   0.02   0.22   0.27   0.05   0.01   0.01   0.04   0.01   0.07   0.11   0.80   0.05   0.09   0.08   0.60   0.23   0.05   0.34   0.13   0.01   0.01   0.14   0.19   0.54   0.11   0.09   0.83   0.01   0.01   0.01   0.22   0.87   0.57   0.77   0.11   0.95   0.99   0.99   0.96   0.27   0.04   0.09   0.02   0.90   0.02   0.94   0.01   0.01   0.84   0.10   0.30   0.26   0.84   0.09   0.83   0.98   0.92   0.85   0.72   0.99   0.76   0.69   0.84   0.90   0.84   0.99   0.70   0.18   0.84   0.49   0.53   0.25   0.35   0.01   0.99   0.21   0.92   
0.50   0.50   0.50   0.76   0.50   0.50   0.50   0.50   0.69   0.50   0.10   0.50   0.50   0.50   0.50   0.50   0.49   0.50   0.81   0.73   0.50   0.50   0.50   0.55   0.08   0.50   0.50   0.50   0.50   0.50   0.50   0.57   0.69   0.50   0.50   0.50   0.50   0.50   0.50   0.50   0.55   0.50   0.50   0.50   0.50   0.50   0.50   0.50   0.50   0.50   0.50   0.68   0.50   0.50   0.50   0.50   0.50   0.50   0.50   0.50   0.50   0.71   0.95   0.50   0.70   0.50   0.50   0.50   0.85   0.64   0.50   0.50   0.50   0.50   0.88   0.50   0.80   0.50   
0.04   0.02   0.02   0.67   0.06   0.01   0.01   0.04   0.02   0.04   0.01   0.99   0.04   0.04   0.04   0.91   0.09   0.02   0.79   0.27   0.04   0.04   0.09   0.06   0.05   0.02   0.04   0.88   0.04   0.04   0.01   0.30   0.91   0.96   0.94   0.04   0.99   0.94   0.99   0.99   0.30   0.04   0.04   0.04   0.94   0.01   0.94   0.04   0.01   0.95   0.04   0.41   0.19   0.94   0.04   0.94   0.94   0.88   0.94   0.87   0.99   0.87   0.98   0.80   0.97   0.23   0.99   0.99   0.44   0.94   0.04   0.04   0.03   0.94   0.25   0.99   0.38   0.99   

0.00   0.00   0.00   0.00   0.00   0.00   0.00   0.00   0.00   0.00   0.00   0.00   0.00   0.00   0.00   0.00   0.00   0.00   0.00   0.00   0.00   0.00   0.00   0.00   0.00   0.00   0.00   0.00   0.00   0.00   0.00   0.00   1.00   0.00   1.00   0.00   1.00   1.00   1.00   1.00   0.00   0.00   0.00   0.00   1.00   0.00   1.00   1.00   0.00   1.00   0.00   1.00   1.00   1.00   1.00   1.00   1.00   1.00   1.00   1.00   1.00   1.00   1.00   1.00   1.00   1.00   1.00   1.00   1.00   1.00   1.00   1.00   1.00   1.00   1.00   1.00   1.00   1.00   