5.00   5.00   5.00   5.00   5.00   5.00   5.00   5.00   5.00   5.00   5.00   5.00   5.00   5.00   5.00   5.00   5.00   5.00   5.00   5.00   5.00   5.00   5.00   5.00   5.00   5.00   5.00   5.00   5.00   5.00   5.00   5.00   5.00   5.00   5.00   5.00   5.00   5.00   5.00   5.00   5.00   5.00   5.00   5.00   5.00   5.00   5.00   5.00   5.00   5.00   5.00   5.00   5.00   5.00   5.00   5.00   5.00   5.00   5.00   5.00   5.00   5.00   5.00   5.00   5.00   5.00   5.00   5.00   5.00   5.00   5.00   5.00   5.00   5.00   5.00   5.00   5.00   5.00   
0.05   0.05   0.05   0.93   0.05   0.05   0.05   0.05   0.05   0.75   0.75   0.75   0.75   0.05   0.05   0.05   0.05   0.05   0.05   0.05   0.05   0.05   0.05   0.05   0.05   0.93   0.05   0.05   0.05   0.05   0.05   0.05   0.05   0.93   0.93   0.05   0.05   0.75   0.98   0.93   0.98   0.75   0.05   0.05   0.05   0.75   0.75   0.98   0.93   0.93   0.98   0.75   0.93   0.05   0.05   0.75   0.98   0.93   0.05   0.93   0.93   0.98   0.93   0.05   0.75   0.98   0.93   0.75   0.93   0.93   0.05   0.98   0.05   0.05   0.75   0.93   0.05   0.98   
0.05   0.05   0.05   0.93   0.05   0.05   0.05   0.05   0.05   0.75   0.75   0.75   0.75   0.05   0.05   0.05   0.05   0.05   0.05   0.05   0.05   0.05   0.05   0.05   0.05   0.93   0.05   0.05   0.05   0.05   0.05   0.05   0.05   0.93   0.93   0.05   0.05   0.75   0.98   0.93   0.98   0.75   0.05   0.05   0.05   0.75   0.75   0.98   0.93   0.93   0.98   0.75   0.93   0.05   0.05   0.75   0.98   0.93   0.05   0.93   0.93   0.98   0.93   0.05   0.75   0.98   0.93   0.75   0.93   0.93   0.05   0.98   0.05   0.05   0.75   0.93   0.05   0.98   
0.19   0.23   0.25   0.39   0.32   0.22   0.44   0.08   0.17   0.27   0.36   0.44   0.52   0.36   0.13   0.43   0.34   0.27   0.20   0.15   0.15   0.40   0.24   0.27   0.22   0.77   0.27   0.10   0.15   0.29   0.43   0.12   0.15   0.33   0.63   0.71   0.64   0.14   0.92   0.79   0.47   0.93   0.21   0.20   0.21   0.32   0.17   0.76   0.73   0.66   0.46   0.81   0.33   0.15   0.10   0.44   0.32   0.34   0.33   0.56   0.74   0.74   0.40   0.90   0.30   0.39   0.53   0.31   0.62   0.90   0.75   0.44   0.87   0.40   0.79   0.65   0.84   0.80   
0.01   0.01   0.01   0.94   0.02   0.01   0.03   0.00   0.01   0.71   0.79   0.84   0.88   0.02   0.01   0.03   0.02   0.02   0.01   0.01   0.01   0.03   0.01   0.02   0.01   0.99   0.02   0.00   0.01   0.02   0.03   0.01   0.01   0.92   0.97   0.86   0.82   0.19   1.00   0.99   0.98   0.99   0.01   0.01   0.01   0.76   0.58   1.00   0.98   0.98   0.98   0.97   0.92   0.01   0.00   0.84   0.97   0.92   0.02   0.97   0.98   1.00   0.94   0.96   0.74   0.98   0.96   0.75   0.97   1.00   0.88   0.98   0.94   0.03   0.96   0.98   0.93   1.00   

5.00   5.00   5.00   5.00   5.00   5.00   5.00   5.00   5.00   5.00   5.00   5.00   5.00   5.00   5.00   5.00   5.00   5.00   5.00   5.00   5.00   5.00   5.00   5.00   5.00   5.00   5.00   5.00   5.00   5.00   5.00   5.00   5.00   5.00   5.00   5.00   5.00   5.00   5.00   5.00   5.00   5.00   5.00   5.00   5.00   5.00   5.00   5.00   5.00   5.00   5.00   5.00   5.00   5.00   5.00   5.00   5.00   5.00   5.00   5.00   5.00   5.00   5.00   5.00   5.00   5.00   5.00   5.00   5.00   5.00   5.00   5.00   5.00   5.00   5.00   5.00   5.00   5.00   
0.04   0.04   0.04   0.63   0.86   0.04   0.04   0.04   0.04   0.53   0.92   0.53   0.53   0.04   0.04   0.04   0.04   0.04   0.04   0.04   0.04   0.86   0.86   0.04   0.04   0.63   0.86   0.04   0.04   0.04   0.04   0.86   0.04   0.95   0.63   0.04   0.86   0.53   0.99   0.95   0.99   0.53   0.04   0.04   0.04   0.92   0.53   0.99   0.95   0.95   0.76   0.92   0.63   0.86   0.04   0.53   0.76   0.63   0.86   0.63   0.95   0.99   0.95   0.86   0.92   0.76   0.95   0.53   0.95   0.63   0.04   0.76   0.04   0.04   0.92   0.63   0.86   0.99   
0.04   0.04   0.04   0.63   0.86   0.04   0.04   0.04   0.04   0.53   0.92   0.53   0.53   0.04   0.04   0.04   0.04   0.04   0.04   0.04   0.04   0.86   0.86   0.04   0.04   0.63   0.86   0.04   0.04   0.04   0.04   0.86   0.04   0.95   0.63   0.04   0.86   0.53   0.99   0.95   0.99   0.53   0.04   0.04   0.04   0.92   0.53   0.99   0.95   0.95   0.76   0.92   0.63   0.86   0.04   0.53   0.76   0.63   0.86   0.63   0.95   0.99   0.95   0.86   0.92   0.76   0.95   0.53   0.95   0.63   0.04   0.76   0.04   0.04   0.92   0.63   0.86   0.99   
0.11   0.16   0.19   0.35   0.26   0.18   0.37   0.50   0.13   0.14   0.38   0.51   0.51   0.37   0.50   0.41   0.26   0.17   0.22   0.06   0.06   0.34   0.20   0.19   0.13   0.91   0.32   0.50   0.06   0.25   0.58   0.50   0.04   0.27   0.67   0.84   0.77   0.06   0.50   0.94   0.51   0.99   0.10   0.13   0.12   0.29   0.06   0.50   0.91   0.77   0.37   0.95   0.19   0.12   0.50   0.50   0.19   0.29   0.35   0.68   0.89   0.50   0.32   0.97   0.33   0.47   0.63   0.24   0.70   0.50   0.84   0.50   0.94   0.42   0.89   0.73   0.95   0.50   
0.00   0.01   0.01   0.88   0.19   0.01   0.02   0.04   0.01   0.06   0.80   0.77   0.77   0.02   0.04   0.02   0.01   0.01   0.01   0.00   0.00   0.67   0.14   0.01   0.01   0.99   0.23   0.04   0.00   0.01   0.05   0.04   0.00   0.92   0.97   0.89   0.93   0.02   0.99   1.00   0.99   1.00   0.00   0.01   0.01   0.73   0.02   0.99   1.00   0.99   0.93   0.99   0.72   0.08   0.04   0.77   0.84   0.85   0.69   0.97   1.00   0.99   0.94   0.99   0.76   0.96   0.98   0.10   0.99   0.96   0.89   0.96   0.96   0.03   0.98   0.97   0.99   0.99   

5.00   5.00   5.00   5.00   5.00   5.00   5.00   5.00   5.00   5.00   5.00   5.00   5.00   5.00   5.00   5.00   5.00   5.00   5.00   5.00   5.00   5.00   5.00   5.00   5.00   5.00   5.00   5.00   5.00   5.00   5.00   5.00   5.00   5.00   5.00   5.00   5.00   5.00   5.00   5.00   5.00   5.00   5.00   5.00   5.00   5.00   5.00   5.00   5.00   5.00   5.00   5.00   5.00   5.00   5.00   5.00   5.00   5.00   5.00   5.00   5.00   5.00   5.00   5.00   5.00   5.00   5.00   5.00   5.00   5.00   5.00   5.00   5.00   5.00   5.00   5.00   5.00   5.00   
0.03   0.03   0.03   0.35   0.67   0.03   0.03   0.03   0.03   0.17   0.74   0.17   0.17   0.03   0.03   0.53   0.03   0.03   0.03   0.03   0.03   0.67   0.88   0.03   0.03   0.35   0.67   0.03   0.03   0.03   0.03   0.67   0.03   0.81   0.67   0.03   0.88   0.17   0.99   0.97   0.87   0.61   0.03   0.03   0.03   0.74   0.17   0.87   0.81   0.81   0.47   0.74   0.35   0.67   0.03   0.17   0.73   0.35   0.88   0.35   0.97   0.99   0.97   0.67   0.93   0.47   0.97   0.17   0.97   0.35   0.03   0.47   0.53   0.53   0.74   0.35   0.88   0.99   
0.03   0.03   0.03   0.35   0.67   0.03   0.03   0.03   0.03   0.17   0.74   0.17   0.17   0.03   0.03   0.53   0.03   0.03   0.03   0.03   0.03   0.67   0.88   0.03   0.03   0.35   0.67   0.03   0.03   0.03   0.03   0.67   0.03   0.81   0.67   0.03   0.88   0.17   0.99   0.97   0.87   0.61   0.03   0.03   0.03   0.74   0.17   0.87   0.81   0.81   0.47   0.74   0.35   0.67   0.03   0.17   0.73   0.35   0.88   0.35   0.97   0.99   0.97   0.67   0.93   0.47   0.97   0.17   0.97   0.35   0.03   0.47   0.53   0.53   0.74   0.35   0.88   0.99   
0.50   0.12   0.09   0.36   0.32   0.14   0.30   0.50   0.50   0.05   0.35   0.38   0.49   0.32   0.50   0.33   0.19   0.07   0.19   0.50   0.50   0.43   0.20   0.06   0.50   0.98   0.22   0.50   0.50   0.14   0.52   0.50   0.50   0.24   0.77   0.92   0.76   0.04   0.50   0.50   0.61   0.50   0.50   0.50   0.50   0.34   0.03   0.50   0.50   0.87   0.35   0.97   0.14   0.06   0.50   0.60   0.22   0.18   0.24   0.80   0.50   0.50   0.37   0.99   0.53   0.35   0.73   0.23   0.77   0.50   0.84   0.44   0.97   0.50   0.95   0.72   0.98   0.50   
0.04   0.01   0.00   0.33   0.30   0.01   0.02   0.04   0.04   0.02   0.68   0.15   0.21   0.02   0.04   0.28   0.01   0.00   0.01   0.04   0.04   0.42   0.38   0.00   0.04   0.99   0.21   0.04   0.04   0.01   0.04   0.04   0.04   0.70   0.94   0.87   0.95   0.01   0.99   0.95   0.95   0.61   0.04   0.04   0.04   0.67   0.01   0.99   0.95   0.98   0.65   0.99   0.12   0.06   0.04   0.64   0.70   0.16   0.67   0.90   0.95   0.99   0.94   1.00   0.92   0.66   0.99   0.08   0.99   0.93   0.76   0.73   0.99   0.44   0.99   0.86   1.00   0.99   

5.00   5.00   5.00   5.00   5.00   5.00   5.00   5.00   5.00   5.00   5.00   5.00   5.00   5.00   5.00   5.00   5.00   5.00   5.00   5.00   5.00   5.00   5.00   5.00   5.00   5.00   5.00   5.00   5.00   5.00   5.00   5.00   5.00   5.00   5.00   5.00   5.00   5.00   5.00   5.00   5.00   5.00   5.00   5.00   5.00   5.00   5.00   5.00   5.00   5.00   5.00   5.00   5.00   5.00   5.00   5.00   5.00   5.00   5.00   5.00   5.00   5.00   5.00   5.00   5.00   5.00   5.00   5.00   5.00   5.00   5.00   5.00   5.00   5.00   5.00   5.00   5.00   5.00   
0.03   0.03   0.03   0.65   0.36   0.03   0.03   0.03   0.03   0.12   0.47   0.12   0.12   0.03   0.03   0.34   0.03   0.03   0.03   0.03   0.03   0.36   0.58   0.03   0.03   0.87   0.36   0.03   0.03   0.03   0.03   0.36   0.03   0.77   0.93   0.66   0.82   0.12   0.99   0.98   0.96   0.46   0.03   0.03   0.03   0.47   0.12   0.96   0.94   0.94   0.71   0.47   0.65   0.36   0.03   0.12   0.80   0.87   0.58   0.87   0.98   0.88   0.85   0.36   0.64   0.90   0.85   0.12   0.98   0.65   0.03   0.90   0.34   0.34   0.47   0.65   0.58   0.99   
0.03   0.03   0.03   0.65   0.36   0.03   0.03   0.03   0.03   0.12   0.47   0.12   0.12   0.03   0.03   0.34   0.03   0.03   0.03   0.03   0.03   0.36   0.58   0.03   0.03   0.87   0.36   0.03   0.03   0.03   0.03   0.36   0.03   0.77   0.93   0.66   0.82   0.12   0.99   0.98   0.96   0.46   0.03   0.03   0.03   0.47   0.12   0.96   0.94   0.94   0.71   0.47   0.65   0.36   0.03   0.12   0.80   0.87   0.58   0.87   0.98   0.88   0.85   0.36   0.64   0.90   0.85   0.12   0.98   0.65   0.03   0.90   0.34   0.34   0.47   0.65   0.58   0.99   
0.50   0.50   0.50   0.26   0.20   0.50   0.23   0.50   0.50   0.03   0.30   0.30   0.39   0.28   0.50   0.34   0.13   0.50   0.13   0.50   0.50   0.29   0.15   0.50   0.50   0.98   0.09   0.50   0.50   0.50   0.35   0.50   0.50   0.14   0.66   0.92   0.68   0.03   0.50   0.50   0.45   0.50   0.50   0.50   0.50   0.24   0.01   0.50   0.50   0.85   0.27   0.96   0.11   0.04   0.50   0.51   0.15   0.14   0.14   0.77   0.50   0.50   0.29   0.50   0.33   0.29   0.67   0.22   0.63   0.50   0.79   0.43   0.98   0.34   0.93   0.67   0.50   0.50   
0.03   0.02   0.02   0.20   0.05   0.02   0.01   0.03   0.03   0.00   0.14   0.03   0.05   0.01   0.03   0.09   0.00   0.02   0.00   0.03   0.03   0.08   0.09   0.02   0.03   1.00   0.02   0.03   0.03   0.02   0.01   0.03   0.03   0.17   0.97   0.97   0.93   0.00   0.98   0.96   0.96   0.53   0.03   0.03   0.03   0.10   0.00   0.98   0.96   0.99   0.26   0.97   0.08   0.01   0.03   0.08   0.22   0.33   0.09   0.96   0.96   0.98   0.71   0.19   0.55   0.82   0.92   0.02   0.99   0.94   0.08   0.90   0.98   0.09   0.95   0.81   0.76   0.98   

5.00   5.00   5.00   5.00   5.00   5.00   5.00   5.00   5.00   5.00   5.00   5.00   5.00   5.00   5.00   5.00   5.00   5.00   5.00   5.00   5.00   5.00   5.00   5.00   5.00   5.00   5.00   5.00   5.00   5.00   5.00   5.00   5.00   5.00   5.00   5.00   5.00   5.00   5.00   5.00   5.00   5.00   5.00   5.00   5.00   5.00   5.00   5.00   5.00   5.00   5.00   5.00   5.00   5.00   5.00   5.00   5.00   5.00   5.00   5.00   5.00   5.00   5.00   5.00   5.00   5.00   5.00   5.00   5.00   5.00   5.00   5.00   5.00   5.00   5.00   5.00   5.00   5.00   
0.03   0.03   0.03   0.58   0.29   0.03   0.03   0.03   0.03   0.11   0.43   0.11   0.11   0.03   0.03   0.34   0.03   0.03   0.03   0.03   0.03   0.29   0.71   0.03   0.03   0.84   0.29   0.03   0.03   0.03   0.03   0.29   0.03   0.71   0.95   0.66   0.88   0.11   0.99   0.99   0.93   0.65   0.03   0.03   0.03   0.43   0.11   0.93   0.90   0.95   0.65   0.64   0.58   0.29   0.03   0.48   0.77   0.90   0.56   0.90   0.95   0.84   0.81   0.29   0.63   0.87   0.81   0.11   0.95   0.58   0.03   0.87   0.34   0.59   0.43   0.58   0.56   0.97   
0.03   0.03   0.03   0.58   0.29   0.03   0.03   0.03   0.03   0.11   0.43   0.11   0.11   0.03   0.03   0.34   0.03   0.03   0.03   0.03   0.03   0.29   0.71   0.03   0.03   0.84   0.29   0.03   0.03   0.03   0.03   0.29   0.03   0.71   0.95   0.66   0.88   0.11   0.99   0.99   0.93   0.65   0.03   0.03   0.03   0.43   0.11   0.93   0.90   0.95   0.65   0.64   0.58   0.29   0.03   0.48   0.77   0.90   0.56   0.90   0.95   0.84   0.81   0.29   0.63   0.87   0.81   0.11   0.95   0.58   0.03   0.87   0.34   0.59   0.43   0.58   0.56   0.97   
0.50   0.50   0.50   0.30   0.23   0.50   0.26   0.50   0.50   0.50   0.29   0.28   0.44   0.26   0.50   0.30   0.50   0.50   0.50   0.50   0.50   0.29   0.13   0.50   0.50   0.50   0.11   0.50   0.50   0.50   0.25   0.50   0.50   0.15   0.67   0.93   0.76   0.50   0.50   0.50   0.39   0.50   0.50   0.50   0.50   0.25   0.50   0.50   0.50   0.78   0.27   0.97   0.13   0.02   0.50   0.47   0.16   0.16   0.14   0.78   0.50   0.50   0.33   0.50   0.39   0.26   0.67   0.26   0.64   0.50   0.80   0.35   0.99   0.36   0.94   0.65   0.50   0.50   
0.03   0.02   0.02   0.17   0.06   0.02   0.01   0.03   0.03   0.09   0.12   0.03   0.07   0.01   0.03   0.09   0.02   0.02   0.02   0.03   0.03   0.07   0.16   0.02   0.03   0.85   0.02   0.03   0.03   0.02   0.01   0.03   0.03   0.14   0.97   0.96   0.97   0.09   0.98   0.95   0.87   0.53   0.03   0.03   0.03   0.10   0.09   0.98   0.95   0.98   0.19   0.99   0.06   0.00   0.03   0.29   0.19   0.39   0.09   0.97   0.95   0.98   0.65   0.19   0.57   0.46   0.89   0.03   0.97   0.93   0.09   0.75   0.98   0.28   0.95   0.70   0.78   0.98   

5.00   5.00   5.00   5.00   5.00   5.00   5.00   5.00   5.00   5.00   5.00   5.00   5.00   5.00   5.00   5.00   5.00   5.00   5.00   5.00   5.00   5.00   5.00   5.00   5.00   5.00   5.00   5.00   5.00   5.00   5.00   5.00   5.00   5.00   5.00   5.00   5.00   5.00   5.00   5.00   5.00   5.00   5.00   5.00   5.00   5.00   5.00   5.00   5.00   5.00   5.00   5.00   5.00   5.00   5.00   5.00   5.00   5.00   5.00   5.00   5.00   5.00   5.00   5.00   5.00   5.00   5.00   5.00   5.00   5.00   5.00   5.00   5.00   5.00   5.00   5.00   5.00   5.00   
0.02   0.02   0.02   0.45   0.24   0.02   0.02   0.02   0.02   0.09   0.45   0.09   0.09   0.02   0.02   0.24   0.02   0.02   0.02   0.02   0.02   0.35   0.68   0.02   0.10   0.80   0.24   0.02   0.02   0.02   0.02   0.35   0.02   0.61   0.91   0.56   0.83   0.21   0.99   0.98   0.92   0.55   0.02   0.02   0.02   0.34   0.09   0.89   0.86   0.95   0.52   0.55   0.45   0.35   0.02   0.37   0.67   0.85   0.54   0.85   0.93   0.78   0.73   0.24   0.54   0.80   0.73   0.09   0.93   0.45   0.02   0.80   0.24   0.48   0.34   0.45   0.46   0.95   
0.02   0.02   0.02   0.45   0.24   0.02   0.02   0.02   0.02   0.09   0.45   0.09   0.09   0.02   0.02   0.24   0.02   0.02   0.02   0.02   0.02   0.35   0.68   0.02   0.10   0.80   0.24   0.02   0.02   0.02   0.02   0.35   0.02   0.61   0.91   0.56   0.83   0.21   0.99   0.98   0.92   0.55   0.02   0.02   0.02   0.34   0.09   0.89   0.86   0.95   0.52   0.55   0.45   0.35   0.02   0.37   0.67   0.85   0.54   0.85   0.93   0.78   0.73   0.24   0.54   0.80   0.73   0.09   0.93   0.45   0.02   0.80   0.24   0.48   0.34   0.45   0.46   0.95   
0.50   0.50   0.50   0.28   0.21   0.50   0.28   0.50   0.50   0.50   0.35   0.31   0.46   0.25   0.50   0.29   0.50   0.50   0.50   0.50   0.50   0.30   0.11   0.50   0.50   0.50   0.09   0.50   0.50   0.50   0.27   0.50   0.50   0.16   0.75   0.96   0.84   0.50   0.50   0.50   0.51   0.50   0.50   0.50   0.50   0.27   0.50   0.50   0.50   0.85   0.26   0.98   0.12   0.50   0.50   0.50   0.15   0.16   0.16   0.84   0.50   0.50   0.37   0.50   0.42   0.30   0.75   0.30   0.70   0.50   0.85   0.39   0.99   0.38   0.97   0.71   0.50   0.50   
0.03   0.03   0.03   0.11   0.07   0.03   0.01   0.54   0.03   0.09   0.32   0.04   0.07   0.01   0.54   0.08   0.03   0.03   0.03   0.03   0.03   0.22   0.22   0.03   0.03   0.77   0.03   0.54   0.03   0.03   0.01   0.54   0.03   0.12   0.95   0.97   0.97   0.09   0.98   0.95   0.92   0.17   0.03   0.03   0.03   0.12   0.09   0.98   0.95   0.99   0.13   0.99   0.04   0.22   0.54   0.28   0.13   0.28   0.19   0.96   0.95   0.98   0.44   0.27   0.56   0.37   0.90   0.03   0.95   0.94   0.13   0.47   0.99   0.28   0.97   0.43   0.82   0.98   

5.00   5.00   5.00   5.00   5.00   5.00   5.00   5.00   5.00   5.00   5.00   5.00   5.00   5.00   5.00   5.00   5.00   5.00   5.00   5.00   5.00   5.00   5.00   5.00   5.00   5.00   5.00   5.00   5.00   5.00   5.00   5.00   5.00   5.00   5.00   5.00   5.00   5.00   5.00   5.00   5.00   5.00   5.00   5.00   5.00   5.00   5.00   5.00   5.00   5.00   5.00   5.00   5.00   5.00   5.00   5.00   5.00   5.00   5.00   5.00   5.00   5.00   5.00   5.00   5.00   5.00   5.00   5.00   5.00   5.00   5.00   5.00   5.00   5.00   5.00   5.00   5.00   5.00   
0.02   0.02   0.02   0.39   0.18   0.02   0.02   0.02   0.39   0.07   0.39   0.07   0.07   0.02   0.02   0.16   0.02   0.02   0.02   0.02   0.02   0.30   0.62   0.02   0.09   0.87   0.18   0.02   0.02   0.02   0.02   0.30   0.02   0.73   0.94   0.69   0.79   0.18   0.99   0.92   0.95   0.49   0.02   0.02   0.02   0.28   0.07   0.92   0.90   0.97   0.46   0.70   0.39   0.30   0.02   0.61   0.58   0.90   0.46   0.81   0.86   0.69   0.64   0.18   0.45   0.76   0.64   0.07   0.94   0.39   0.02   0.76   0.16   0.42   0.28   0.39   0.37   0.88   
0.02   0.02   0.02   0.39   0.18   0.02   0.02   0.02   0.39   0.07   0.39   0.07   0.07   0.02   0.02   0.16   0.02   0.02   0.02   0.02   0.02   0.30   0.62   0.02   0.09   0.87   0.18   0.02   0.02   0.02   0.02   0.30   0.02   0.73   0.94   0.69   0.79   0.18   0.99   0.92   0.95   0.49   0.02   0.02   0.02   0.28   0.07   0.92   0.90   0.97   0.46   0.70   0.39   0.30   0.02   0.61   0.58   0.90   0.46   0.81   0.86   0.69   0.64   0.18   0.45   0.76   0.64   0.07   0.94   0.39   0.02   0.76   0.16   0.42   0.28   0.39   0.37   0.88   
0.50   0.50   0.50   0.30   0.22   0.50   0.29   0.50   0.50   0.50   0.38   0.33   0.51   0.26   0.50   0.30   0.50   0.50   0.50   0.50   0.50   0.31   0.10   0.50   0.50   0.50   0.08   0.50   0.50   0.50   0.28   0.50   0.50   0.15   0.80   0.98   0.88   0.50   0.50   0.50   0.56   0.50   0.50   0.50   0.50   0.28   0.50   0.50   0.50   0.89   0.27   0.99   0.11   0.50   0.50   0.55   0.15   0.16   0.16   0.89   0.50   0.50   0.39   0.50   0.45   0.32   0.80   0.32   0.76   0.50   0.89   0.42   1.00   0.41   0.98   0.77   0.50   0.50   
0.03   0.02   0.02   0.10   0.05   0.02   0.01   0.55   0.03   0.06   0.23   0.03   0.06   0.01   0.55   0.05   0.02   0.02   0.02   0.03   0.03   0.16   0.13   0.02   0.03   0.82   0.02   0.55   0.03   0.02   0.01   0.55   0.03   0.22   0.98   0.99   0.97   0.06   0.98   0.96   0.95   0.13   0.03   0.03   0.03   0.09   0.06   0.98   0.96   1.00   0.11   1.00   0.03   0.17   0.55   0.73   0.09   0.44   0.11   0.96   0.96   0.98   0.35   0.21   0.28   0.35   0.88   0.03   0.97   0.95   0.16   0.46   0.99   0.26   0.98   0.46   0.81   0.98   

5.00   5.00   5.00   5.00   5.00   5.00   5.00   5.00   5.00   5.00   5.00   5.00   5.00   5.00   5.00   5.00   5.00   5.00   5.00   5.00   5.00   5.00   5.00   5.00   5.00   5.00   5.00   5.00   5.00   5.00   5.00   5.00   5.00   5.00   5.00   5.00   5.00   5.00   5.00   5.00   5.00   5.00   5.00   5.00   5.00   5.00   5.00   5.00   5.00   5.00   5.00   5.00   5.00   5.00   5.00   5.00   5.00   5.00   5.00   5.00   5.00   5.00   5.00   5.00   5.00   5.00   5.00   5.00   5.00   5.00   5.00   5.00   5.00   5.00   5.00   5.00   5.00   5.00   
0.02   0.02   0.02   0.23   0.14   0.02   0.26   0.02   0.32   0.05   0.31   0.05   0.05   0.02   0.02   0.13   0.02   0.02   0.26   0.02   0.02   0.23   0.74   0.26   0.07   0.89   0.14   0.02   0.02   0.02   0.02   0.23   0.02   0.77   0.95   0.77   0.86   0.13   0.99   0.85   0.95   0.64   0.02   0.02   0.02   0.21   0.05   0.93   0.92   0.97   0.30   0.66   0.23   0.50   0.02   0.71   0.45   0.83   0.61   0.73   0.88   0.74   0.71   0.14   0.37   0.79   0.53   0.05   0.87   0.23   0.02   0.79   0.13   0.59   0.49   0.23   0.55   0.90   
0.02   0.02   0.02   0.23   0.14   0.02   0.26   0.02   0.32   0.05   0.31   0.05   0.05   0.02   0.02   0.13   0.02   0.02   0.26   0.02   0.02   0.23   0.74   0.26   0.07   0.89   0.14   0.02   0.02   0.02   0.02   0.23   0.02   0.77   0.95   0.77   0.86   0.13   0.99   0.85   0.95   0.64   0.02   0.02   0.02   0.21   0.05   0.93   0.92   0.97   0.30   0.66   0.23   0.50   0.02   0.71   0.45   0.83   0.61   0.73   0.88   0.74   0.71   0.14   0.37   0.79   0.53   0.05   0.87   0.23   0.02   0.79   0.13   0.59   0.49   0.23   0.55   0.90   
0.50   0.50   0.50   0.35   0.26   0.50   0.29   0.50   0.50   0.50   0.40   0.42   0.52   0.28   0.50   0.43   0.50   0.50   0.50   0.50   0.50   0.59   0.12   0.50   0.50   0.50   0.11   0.50   0.50   0.50   0.34   0.50   0.50   0.17   0.68   0.94   0.76   0.50   0.50   0.50   0.48   0.50   0.50   0.50   0.50   0.40   0.50   0.50   0.50   0.50   0.38   0.50   0.14   0.50   0.50   0.48   0.18   0.18   0.16   0.81   0.50   0.50   0.37   0.50   0.51   0.36   0.73   0.34   0.67   0.50   0.79   0.44   0.50   0.38   0.96   0.71   0.50   0.50   
0.03   0.02   0.02   0.09   0.05   0.02   0.09   0.58   0.03   0.07   0.21   0.04   0.06   0.01   0.58   0.07   0.02   0.02   0.02   0.03   0.03   0.31   0.20   0.02   0.03   0.83   0.02   0.58   0.03   0.02   0.01   0.58   0.03   0.28   0.97   0.98   0.94   0.07   0.98   0.96   0.93   0.52   0.03   0.03   0.03   0.12   0.07   0.98   0.96   0.97   0.13   0.79   0.03   0.17   0.58   0.73   0.08   0.36   0.16   0.91   0.96   0.98   0.40   0.22   0.27   0.46   0.76   0.03   0.91   0.95   0.07   0.68   0.11   0.35   0.96   0.30   0.84   0.98   

5.00   5.00   5.00   5.00   5.00   5.00   5.00   5.00   5.00   5.00   5.00   5.00   5.00   5.00   5.00   5.00   5.00   5.00   5.00   5.00   5.00   5.00   5.00   5.00   5.00   5.00   5.00   5.00   5.00   5.00   5.00   5.00   5.00   5.00   5.00   5.00   5.00   5.00   5.00   5.00   5.00   5.00   5.00   5.00   5.00   5.00   5.00   5.00   5.00   5.00   5.00   5.00   5.00   5.00   5.00   5.00   5.00   5.00   5.00   5.00   5.00   5.00   5.00   5.00   5.00   5.00   5.00   5.00   5.00   5.00   5.00   5.00   5.00   5.00   5.00   5.00   5.00   5.00   
0.02   0.02   0.16   0.19   0.10   0.02   0.17   0.02   0.24   0.04   0.23   0.04   0.04   0.02   0.02   0.08   0.02   0.02   0.17   0.02   0.02   0.18   0.59   0.17   0.23   0.90   0.10   0.02   0.02   0.02   0.02   0.18   0.02   0.77   0.89   0.65   0.74   0.10   0.99   0.75   0.96   0.46   0.16   0.02   0.02   0.14   0.04   0.94   0.92   0.98   0.23   0.51   0.19   0.53   0.02   0.56   0.33   0.82   0.48   0.61   0.87   0.73   0.59   0.10   0.24   0.69   0.41   0.04   0.86   0.19   0.02   0.69   0.08   0.41   0.35   0.35   0.40   0.82   
0.02   0.02   0.16   0.19   0.10   0.02   0.17   0.02   0.24   0.04   0.23   0.04   0.04   0.02   0.02   0.08   0.02   0.02   0.17   0.02   0.02   0.18   0.59   0.17   0.23   0.90   0.10   0.02   0.02   0.02   0.02   0.18   0.02   0.77   0.89   0.65   0.74   0.10   0.99   0.75   0.96   0.46   0.16   0.02   0.02   0.14   0.04   0.94   0.92   0.98   0.23   0.51   0.19   0.53   0.02   0.56   0.33   0.82   0.48   0.61   0.87   0.73   0.59   0.10   0.24   0.69   0.41   0.04   0.86   0.19   0.02   0.69   0.08   0.41   0.35   0.35   0.40   0.82   
0.50   0.50   0.50   0.36   0.26   0.50   0.30   0.50   0.50   0.50   0.42   0.44   0.55   0.29   0.50   0.46   0.50   0.50   0.50   0.50   0.50   0.63   0.11   0.50   0.50   0.50   0.10   0.50   0.50   0.50   0.35   0.50   0.50   0.16   0.72   0.96   0.80   0.50   0.50   0.50   0.51   0.50   0.50   0.50   0.50   0.42   0.50   0.50   0.50   0.50   0.40   0.50   0.14   0.50   0.50   0.51   0.18   0.17   0.15   0.85   0.50   0.50   0.38   0.50   0.55   0.38   0.77   0.35   0.72   0.50   0.83   0.47   0.50   0.40   0.97   0.75   0.50   0.50   
0.02   0.02   0.02   0.09   0.03   0.02   0.06   0.61   0.02   0.03   0.16   0.02   0.03   0.01   0.61   0.04   0.02   0.02   0.02   0.02   0.02   0.27   0.15   0.02   0.02   0.88   0.01   0.61   0.02   0.02   0.01   0.61   0.02   0.42   0.97   0.99   0.95   0.03   0.98   0.97   0.97   0.04   0.02   0.02   0.02   0.09   0.03   0.98   0.97   0.98   0.12   0.81   0.03   0.13   0.61   0.75   0.07   0.68   0.12   0.94   0.97   0.98   0.38   0.15   0.21   0.47   0.80   0.01   0.97   0.96   0.07   0.71   0.07   0.30   0.97   0.81   0.83   0.98   

5.00   5.00   5.00   5.00   5.00   5.00   5.00   5.00   5.00   5.00   5.00   5.00   5.00   5.00   5.00   5.00   5.00   5.00   5.00   5.00   5.00   5.00   5.00   5.00   5.00   5.00   5.00   5.00   5.00   5.00   5.00   5.00   5.00   5.00   5.00   5.00   5.00   5.00   5.00   5.00   5.00   5.00   5.00   5.00   5.00   5.00   5.00   5.00   5.00   5.00   5.00   5.00   5.00   5.00   5.00   5.00   5.00   5.00   5.00   5.00   5.00   5.00   5.00   5.00   5.00   5.00   5.00   5.00   5.00   5.00   5.00   5.00   5.00   5.00   5.00   5.00   5.00   5.00   
0.02   0.02   0.13   0.24   0.09   0.02   0.16   0.02   0.21   0.04   0.20   0.04   0.04   0.02   0.02   0.11   0.02   0.02   0.16   0.02   0.02   0.15   0.61   0.16   0.18   0.93   0.09   0.02   0.02   0.02   0.02   0.15   0.02   0.74   0.89   0.77   0.85   0.08   0.99   0.88   0.91   0.65   0.13   0.02   0.02   0.14   0.04   0.96   0.88   0.93   0.28   0.66   0.43   0.49   0.02   0.56   0.58   0.89   0.64   0.78   0.93   0.83   0.75   0.09   0.49   0.82   0.64   0.04   0.93   0.43   0.02   0.82   0.32   0.46   0.53   0.55   0.59   0.91   
0.02   0.02   0.13   0.24   0.09   0.02   0.16   0.02   0.21   0.04   0.20   0.04   0.04   0.02   0.02   0.11   0.02   0.02   0.16   0.02   0.02   0.15   0.61   0.16   0.18   0.93   0.09   0.02   0.02   0.02   0.02   0.15   0.02   0.74   0.89   0.77   0.85   0.08   0.99   0.88   0.91   0.65   0.13   0.02   0.02   0.14   0.04   0.96   0.88   0.93   0.28   0.66   0.43   0.49   0.02   0.56   0.58   0.89   0.64   0.78   0.93   0.83   0.75   0.09   0.49   0.82   0.64   0.04   0.93   0.43   0.02   0.82   0.32   0.46   0.53   0.55   0.59   0.91   
0.50   0.50   0.50   0.23   0.24   0.50   0.23   0.50   0.50   0.50   0.38   0.40   0.54   0.50   0.50   0.24   0.50   0.50   0.50   0.50   0.50   0.49   0.02   0.50   0.50   0.50   0.10   0.50   0.50   0.50   0.25   0.50   0.50   0.13   0.62   0.88   0.80   0.50   0.50   0.50   0.34   0.50   0.50   0.50   0.50   0.43   0.50   0.50   0.50   0.50   0.22   0.50   0.11   0.50   0.50   0.49   0.14   0.14   0.16   0.77   0.50   0.50   0.31   0.50   0.55   0.30   0.75   0.37   0.69   0.50   0.72   0.36   0.50   0.28   0.96   0.71   0.50   0.50   
0.02   0.02   0.02   0.04   0.02   0.02   0.03   0.57   0.02   0.04   0.10   0.02   0.03   0.01   0.57   0.02   0.02   0.02   0.02   0.02   0.02   0.13   0.01   0.02   0.02   0.85   0.01   0.57   0.02   0.02   0.00   0.57   0.02   0.24   0.90   0.96   0.94   0.04   0.98   0.97   0.85   0.05   0.02   0.02   0.02   0.07   0.04   0.98   0.97   0.98   0.04   0.74   0.04   0.12   0.57   0.45   0.07   0.43   0.14   0.89   0.97   0.98   0.33   0.15   0.33   0.39   0.80   0.01   0.96   0.96   0.03   0.45   0.07   0.13   0.96   0.78   0.80   0.98   

5.00   5.00   5.00   5.00   5.00   5.00   5.00   5.00   5.00   5.00   5.00   5.00   5.00   5.00   5.00   5.00   5.00   5.00   5.00   5.00   5.00   5.00   5.00   5.00   5.00   5.00   5.00   5.00   5.00   5.00   5.00   5.00   5.00   5.00   5.00   5.00   5.00   5.00   5.00   5.00   5.00   5.00   5.00   5.00   5.00   5.00   5.00   5.00   5.00   5.00   5.00   5.00   5.00   5.00   5.00   5.00   5.00   5.00   5.00   5.00   5.00   5.00   5.00   5.00   5.00   5.00   5.00   5.00   5.00   5.00   5.00   5.00   5.00   5.00   5.00   5.00   5.00   5.00   
0.02   0.02   0.12   0.18   0.10   0.02   0.14   0.02   0.20   0.03   0.19   0.03   0.03   0.02   0.02   0.10   0.02   0.02   0.14   0.02   0.02   0.14   0.55   0.14   0.16   0.94   0.10   0.02   0.02   0.02   0.02   0.14   0.02   0.81   0.91   0.83   0.89   0.07   0.99   0.90   0.93   0.75   0.12   0.02   0.02   0.13   0.03   0.97   0.91   0.95   0.22   0.60   0.35   0.44   0.02   0.50   0.50   0.91   0.57   0.70   0.95   0.87   0.67   0.43   0.66   0.85   0.74   0.03   0.94   0.35   0.02   0.73   0.28   0.41   0.68   0.47   0.72   0.83   
0.02   0.02   0.12   0.18   0.10   0.02   0.14   0.02   0.20   0.03   0.19   0.03   0.03   0.02   0.02   0.10   0.02   0.02   0.14   0.02   0.02   0.14   0.55   0.14   0.16   0.94   0.10   0.02   0.02   0.02   0.02   0.14   0.02   0.81   0.91   0.83   0.89   0.07   0.99   0.90   0.93   0.75   0.12   0.02   0.02   0.13   0.03   0.97   0.91   0.95   0.22   0.60   0.35   0.44   0.02   0.50   0.50   0.91   0.57   0.70   0.95   0.87   0.67   0.43   0.66   0.85   0.74   0.03   0.94   0.35   0.02   0.73   0.28   0.41   0.68   0.47   0.72   0.83   
0.50   0.50   0.50   0.22   0.19   0.50   0.17   0.50   0.50   0.50   0.27   0.27   0.46   0.50   0.50   0.23   0.50   0.50   0.50   0.50   0.50   0.40   0.02   0.50   0.50   0.50   0.09   0.50   0.50   0.50   0.50   0.50   0.50   0.09   0.59   0.88   0.79   0.50   0.50   0.50   0.37   0.50   0.50   0.50   0.50   0.32   0.50   0.50   0.50   0.50   0.19   0.50   0.09   0.50   0.50   0.38   0.12   0.13   0.12   0.72   0.50   0.50   0.26   0.50   0.56   0.22   0.69   0.32   0.62   0.50   0.71   0.27   0.50   0.25   0.95   0.69   0.50   0.50   
0.02   0.02   0.02   0.03   0.02   0.02   0.01   0.62   0.02   0.03   0.05   0.01   0.02   0.01   0.62   0.01   0.02   0.02   0.02   0.02   0.02   0.08   0.01   0.02   0.02   0.88   0.01   0.62   0.02   0.02   0.01   0.62   0.02   0.23   0.92   0.97   0.96   0.03   0.98   0.97   0.91   0.05   0.02   0.02   0.02   0.04   0.03   0.98   0.97   0.98   0.03   0.79   0.03   0.12   0.62   0.29   0.06   0.66   0.08   0.83   0.97   0.98   0.24   0.15   0.69   0.40   0.85   0.01   0.97   0.96   0.03   0.30   0.07   0.09   0.97   0.74   0.84   0.98   

5.00   5.00   5.00   5.00   5.00   5.00   5.00   5.00   5.00   5.00   5.00   5.00   5.00   5.00   5.00   5.00   5.00   5.00   5.00   5.00   5.00   5.00   5.00   5.00   5.00   5.00   5.00   5.00   5.00   5.00   5.00   5.00   5.00   5.00   5.00   5.00   5.00   5.00   5.00   5.00   5.00   5.00   5.00   5.00   5.00   5.00   5.00   5.00   5.00   5.00   5.00   5.00   5.00   5.00   5.00   5.00   5.00   5.00   5.00   5.00   5.00   5.00   5.00   5.00   5.00   5.00   5.00   5.00   5.00   5.00   5.00   5.00   5.00   5.00   5.00   5.00   5.00   5.00   
0.02   0.02   0.13   0.21   0.11   0.02   0.16   0.02   0.22   0.04   0.21   0.04   0.04   0.02   0.02   0.12   0.02   0.02   0.16   0.02   0.02   0.16   0.60   0.16   0.18   0.95   0.11   0.02   0.02   0.02   0.02   0.16   0.02   0.84   0.92   0.86   0.91   0.07   0.99   0.92   0.94   0.78   0.13   0.02   0.02   0.15   0.04   0.97   0.93   0.96   0.25   0.64   0.40   0.49   0.02   0.55   0.55   0.93   0.62   0.74   0.96   0.89   0.71   0.48   0.70   0.88   0.78   0.04   0.95   0.40   0.02   0.77   0.32   0.45   0.73   0.52   0.76   0.85   
0.02   0.02   0.13   0.21   0.11   0.02   0.16   0.02   0.22   0.04   0.21   0.04   0.04   0.02   0.02   0.12   0.02   0.02   0.16   0.02   0.02   0.16   0.60   0.16   0.18   0.95   0.11   0.02   0.02   0.02   0.02   0.16   0.02   0.84   0.92   0.86   0.91   0.07   0.99   0.92   0.94   0.78   0.13   0.02   0.02   0.15   0.04   0.97   0.93   0.96   0.25   0.64   0.40   0.49   0.02   0.55   0.55   0.93   0.62   0.74   0.96   0.89   0.71   0.48   0.70   0.88   0.78   0.04   0.95   0.40   0.02   0.77   0.32   0.45   0.73   0.52   0.76   0.85   
0.50   0.50   0.50   0.29   0.25   0.50   0.23   0.50   0.50   0.50   0.34   0.34   0.54   0.50   0.50   0.29   0.50   0.50   0.50   0.50   0.50   0.48   0.02   0.50   0.50   0.50   0.13   0.50   0.50   0.50   0.50   0.50   0.50   0.12   0.65   0.90   0.82   0.50   0.50   0.50   0.44   0.50   0.50   0.50   0.50   0.39   0.50   0.50   0.50   0.50   0.25   0.50   0.12   0.50   0.50   0.45   0.17   0.18   0.17   0.77   0.50   0.50   0.33   0.50   0.63   0.28   0.74   0.39   0.68   0.50   0.76   0.34   0.50   0.32   0.96   0.74   0.50   0.50   
0.02   0.02   0.02   0.05   0.03   0.02   0.03   0.03   0.02   0.04   0.06   0.01   0.04   0.01   0.03   0.02   0.02   0.02   0.02   0.02   0.02   0.12   0.02   0.02   0.02   0.85   0.01   0.03   0.02   0.02   0.01   0.03   0.02   0.29   0.93   0.97   0.96   0.04   0.98   0.96   0.92   0.05   0.02   0.02   0.02   0.07   0.04   0.98   0.96   0.98   0.06   0.76   0.03   0.12   0.03   0.32   0.07   0.71   0.11   0.86   0.96   0.98   0.31   0.15   0.70   0.48   0.87   0.02   0.97   0.95   0.06   0.38   0.07   0.13   0.98   0.74   0.78   0.98   

5.00   5.00   5.00   5.00   5.00   5.00   5.00   5.00   5.00   5.00   5.00   5.00   5.00   5.00   5.00   5.00   5.00   5.00   5.00   5.00   5.00   5.00   5.00   5.00   5.00   5.00   5.00   5.00   5.00   5.00   5.00   5.00   5.00   5.00   5.00   5.00   5.00   5.00   5.00   5.00   5.00   5.00   5.00   5.00   5.00   5.00   5.00   5.00   5.00   5.00   5.00   5.00   5.00   5.00   5.00   5.00   5.00   5.00   5.00   5.00   5.00   5.00   5.00   5.00   5.00   5.00   5.00   5.00   5.00   5.00   5.00   5.00   5.00   5.00   5.00   5.00   5.00   5.00   
0.02   0.02   0.10   0.19   0.10   0.02   0.14   0.02   0.18   0.03   0.18   0.03   0.04   0.02   0.02   0.13   0.02   0.02   0.14   0.02   0.02   0.14   0.58   0.14   0.14   0.92   0.10   0.02   0.02   0.02   0.02   0.14   0.02   0.86   0.94   0.89   0.94   0.06   0.99   0.94   0.95   0.84   0.10   0.02   0.02   0.14   0.04   0.94   0.94   0.92   0.23   0.74   0.38   0.44   0.02   0.51   0.68   0.90   0.73   0.81   0.97   0.86   0.79   0.44   0.68   0.85   0.75   0.04   0.96   0.58   0.02   0.84   0.33   0.45   0.79   0.48   0.83   0.90   
0.02   0.02   0.10   0.19   0.10   0.02   0.14   0.02   0.18   0.03   0.18   0.03   0.04   0.02   0.02   0.13   0.02   0.02   0.14   0.02   0.02   0.14   0.58   0.14   0.14   0.92   0.10   0.02   0.02   0.02   0.02   0.14   0.02   0.86   0.94   0.89   0.94   0.06   0.99   0.94   0.95   0.84   0.10   0.02   0.02   0.14   0.04   0.94   0.94   0.92   0.23   0.74   0.38   0.44   0.02   0.51   0.68   0.90   0.73   0.81   0.97   0.86   0.79   0.44   0.68   0.85   0.75   0.04   0.96   0.58   0.02   0.84   0.33   0.45   0.79   0.48   0.83   0.90   
0.50   0.50   0.50   0.32   0.27   0.50   0.25   0.50   0.50   0.50   0.38   0.38   0.63   0.50   0.50   0.33   0.50   0.50   0.50   0.50   0.50   0.55   0.02   0.50   0.50   0.50   0.12   0.50   0.50   0.50   0.50   0.50   0.50   0.11   0.75   0.95   0.90   0.50   0.50   0.50   0.51   0.50   0.50   0.50   0.50   0.45   0.50   0.50   0.50   0.50   0.27   0.50   0.12   0.50   0.50   0.52   0.17   0.18   0.17   0.86   0.50   0.50   0.37   0.50   0.72   0.31   0.83   0.45   0.77   0.50   0.84   0.39   0.50   0.36   0.98   0.83   0.50   0.50   
0.02   0.02   0.02   0.06   0.03   0.02   0.03   0.03   0.02   0.04   0.06   0.01   0.05   0.01   0.03   0.03   0.02   0.02   0.02   0.02   0.02   0.13   0.01   0.02   0.02   0.88   0.01   0.03   0.02   0.02   0.01   0.03   0.02   0.34   0.97   0.99   0.99   0.04   0.98   0.97   0.95   0.05   0.02   0.02   0.02   0.08   0.04   0.98   0.97   0.98   0.06   0.78   0.03   0.12   0.03   0.35   0.14   0.48   0.19   0.94   0.97   0.98   0.61   0.14   0.76   0.48   0.91   0.02   0.99   0.95   0.09   0.67   0.07   0.14   0.99   0.81   0.80   0.98   

5.00   5.00   5.00   5.00   5.00   5.00   5.00   5.00   5.00   5.00   5.00   5.00   5.00   5.00   5.00   5.00   5.00   5.00   5.00   5.00   5.00   5.00   5.00   5.00   5.00   5.00   5.00   5.00   5.00   5.00   5.00   5.00   5.00   5.00   5.00   5.00   5.00   5.00   5.00   5.00   5.00   5.00   5.00   5.00   5.00   5.00   5.00   5.00   5.00   5.00   5.00   5.00   5.00   5.00   5.00   5.00   5.00   5.00   5.00   5.00   5.00   5.00   5.00   5.00   5.00   5.00   5.00   5.00   5.00   5.00   5.00   5.00   5.00   5.00   5.00   5.00   5.00   5.00   
0.02   0.02   0.09   0.16   0.09   0.02   0.14   0.02   0.33   0.03   0.15   0.03   0.03   0.02   0.02   0.11   0.02   0.02   0.28   0.01   0.01   0.13   0.62   0.14   0.13   0.92   0.09   0.02   0.02   0.02   0.02   0.13   0.02   0.87   0.94   0.86   0.91   0.05   0.99   0.91   0.95   0.80   0.09   0.02   0.02   0.12   0.03   0.92   0.94   0.91   0.20   0.70   0.31   0.40   0.02   0.49   0.62   0.87   0.68   0.76   0.95   0.82   0.80   0.38   0.61   0.81   0.70   0.03   0.94   0.51   0.02   0.79   0.27   0.40   0.75   0.42   0.78   0.87   
0.02   0.02   0.09   0.16   0.09   0.02   0.14   0.02   0.33   0.03   0.15   0.03   0.03   0.02   0.02   0.11   0.02   0.02   0.28   0.01   0.01   0.13   0.62   0.14   0.13   0.92   0.09   0.02   0.02   0.02   0.02   0.13   0.02   0.87   0.94   0.86   0.91   0.05   0.99   0.91   0.95   0.80   0.09   0.02   0.02   0.12   0.03   0.92   0.94   0.91   0.20   0.70   0.31   0.40   0.02   0.49   0.62   0.87   0.68   0.76   0.95   0.82   0.80   0.38   0.61   0.81   0.70   0.03   0.94   0.51   0.02   0.79   0.27   0.40   0.75   0.42   0.78   0.87   
0.50   0.50   0.50   0.26   0.24   0.50   0.22   0.50   0.50   0.50   0.31   0.30   0.58   0.50   0.50   0.27   0.50   0.50   0.50   0.50   0.50   0.53   0.02   0.50   0.50   0.50   0.08   0.50   0.50   0.50   0.50   0.50   0.50   0.11   0.71   0.91   0.82   0.50   0.50   0.50   0.57   0.50   0.50   0.50   0.50   0.47   0.50   0.50   0.50   0.50   0.22   0.50   0.10   0.50   0.50   0.49   0.16   0.15   0.14   0.84   0.50   0.50   0.38   0.50   0.63   0.31   0.77   0.35   0.73   0.50   0.79   0.32   0.50   0.32   0.50   0.75   0.50   0.50   
0.02   0.02   0.02   0.03   0.02   0.02   0.03   0.62   0.02   0.04   0.04   0.00   0.04   0.01   0.62   0.02   0.02   0.02   0.02   0.02   0.02   0.13   0.02   0.02   0.02   0.85   0.01   0.62   0.02   0.02   0.01   0.62   0.02   0.35   0.97   0.98   0.96   0.04   0.98   0.97   0.97   0.05   0.02   0.02   0.02   0.08   0.04   0.98   0.97   0.98   0.03   0.77   0.01   0.12   0.62   0.28   0.08   0.30   0.14   0.91   0.97   0.98   0.64   0.16   0.44   0.37   0.81   0.02   0.96   0.96   0.07   0.39   0.07   0.12   0.69   0.46   0.85   0.98   

5.00   5.00   5.00   5.00   5.00   5.00   5.00   5.00   5.00   5.00   5.00   5.00   5.00   5.00   5.00   5.00   5.00   5.00   5.00   5.00   5.00   5.00   5.00   5.00   5.00   5.00   5.00   5.00   5.00   5.00   5.00   5.00   5.00   5.00   5.00   5.00   5.00   5.00   5.00   5.00   5.00   5.00   5.00   5.00   5.00   5.00   5.00   5.00   5.00   5.00   5.00   5.00   5.00   5.00   5.00   5.00   5.00   5.00   5.00   5.00   5.00   5.00   5.00   5.00   5.00   5.00   5.00   5.00   5.00   5.00   5.00   5.00   5.00   5.00   5.00   5.00   5.00   5.00   
0.02   0.02   0.11   0.19   0.11   0.02   0.16   0.02   0.37   0.04   0.18   0.04   0.04   0.02   0.02   0.13   0.02   0.02   0.31   0.02   0.02   0.15   0.65   0.16   0.15   0.93   0.11   0.01   0.01   0.02   0.02   0.15   0.01   0.89   0.95   0.88   0.92   0.07   0.99   0.92   0.96   0.82   0.11   0.02   0.02   0.14   0.04   0.93   0.95   0.91   0.23   0.73   0.36   0.44   0.01   0.54   0.66   0.89   0.72   0.79   0.95   0.84   0.80   0.43   0.65   0.83   0.73   0.04   0.95   0.55   0.02   0.82   0.31   0.45   0.78   0.41   0.81   0.88   
0.02   0.02   0.11   0.19   0.11   0.02   0.16   0.02   0.37   0.04   0.18   0.04   0.04   0.02   0.02   0.13   0.02   0.02   0.31   0.02   0.02   0.15   0.65   0.16   0.15   0.93   0.11   0.01   0.01   0.02   0.02   0.15   0.01   0.89   0.95   0.88   0.92   0.07   0.99   0.92   0.96   0.82   0.11   0.02   0.02   0.14   0.04   0.93   0.95   0.91   0.23   0.73   0.36   0.44   0.01   0.54   0.66   0.89   0.72   0.79   0.95   0.84   0.80   0.43   0.65   0.83   0.73   0.04   0.95   0.55   0.02   0.82   0.31   0.45   0.78   0.41   0.81   0.88   
0.50   0.50   0.50   0.31   0.22   0.50   0.23   0.50   0.50   0.50   0.22   0.50   0.51   0.50   0.50   0.28   0.50   0.50   0.50   0.50   0.50   0.51   0.02   0.50   0.50   0.50   0.06   0.50   0.50   0.50   0.50   0.50   0.50   0.13   0.83   0.96   0.88   0.50   0.50   0.50   0.62   0.50   0.50   0.50   0.50   0.15   0.50   0.50   0.50   0.50   0.31   0.50   0.15   0.50   0.50   0.50   0.19   0.17   0.10   0.88   0.50   0.50   0.40   0.50   0.70   0.25   0.80   0.39   0.73   0.50   0.81   0.34   0.50   0.40   0.50   0.85   0.50   0.50   
0.02   0.02   0.02   0.05   0.02   0.02   0.03   0.03   0.02   0.04   0.03   0.01   0.03   0.01   0.03   0.02   0.02   0.02   0.02   0.02   0.02   0.12   0.02   0.02   0.02   0.85   0.01   0.03   0.02   0.02   0.01   0.03   0.02   0.42   0.98   0.99   0.98   0.04   0.98   0.97   0.98   0.05   0.02   0.02   0.02   0.02   0.04   0.98   0.97   0.98   0.06   0.77   0.03   0.12   0.03   0.31   0.13   0.38   0.11   0.94   0.97   0.98   0.68   0.15   0.69   0.34   0.86   0.02   0.97   0.95   0.08   0.44   0.07   0.16   0.71   0.80   0.79   0.98   

5.00   5.00   5.00   5.00   5.00   5.00   5.00   5.00   5.00   5.00   5.00   5.00   5.00   5.00   5.00   5.00   5.00   5.00   5.00   5.00   5.00   5.00   5.00   5.00   5.00   5.00   5.00   5.00   5.00   5.00   5.00   5.00   5.00   5.00   5.00   5.00   5.00   5.00   5.00   5.00   5.00   5.00   5.00   5.00   5.00   5.00   5.00   5.00   5.00   5.00   5.00   5.00   5.00   5.00   5.00   5.00   5.00   5.00   5.00   5.00   5.00   5.00   5.00   5.00   5.00   5.00   5.00   5.00   5.00   5.00   5.00   5.00   5.00   5.00   5.00   5.00   5.00   5.00   
0.03   0.03   0.12   0.19   0.12   0.01   0.11   0.03   0.30   0.05   0.20   0.05   0.05   0.03   0.01   0.13   0.03   0.03   0.29   0.03   0.03   0.16   0.59   0.11   0.16   0.92   0.12   0.01   0.01   0.01   0.01   0.16   0.00   0.88   0.94   0.87   0.91   0.08   0.99   0.92   0.96   0.81   0.12   0.03   0.01   0.15   0.02   0.92   0.94   0.90   0.18   0.71   0.36   0.43   0.00   0.52   0.64   0.88   0.66   0.77   0.94   0.83   0.78   0.42   0.64   0.82   0.71   0.02   0.95   0.54   0.03   0.80   0.30   0.43   0.76   0.41   0.77   0.87   
0.03   0.03   0.12   0.19   0.12   0.01   0.11   0.03   0.30   0.05   0.20   0.05   0.05   0.03   0.01   0.13   0.03   0.03   0.29   0.03   0.03   0.16   0.59   0.11   0.16   0.92   0.12   0.01   0.01   0.01   0.01   0.16   0.00   0.88   0.94   0.87   0.91   0.08   0.99   0.92   0.96   0.81   0.12   0.03   0.01   0.15   0.02   0.92   0.94   0.90   0.18   0.71   0.36   0.43   0.00   0.52   0.64   0.88   0.66   0.77   0.94   0.83   0.78   0.42   0.64   0.82   0.71   0.02   0.95   0.54   0.03   0.80   0.30   0.43   0.76   0.41   0.77   0.87   
0.50   0.50   0.50   0.25   0.15   0.50   0.21   0.50   0.50   0.50   0.20   0.50   0.42   0.50   0.50   0.23   0.50   0.50   0.50   0.50   0.50   0.45   0.01   0.50   0.50   0.50   0.50   0.50   0.50   0.50   0.50   0.50   0.50   0.13   0.80   0.96   0.86   0.50   0.50   0.50   0.54   0.50   0.50   0.50   0.50   0.12   0.50   0.50   0.50   0.50   0.22   0.50   0.13   0.50   0.50   0.50   0.16   0.14   0.08   0.82   0.50   0.50   0.31   0.50   0.66   0.24   0.75   0.32   0.68   0.50   0.77   0.30   0.50   0.32   0.50   0.83   0.50   0.50   
0.02   0.02   0.02   0.04   0.01   0.02   0.02   0.03   0.02   0.04   0.03   0.01   0.02   0.01   0.03   0.02   0.02   0.02   0.02   0.02   0.02   0.09   0.01   0.02   0.02   0.84   0.07   0.03   0.02   0.02   0.01   0.03   0.02   0.40   0.98   0.99   0.97   0.04   0.98   0.96   0.96   0.05   0.02   0.02   0.02   0.01   0.04   0.98   0.96   0.98   0.03   0.75   0.02   0.12   0.03   0.30   0.10   0.32   0.06   0.90   0.96   0.98   0.43   0.14   0.64   0.32   0.81   0.01   0.96   0.95   0.07   0.37   0.07   0.11   0.69   0.76   0.78   0.98   

5.00   5.00   5.00   5.00   5.00   5.00   5.00   5.00   5.00   5.00   5.00   5.00   5.00   5.00   5.00   5.00   5.00   5.00   5.00   5.00   5.00   5.00   5.00   5.00   5.00   5.00   5.00   5.00   5.00   5.00   5.00   5.00   5.00   5.00   5.00   5.00   5.00   5.00   5.00   5.00   5.00   5.00   5.00   5.00   5.00   5.00   5.00   5.00   5.00   5.00   5.00   5.00   5.00   5.00   5.00   5.00   5.00   5.00   5.00   5.00   5.00   5.00   5.00   5.00   5.00   5.00   5.00   5.00   5.00   5.00   5.00   5.00   5.00   5.00   5.00   5.00   5.00   5.00   
0.04   0.04   0.14   0.17   0.13   0.01   0.09   0.02   0.25   0.06   0.17   0.06   0.04   0.04   0.02   0.15   0.04   0.02   0.30   0.02   0.02   0.17   0.56   0.12   0.18   0.91   0.09   0.01   0.01   0.01   0.01   0.17   0.00   0.86   0.94   0.87   0.91   0.10   0.99   0.92   0.95   0.81   0.14   0.04   0.01   0.13   0.03   0.92   0.94   0.90   0.15   0.69   0.37   0.39   0.00   0.52   0.65   0.86   0.64   0.77   0.94   0.82   0.78   0.42   0.65   0.82   0.71   0.03   0.95   0.55   0.04   0.80   0.32   0.39   0.74   0.42   0.77   0.87   
0.04   0.04   0.14   0.17   0.13   0.01   0.09   0.02   0.25   0.06   0.17   0.06   0.04   0.04   0.02   0.15   0.04   0.02   0.30   0.02   0.02   0.17   0.56   0.12   0.18   0.91   0.09   0.01   0.01   0.01   0.01   0.17   0.00   0.86   0.94   0.87   0.91   0.10   0.99   0.92   0.95   0.81   0.14   0.04   0.01   0.13   0.03   0.92   0.94   0.90   0.15   0.69   0.37   0.39   0.00   0.52   0.65   0.86   0.64   0.77   0.94   0.82   0.78   0.42   0.65   0.82   0.71   0.03   0.95   0.55   0.04   0.80   0.32   0.39   0.74   0.42   0.77   0.87   
0.50   0.50   0.50   0.28   0.19   0.50   0.24   0.50   0.50   0.50   0.24   0.50   0.44   0.50   0.50   0.26   0.50   0.50   0.50   0.50   0.50   0.46   0.02   0.50   0.50   0.50   0.50   0.50   0.50   0.50   0.50   0.50   0.50   0.17   0.78   0.95   0.84   0.50   0.50   0.50   0.54   0.50   0.50   0.50   0.50   0.15   0.50   0.50   0.50   0.50   0.26   0.50   0.16   0.50   0.50   0.51   0.20   0.17   0.11   0.80   0.50   0.50   0.34   0.50   0.65   0.27   0.73   0.35   0.67   0.50   0.75   0.33   0.50   0.35   0.50   0.81   0.50   0.50   
0.02   0.02   0.02   0.04   0.02   0.02   0.01   0.65   0.02   0.03   0.02   0.01   0.02   0.01   0.65   0.02   0.02   0.02   0.02   0.02   0.02   0.11   0.02   0.02   0.02   0.88   0.07   0.65   0.02   0.02   0.01   0.65   0.02   0.50   0.98   0.99   0.98   0.03   0.98   0.98   0.97   0.04   0.02   0.02   0.02   0.01   0.03   0.98   0.98   0.98   0.03   0.80   0.04   0.12   0.65   0.33   0.15   0.41   0.09   0.91   0.98   0.98   0.66   0.15   0.69   0.41   0.84   0.01   0.97   0.97   0.08   0.46   0.07   0.12   0.74   0.79   0.86   0.98   

5.00   5.00   5.00   5.00   5.00   5.00   5.00   5.00   5.00   5.00   5.00   5.00   5.00   5.00   5.00   5.00   5.00   5.00   5.00   5.00   5.00   5.00   5.00   5.00   5.00   5.00   5.00   5.00   5.00   5.00   5.00   5.00   5.00   5.00   5.00   5.00   5.00   5.00   5.00   5.00   5.00   5.00   5.00   5.00   5.00   5.00   5.00   5.00   5.00   5.00   5.00   5.00   5.00   5.00   5.00   5.00   5.00   5.00   5.00   5.00   5.00   5.00   5.00   5.00   5.00   5.00   5.00   5.00   5.00   5.00   5.00   5.00   5.00   5.00   5.00   5.00   5.00   5.00   
0.03   0.03   0.11   0.14   0.10   0.01   0.09   0.02   0.25   0.05   0.13   0.05   0.03   0.15   0.02   0.12   0.03   0.02   0.41   0.02   0.02   0.13   0.62   0.12   0.14   0.92   0.07   0.01   0.01   0.01   0.01   0.13   0.00   0.87   0.95   0.84   0.92   0.08   0.99   0.89   0.96   0.77   0.11   0.03   0.08   0.10   0.03   0.93   0.95   0.87   0.14   0.72   0.45   0.34   0.00   0.58   0.68   0.87   0.59   0.80   0.94   0.83   0.74   0.35   0.58   0.78   0.66   0.03   0.92   0.50   0.03   0.82   0.27   0.48   0.76   0.48   0.78   0.88   
0.03   0.03   0.11   0.14   0.10   0.01   0.09   0.02   0.25   0.05   0.13   0.05   0.03   0.15   0.02   0.12   0.03   0.02   0.41   0.02   0.02   0.13   0.62   0.12   0.14   0.92   0.07   0.01   0.01   0.01   0.01   0.13   0.00   0.87   0.95   0.84   0.92   0.08   0.99   0.89   0.96   0.77   0.11   0.03   0.08   0.10   0.03   0.93   0.95   0.87   0.14   0.72   0.45   0.34   0.00   0.58   0.68   0.87   0.59   0.80   0.94   0.83   0.74   0.35   0.58   0.78   0.66   0.03   0.92   0.50   0.03   0.82   0.27   0.48   0.76   0.48   0.78   0.88   
0.50   0.50   0.50   0.29   0.18   0.50   0.24   0.50   0.50   0.50   0.23   0.50   0.46   0.50   0.50   0.27   0.50   0.50   0.50   0.50   0.50   0.49   0.02   0.50   0.50   0.50   0.50   0.50   0.50   0.50   0.50   0.50   0.50   0.16   0.82   0.97   0.87   0.50   0.50   0.50   0.57   0.50   0.50   0.50   0.50   0.15   0.50   0.50   0.50   0.50   0.26   0.50   0.16   0.50   0.50   0.54   0.19   0.16   0.10   0.84   0.50   0.50   0.35   0.50   0.69   0.28   0.77   0.36   0.71   0.50   0.79   0.34   0.50   0.36   0.50   0.84   0.50   0.50   
0.02   0.02   0.02   0.03   0.02   0.02   0.01   0.64   0.02   0.03   0.02   0.01   0.01   0.01   0.64   0.02   0.02   0.02   0.02   0.02   0.02   0.09   0.02   0.02   0.02   0.89   0.06   0.64   0.02   0.02   0.01   0.64   0.02   0.50   0.99   0.99   0.98   0.03   0.98   0.98   0.97   0.04   0.02   0.02   0.02   0.01   0.03   0.98   0.98   0.98   0.02   0.80   0.06   0.11   0.64   0.45   0.17   0.43   0.07   0.94   0.98   0.98   0.48   0.14   0.68   0.36   0.83   0.01   0.96   0.97   0.08   0.50   0.07   0.18   0.72   0.85   0.86   0.98   

5.00   5.00   5.00   5.00   5.00   5.00   5.00   5.00   5.00   5.00   5.00   5.00   5.00   5.00   5.00   5.00   5.00   5.00   5.00   5.00   5.00   5.00   5.00   5.00   5.00   5.00   5.00   5.00   5.00   5.00   5.00   5.00   5.00   5.00   5.00   5.00   5.00   5.00   5.00   5.00   5.00   5.00   5.00   5.00   5.00   5.00   5.00   5.00   5.00   5.00   5.00   5.00   5.00   5.00   5.00   5.00   5.00   5.00   5.00   5.00   5.00   5.00   5.00   5.00   5.00   5.00   5.00   5.00   5.00   5.00   5.00   5.00   5.00   5.00   5.00   5.00   5.00   5.00   
0.03   0.03   0.11   0.13   0.12   0.01   0.08   0.02   0.23   0.05   0.12   0.05   0.03   0.14   0.01   0.11   0.03   0.02   0.38   0.02   0.02   0.13   0.59   0.11   0.14   0.91   0.07   0.01   0.01   0.01   0.01   0.16   0.00   0.86   0.94   0.81   0.91   0.07   0.99   0.87   0.95   0.76   0.13   0.03   0.08   0.09   0.03   0.92   0.94   0.86   0.12   0.71   0.41   0.36   0.00   0.55   0.65   0.86   0.56   0.77   0.93   0.81   0.72   0.33   0.55   0.76   0.63   0.03   0.91   0.46   0.03   0.80   0.25   0.48   0.73   0.45   0.76   0.87   
0.03   0.03   0.11   0.13   0.12   0.01   0.08   0.02   0.23   0.05   0.12   0.05   0.03   0.14   0.01   0.11   0.03   0.02   0.38   0.02   0.02   0.13   0.59   0.11   0.14   0.91   0.07   0.01   0.01   0.01   0.01   0.16   0.00   0.86   0.94   0.81   0.91   0.07   0.99   0.87   0.95   0.76   0.13   0.03   0.08   0.09   0.03   0.92   0.94   0.86   0.12   0.71   0.41   0.36   0.00   0.55   0.65   0.86   0.56   0.77   0.93   0.81   0.72   0.33   0.55   0.76   0.63   0.03   0.91   0.46   0.03   0.80   0.25   0.48   0.73   0.45   0.76   0.87   
0.50   0.50   0.50   0.25   0.16   0.50   0.21   0.50   0.50   0.50   0.21   0.50   0.41   0.50   0.50   0.23   0.50   0.50   0.50   0.50   0.50   0.43   0.02   0.50   0.50   0.50   0.50   0.50   0.50   0.50   0.50   0.50   0.50   0.14   0.77   0.95   0.83   0.50   0.50   0.50   0.51   0.50   0.50   0.50   0.50   0.13   0.50   0.50   0.50   0.50   0.23   0.50   0.14   0.50   0.50   0.48   0.17   0.14   0.08   0.80   0.50   0.50   0.30   0.50   0.64   0.24   0.72   0.32   0.65   0.50   0.74   0.30   0.50   0.32   0.50   0.80   0.50   0.50   
0.02   0.02   0.02   0.03   0.01   0.02   0.01   0.62   0.02   0.03   0.02   0.01   0.01   0.01   0.62   0.02   0.02   0.02   0.02   0.02   0.02   0.07   0.01   0.02   0.02   0.87   0.06   0.62   0.02   0.02   0.01   0.62   0.02   0.43   0.98   0.99   0.97   0.03   0.98   0.97   0.96   0.04   0.02   0.02   0.02   0.01   0.03   0.98   0.97   0.98   0.02   0.78   0.04   0.11   0.62   0.37   0.13   0.35   0.06   0.91   0.97   0.98   0.41   0.14   0.44   0.28   0.75   0.01   0.94   0.96   0.06   0.42   0.07   0.14   0.69   0.79   0.84   0.98   

5.00   5.00   5.00   5.00   5.00   5.00   5.00   5.00   5.00   5.00   5.00   5.00   5.00   5.00   5.00   5.00   5.00   5.00   5.00   5.00   5.00   5.00   5.00   5.00   5.00   5.00   5.00   5.00   5.00   5.00   5.00   5.00   5.00   5.00   5.00   5.00   5.00   5.00   5.00   5.00   5.00   5.00   5.00   5.00   5.00   5.00   5.00   5.00   5.00   5.00   5.00   5.00   5.00   5.00   5.00   5.00   5.00   5.00   5.00   5.00   5.00   5.00   5.00   5.00   5.00   5.00   5.00   5.00   5.00   5.00   5.00   5.00   5.00   5.00   5.00   5.00   5.00   5.00   
0.03   0.03   0.11   0.13   0.12   0.01   0.08   0.02   0.23   0.05   0.12   0.05   0.03   0.14   0.01   0.11   0.03   0.02   0.38   0.02   0.02   0.13   0.59   0.11   0.14   0.91   0.07   0.01   0.01   0.01   0.01   0.16   0.00   0.86   0.94   0.81   0.91   0.07   0.99   0.87   0.95   0.76   0.13   0.03   0.08   0.09   0.03   0.92   0.94   0.86   0.12   0.71   0.41   0.36   0.00   0.55   0.65   0.86   0.56   0.77   0.93   0.81   0.72   0.33   0.55   0.76   0.63   0.03   0.91   0.46   0.03   0.80   0.25   0.48   0.73   0.45   0.76   0.87   
0.03   0.03   0.11   0.13   0.12   0.01   0.08   0.02   0.23   0.05   0.12   0.05   0.03   0.14   0.01   0.11   0.03   0.02   0.38   0.02   0.02   0.13   0.59   0.11   0.14   0.91   0.07   0.01   0.01   0.01   0.01   0.16   0.00   0.86   0.94   0.81   0.91   0.07   0.99   0.87   0.95   0.76   0.13   0.03   0.08   0.09   0.03   0.92   0.94   0.86   0.12   0.71   0.41   0.36   0.00   0.55   0.65   0.86   0.56   0.77   0.93   0.81   0.72   0.33   0.55   0.76   0.63   0.03   0.91   0.46   0.03   0.80   0.25   0.48   0.73   0.45   0.76   0.87   
0.50   0.50   0.50   0.29   0.19   0.50   0.25   0.50   0.50   0.50   0.24   0.50   0.45   0.50   0.50   0.27   0.50   0.50   0.50   0.50   0.50   0.47   0.02   0.50   0.50   0.50   0.50   0.50   0.50   0.50   0.50   0.50   0.50   0.17   0.79   0.95   0.84   0.50   0.50   0.50   0.55   0.50   0.50   0.50   0.50   0.16   0.50   0.50   0.50   0.50   0.26   0.50   0.17   0.50   0.50   0.52   0.20   0.17   0.11   0.81   0.50   0.50   0.35   0.50   0.66   0.28   0.74   0.36   0.68   0.50   0.75   0.34   0.50   0.36   0.50   0.81   0.50   0.50   
0.02   0.02   0.02   0.03   0.01   0.02   0.02   0.63   0.02   0.03   0.02   0.01   0.01   0.01   0.63   0.02   0.02   0.02   0.02   0.02   0.02   0.09   0.02   0.02   0.02   0.88   0.06   0.63   0.02   0.02   0.01   0.63   0.02   0.49   0.98   0.99   0.97   0.03   0.98   0.97   0.97   0.04   0.02   0.02   0.02   0.01   0.03   0.98   0.97   0.98   0.02   0.78   0.05   0.11   0.63   0.40   0.16   0.41   0.07   0.91   0.97   0.98   0.46   0.14   0.47   0.33   0.77   0.01   0.95   0.96   0.06   0.47   0.07   0.16   0.69   0.80   0.84   0.98   

0.00   0.00   0.00   0.00   0.00   0.00   0.00   0.00   0.00   0.00   0.00   0.00   0.00   0.00   0.00   0.00   0.00   0.00   0.00   0.00   0.00   0.00   0.00   0.00   0.00   0.00   0.00   0.00   0.00   0.00   0.00   0.00   0.00   0.00   1.00   1.00   1.00   0.00   1.00   1.00   1.00   1.00   0.00   0.00   0.00   0.00   0.00   1.00   1.00   1.00   0.00   1.00   0.00   0.00   0.00   1.00   1.00   1.00   1.00   1.00   1.00   1.00   1.00   1.00   1.00   1.00   1.00   0.00   1.00   1.00   1.00   1.00   1.00   1.00   1.00   1.00   1.00   1.00   