5.00   5.00   5.00   5.00   5.00   5.00   5.00   5.00   5.00   5.00   5.00   5.00   5.00   5.00   5.00   5.00   5.00   5.00   5.00   5.00   5.00   5.00   5.00   5.00   5.00   5.00   5.00   5.00   5.00   5.00   5.00   5.00   5.00   5.00   5.00   5.00   5.00   5.00   5.00   5.00   5.00   5.00   5.00   5.00   5.00   5.00   5.00   5.00   5.00   5.00   5.00   5.00   5.00   5.00   5.00   5.00   5.00   5.00   5.00   5.00   5.00   5.00   5.00   5.00   5.00   5.00   5.00   5.00   5.00   5.00   5.00   5.00   5.00   5.00   5.00   5.00   5.00   5.00   
0.02   0.15   0.02   0.15   0.15   0.62   0.15   0.02   0.02   0.96   0.62   0.02   0.15   0.15   0.15   0.15   0.02   0.96   0.62   0.02   0.02   0.15   0.62   0.15   0.15   0.62   0.02   0.02   0.02   0.15   0.15   0.96   0.15   0.15   0.96   0.96   0.96   0.96   0.15   0.15   0.02   0.62   0.02   0.15   0.96   0.15   0.96   0.96   0.96   0.15   0.02   0.62   0.96   0.02   0.96   0.96   0.96   0.62   0.62   0.62   0.96   0.96   0.96   0.96   0.96   0.96   0.96   0.15   0.96   0.96   0.96   0.02   0.96   0.15   0.96   0.96   0.96   0.96   
0.02   0.15   0.02   0.15   0.15   0.62   0.15   0.02   0.02   0.96   0.62   0.02   0.15   0.15   0.15   0.15   0.02   0.96   0.62   0.02   0.02   0.15   0.62   0.15   0.15   0.62   0.02   0.02   0.02   0.15   0.15   0.96   0.15   0.15   0.96   0.96   0.96   0.96   0.15   0.15   0.02   0.62   0.02   0.15   0.96   0.15   0.96   0.96   0.96   0.15   0.02   0.62   0.96   0.02   0.96   0.96   0.96   0.62   0.62   0.62   0.96   0.96   0.96   0.96   0.96   0.96   0.96   0.15   0.96   0.96   0.96   0.02   0.96   0.15   0.96   0.96   0.96   0.96   
0.05   0.18   0.20   0.07   0.30   0.27   0.10   0.05   0.03   0.16   0.16   0.18   0.13   0.14   0.35   0.07   0.05   0.76   0.30   0.08   0.11   0.34   0.16   0.24   0.16   0.97   0.21   0.03   0.41   0.11   0.52   0.31   0.29   0.23   0.65   0.89   0.84   0.99   0.04   0.34   0.53   0.12   0.23   0.08   0.98   0.49   0.87   0.98   0.84   0.44   0.08   0.74   0.70   0.02   0.72   0.40   0.35   0.46   0.47   0.18   0.82   0.89   0.97   0.47   0.97   0.52   0.56   0.40   0.71   0.47   0.93   0.87   0.55   0.42   0.40   0.39   0.93   0.67   
0.00   0.02   0.01   0.01   0.03   0.85   0.01   0.00   0.00   0.86   0.75   0.01   0.01   0.01   0.04   0.01   0.00   0.99   0.86   0.00   0.00   0.04   0.73   0.02   0.01   1.00   0.01   0.00   0.02   0.01   0.59   0.94   0.03   0.02   0.98   1.00   0.99   1.00   0.00   0.03   0.52   0.68   0.01   0.01   1.00   0.06   1.00   1.00   0.99   0.05   0.00   0.98   0.99   0.00   0.99   0.96   0.95   0.93   0.93   0.76   0.99   1.00   1.00   0.97   1.00   0.97   0.98   0.04   0.99   0.97   1.00   0.87   0.98   0.05   0.96   0.96   1.00   0.99   

5.00   5.00   5.00   5.00   5.00   5.00   5.00   5.00   5.00   5.00   5.00   5.00   5.00   5.00   5.00   5.00   5.00   5.00   5.00   5.00   5.00   5.00   5.00   5.00   5.00   5.00   5.00   5.00   5.00   5.00   5.00   5.00   5.00   5.00   5.00   5.00   5.00   5.00   5.00   5.00   5.00   5.00   5.00   5.00   5.00   5.00   5.00   5.00   5.00   5.00   5.00   5.00   5.00   5.00   5.00   5.00   5.00   5.00   5.00   5.00   5.00   5.00   5.00   5.00   5.00   5.00   5.00   5.00   5.00   5.00   5.00   5.00   5.00   5.00   5.00   5.00   5.00   5.00   
0.02   0.15   0.02   0.15   0.15   0.61   0.24   0.02   0.02   0.94   0.61   0.02   0.15   0.15   0.15   0.15   0.02   0.94   0.74   0.02   0.02   0.15   0.61   0.15   0.15   0.61   0.02   0.02   0.02   0.15   0.24   0.94   0.15   0.15   0.98   0.94   0.94   0.98   0.24   0.15   0.02   0.61   0.02   0.15   0.98   0.15   0.94   0.94   0.98   0.15   0.02   0.74   0.94   0.02   0.94   0.94   0.94   0.61   0.61   0.61   0.94   0.94   0.94   0.94   0.94   0.94   0.94   0.15   0.94   0.94   0.94   0.07   0.94   0.15   0.94   0.94   0.94   0.94   
0.02   0.15   0.02   0.15   0.15   0.61   0.24   0.02   0.02   0.94   0.61   0.02   0.15   0.15   0.15   0.15   0.02   0.94   0.74   0.02   0.02   0.15   0.61   0.15   0.15   0.61   0.02   0.02   0.02   0.15   0.24   0.94   0.15   0.15   0.98   0.94   0.94   0.98   0.24   0.15   0.02   0.61   0.02   0.15   0.98   0.15   0.94   0.94   0.98   0.15   0.02   0.74   0.94   0.02   0.94   0.94   0.94   0.61   0.61   0.61   0.94   0.94   0.94   0.94   0.94   0.94   0.94   0.15   0.94   0.94   0.94   0.07   0.94   0.15   0.94   0.94   0.94   0.94   
0.50   0.10   0.50   0.50   0.26   0.31   0.04   0.50   0.50   0.06   0.06   0.50   0.03   0.05   0.21   0.50   0.50   0.84   0.24   0.50   0.50   0.45   0.07   0.11   0.09   0.50   0.11   0.50   0.42   0.05   0.72   0.21   0.17   0.09   0.72   0.50   0.50   0.50   0.50   0.22   0.71   0.05   0.13   0.50   0.50   0.42   0.50   0.50   0.50   0.44   0.50   0.85   0.78   0.50   0.77   0.31   0.24   0.32   0.52   0.07   0.91   0.50   0.50   0.36   0.50   0.78   0.68   0.50   0.75   0.48   0.50   0.94   0.61   0.24   0.31   0.44   0.50   0.81   
0.95   0.00   0.95   0.03   0.01   0.92   0.04   0.95   0.95   0.02   0.38   0.95   0.00   0.00   0.01   0.03   0.95   0.95   0.98   0.95   0.95   0.02   0.41   0.00   0.00   0.98   0.45   0.95   0.92   0.00   0.93   0.07   0.01   0.00   0.95   0.79   0.79   0.79   0.03   0.01   0.98   0.32   0.49   0.03   0.79   0.02   0.79   0.79   0.79   0.02   0.95   1.00   0.93   0.95   0.92   0.11   0.08   0.93   0.97   0.41   0.97   0.79   0.79   0.66   0.79   0.92   0.88   0.03   0.91   0.76   0.79   1.00   0.84   0.01   0.11   0.73   0.79   0.94   

5.00   5.00   5.00   5.00   5.00   5.00   5.00   5.00   5.00   5.00   5.00   5.00   5.00   5.00   5.00   5.00   5.00   5.00   5.00   5.00   5.00   5.00   5.00   5.00   5.00   5.00   5.00   5.00   5.00   5.00   5.00   5.00   5.00   5.00   5.00   5.00   5.00   5.00   5.00   5.00   5.00   5.00   5.00   5.00   5.00   5.00   5.00   5.00   5.00   5.00   5.00   5.00   5.00   5.00   5.00   5.00   5.00   5.00   5.00   5.00   5.00   5.00   5.00   5.00   5.00   5.00   5.00   5.00   5.00   5.00   5.00   5.00   5.00   5.00   5.00   5.00   5.00   5.00   
0.01   0.06   0.01   0.06   0.06   0.28   0.10   0.01   0.01   0.49   0.28   0.01   0.15   0.15   0.06   0.06   0.01   0.49   0.35   0.01   0.01   0.06   0.28   0.06   0.06   0.28   0.01   0.01   0.01   0.06   0.10   0.49   0.06   0.06   0.99   0.49   0.97   0.99   0.10   0.06   0.09   0.28   0.09   0.15   0.83   0.15   0.97   0.49   0.83   0.06   0.09   0.80   0.97   0.01   0.97   0.97   0.49   0.53   0.28   0.28   0.49   0.49   0.97   0.49   0.49   0.97   0.97   0.15   0.49   0.49   0.49   0.04   0.49   0.06   0.49   0.49   0.49   0.97   
0.01   0.06   0.01   0.06   0.06   0.28   0.10   0.01   0.01   0.49   0.28   0.01   0.15   0.15   0.06   0.06   0.01   0.49   0.35   0.01   0.01   0.06   0.28   0.06   0.06   0.28   0.01   0.01   0.01   0.06   0.10   0.49   0.06   0.06   0.99   0.49   0.97   0.99   0.10   0.06   0.09   0.28   0.09   0.15   0.83   0.15   0.97   0.49   0.83   0.06   0.09   0.80   0.97   0.01   0.97   0.97   0.49   0.53   0.28   0.28   0.49   0.49   0.97   0.49   0.49   0.97   0.97   0.15   0.49   0.49   0.49   0.04   0.49   0.06   0.49   0.49   0.49   0.97   
0.50   0.50   0.50   0.50   0.23   0.36   0.04   0.50   0.50   0.03   0.06   0.50   0.50   0.50   0.31   0.50   0.50   0.83   0.28   0.50   0.50   0.48   0.08   0.50   0.50   0.50   0.04   0.50   0.37   0.50   0.68   0.23   0.50   0.50   0.76   0.50   0.50   0.50   0.50   0.13   0.67   0.05   0.08   0.50   0.50   0.30   0.50   0.50   0.50   0.37   0.50   0.50   0.85   0.50   0.80   0.39   0.24   0.31   0.38   0.06   0.93   0.50   0.50   0.38   0.50   0.85   0.63   0.32   0.83   0.53   0.50   0.50   0.61   0.24   0.33   0.39   0.50   0.86   
0.93   0.03   0.93   0.03   0.01   0.77   0.03   0.93   0.93   0.01   0.06   0.93   0.03   0.03   0.01   0.03   0.93   0.91   0.88   0.93   0.93   0.02   0.08   0.03   0.03   0.99   0.02   0.93   0.19   0.03   0.90   0.05   0.03   0.03   0.99   0.88   0.88   0.88   0.03   0.00   0.97   0.05   0.19   0.03   0.88   0.30   0.88   0.88   0.88   0.02   0.93   0.99   0.98   0.93   0.98   0.88   0.06   0.94   0.79   0.06   0.97   0.88   0.88   0.11   0.88   0.98   0.95   0.32   0.91   0.70   0.88   0.98   0.77   0.01   0.09   0.11   0.88   0.99   

5.00   5.00   5.00   5.00   5.00   5.00   5.00   5.00   5.00   5.00   5.00   5.00   5.00   5.00   5.00   5.00   5.00   5.00   5.00   5.00   5.00   5.00   5.00   5.00   5.00   5.00   5.00   5.00   5.00   5.00   5.00   5.00   5.00   5.00   5.00   5.00   5.00   5.00   5.00   5.00   5.00   5.00   5.00   5.00   5.00   5.00   5.00   5.00   5.00   5.00   5.00   5.00   5.00   5.00   5.00   5.00   5.00   5.00   5.00   5.00   5.00   5.00   5.00   5.00   5.00   5.00   5.00   5.00   5.00   5.00   5.00   5.00   5.00   5.00   5.00   5.00   5.00   5.00   
0.02   0.06   0.02   0.06   0.06   0.40   0.10   0.02   0.02   0.49   0.40   0.02   0.12   0.12   0.43   0.06   0.02   0.94   0.46   0.02   0.02   0.06   0.86   0.06   0.06   0.86   0.02   0.02   0.02   0.06   0.10   0.49   0.06   0.06   0.99   0.49   0.98   0.65   0.10   0.06   0.06   0.86   0.06   0.12   0.97   0.12   0.98   0.94   0.55   0.43   0.06   0.96   0.58   0.02   0.98   0.98   0.94   0.93   0.86   0.40   0.94   0.94   0.98   0.49   0.49   0.58   0.58   0.12   0.49   0.49   0.94   0.41   0.94   0.06   0.94   0.94   0.94   0.98   
0.02   0.06   0.02   0.06   0.06   0.40   0.10   0.02   0.02   0.49   0.40   0.02   0.12   0.12   0.43   0.06   0.02   0.94   0.46   0.02   0.02   0.06   0.86   0.06   0.06   0.86   0.02   0.02   0.02   0.06   0.10   0.49   0.06   0.06   0.99   0.49   0.98   0.65   0.10   0.06   0.06   0.86   0.06   0.12   0.97   0.12   0.98   0.94   0.55   0.43   0.06   0.96   0.58   0.02   0.98   0.98   0.94   0.93   0.86   0.40   0.94   0.94   0.98   0.49   0.49   0.58   0.58   0.12   0.49   0.49   0.94   0.41   0.94   0.06   0.94   0.94   0.94   0.98   
0.50   0.50   0.50   0.50   0.25   0.35   0.04   0.50   0.50   0.50   0.06   0.50   0.50   0.50   0.26   0.50   0.50   0.81   0.26   0.50   0.50   0.57   0.07   0.50   0.50   0.50   0.05   0.50   0.37   0.50   0.69   0.25   0.50   0.50   0.73   0.50   0.50   0.50   0.50   0.50   0.67   0.04   0.08   0.50   0.50   0.28   0.50   0.50   0.50   0.32   0.50   0.50   0.79   0.50   0.78   0.37   0.22   0.28   0.36   0.07   0.93   0.50   0.50   0.37   0.50   0.87   0.65   0.39   0.84   0.51   0.50   0.50   0.63   0.33   0.33   0.34   0.50   0.84   
0.88   0.03   0.88   0.03   0.01   0.21   0.01   0.88   0.88   0.18   0.03   0.88   0.03   0.03   0.11   0.03   0.88   0.96   0.72   0.88   0.88   0.03   0.12   0.03   0.03   0.99   0.01   0.88   0.08   0.03   0.78   0.05   0.03   0.03   0.99   0.91   0.91   0.91   0.03   0.03   0.89   0.07   0.06   0.03   0.91   0.12   0.91   0.91   0.91   0.13   0.88   0.99   0.94   0.88   0.99   0.92   0.20   0.95   0.85   0.03   0.99   0.91   0.91   0.09   0.91   0.97   0.89   0.18   0.87   0.14   0.91   0.96   0.89   0.01   0.30   0.31   0.91   0.99   

5.00   5.00   5.00   5.00   5.00   5.00   5.00   5.00   5.00   5.00   5.00   5.00   5.00   5.00   5.00   5.00   5.00   5.00   5.00   5.00   5.00   5.00   5.00   5.00   5.00   5.00   5.00   5.00   5.00   5.00   5.00   5.00   5.00   5.00   5.00   5.00   5.00   5.00   5.00   5.00   5.00   5.00   5.00   5.00   5.00   5.00   5.00   5.00   5.00   5.00   5.00   5.00   5.00   5.00   5.00   5.00   5.00   5.00   5.00   5.00   5.00   5.00   5.00   5.00   5.00   5.00   5.00   5.00   5.00   5.00   5.00   5.00   5.00   5.00   5.00   5.00   5.00   5.00   
0.01   0.10   0.01   0.03   0.03   0.26   0.06   0.07   0.01   0.30   0.35   0.01   0.09   0.15   0.27   0.03   0.01   0.78   0.29   0.01   0.01   0.10   0.87   0.03   0.10   0.87   0.01   0.01   0.01   0.03   0.06   0.30   0.03   0.03   0.99   0.30   0.99   0.43   0.06   0.03   0.06   0.68   0.12   0.09   0.85   0.09   0.99   0.78   0.45   0.27   0.12   0.98   0.39   0.01   0.99   0.92   0.78   0.97   0.68   0.35   0.78   0.78   0.92   0.30   0.30   0.39   0.39   0.15   0.30   0.30   0.78   0.27   0.94   0.03   0.94   0.78   0.78   0.99   
0.01   0.10   0.01   0.03   0.03   0.26   0.06   0.07   0.01   0.30   0.35   0.01   0.09   0.15   0.27   0.03   0.01   0.78   0.29   0.01   0.01   0.10   0.87   0.03   0.10   0.87   0.01   0.01   0.01   0.03   0.06   0.30   0.03   0.03   0.99   0.30   0.99   0.43   0.06   0.03   0.06   0.68   0.12   0.09   0.85   0.09   0.99   0.78   0.45   0.27   0.12   0.98   0.39   0.01   0.99   0.92   0.78   0.97   0.68   0.35   0.78   0.78   0.92   0.30   0.30   0.39   0.39   0.15   0.30   0.30   0.78   0.27   0.94   0.03   0.94   0.78   0.78   0.99   
0.50   0.50   0.50   0.50   0.15   0.30   0.03   0.50   0.50   0.50   0.03   0.50   0.50   0.50   0.23   0.50   0.50   0.80   0.20   0.50   0.50   0.47   0.05   0.50   0.50   0.50   0.03   0.50   0.27   0.50   0.64   0.39   0.50   0.50   0.50   0.50   0.50   0.50   0.50   0.50   0.66   0.02   0.05   0.50   0.50   0.17   0.50   0.50   0.50   0.27   0.50   0.50   0.82   0.50   0.75   0.36   0.16   0.25   0.28   0.05   0.95   0.50   0.50   0.31   0.50   0.81   0.52   0.34   0.84   0.54   0.50   0.50   0.82   0.28   0.32   0.26   0.50   0.86   
0.90   0.02   0.90   0.02   0.00   0.12   0.00   0.90   0.90   0.15   0.04   0.90   0.02   0.02   0.08   0.02   0.90   0.89   0.13   0.90   0.90   0.25   0.14   0.02   0.02   0.99   0.00   0.90   0.04   0.02   0.17   0.07   0.02   0.02   0.98   0.91   0.91   0.91   0.02   0.02   0.78   0.02   0.08   0.02   0.91   0.06   0.91   0.91   0.91   0.10   0.90   0.99   0.89   0.90   0.98   0.74   0.10   0.95   0.29   0.06   0.98   0.91   0.91   0.05   0.91   0.88   0.66   0.36   0.77   0.12   0.91   0.96   0.97   0.01   0.74   0.17   0.91   0.99   

5.00   5.00   5.00   5.00   5.00   5.00   5.00   5.00   5.00   5.00   5.00   5.00   5.00   5.00   5.00   5.00   5.00   5.00   5.00   5.00   5.00   5.00   5.00   5.00   5.00   5.00   5.00   5.00   5.00   5.00   5.00   5.00   5.00   5.00   5.00   5.00   5.00   5.00   5.00   5.00   5.00   5.00   5.00   5.00   5.00   5.00   5.00   5.00   5.00   5.00   5.00   5.00   5.00   5.00   5.00   5.00   5.00   5.00   5.00   5.00   5.00   5.00   5.00   5.00   5.00   5.00   5.00   5.00   5.00   5.00   5.00   5.00   5.00   5.00   5.00   5.00   5.00   5.00   
0.01   0.08   0.01   0.03   0.03   0.25   0.06   0.05   0.01   0.30   0.32   0.22   0.07   0.12   0.19   0.03   0.01   0.60   0.29   0.01   0.01   0.08   0.63   0.03   0.08   0.63   0.01   0.01   0.01   0.03   0.06   0.30   0.03   0.03   0.99   0.65   0.99   0.78   0.06   0.03   0.05   0.52   0.09   0.07   0.95   0.07   0.79   0.93   0.43   0.19   0.09   0.98   0.37   0.01   0.79   0.96   0.60   0.97   0.52   0.67   0.93   0.93   0.96   0.65   0.30   0.37   0.37   0.12   0.65   0.30   0.60   0.19   0.97   0.03   0.97   0.60   0.93   0.99   
0.01   0.08   0.01   0.03   0.03   0.25   0.06   0.05   0.01   0.30   0.32   0.22   0.07   0.12   0.19   0.03   0.01   0.60   0.29   0.01   0.01   0.08   0.63   0.03   0.08   0.63   0.01   0.01   0.01   0.03   0.06   0.30   0.03   0.03   0.99   0.65   0.99   0.78   0.06   0.03   0.05   0.52   0.09   0.07   0.95   0.07   0.79   0.93   0.43   0.19   0.09   0.98   0.37   0.01   0.79   0.96   0.60   0.97   0.52   0.67   0.93   0.93   0.96   0.65   0.30   0.37   0.37   0.12   0.65   0.30   0.60   0.19   0.97   0.03   0.97   0.60   0.93   0.99   
0.50   0.50   0.50   0.50   0.50   0.31   0.50   0.50   0.50   0.50   0.03   0.50   0.50   0.50   0.25   0.50   0.50   0.72   0.19   0.50   0.50   0.47   0.05   0.50   0.50   0.50   0.50   0.50   0.23   0.50   0.71   0.38   0.50   0.50   0.50   0.50   0.50   0.50   0.50   0.50   0.73   0.02   0.06   0.50   0.50   0.15   0.50   0.50   0.50   0.26   0.50   0.50   0.79   0.50   0.70   0.39   0.18   0.28   0.32   0.03   0.90   0.50   0.50   0.31   0.50   0.80   0.46   0.46   0.79   0.44   0.50   0.50   0.80   0.29   0.34   0.29   0.50   0.82   
0.91   0.02   0.91   0.02   0.02   0.07   0.07   0.91   0.91   0.10   0.02   0.91   0.02   0.02   0.07   0.02   0.91   0.78   0.07   0.91   0.91   0.15   0.07   0.02   0.02   0.99   0.06   0.91   0.02   0.02   0.16   0.04   0.02   0.02   0.98   0.93   0.93   0.93   0.02   0.02   0.71   0.01   0.04   0.02   0.93   0.02   0.93   0.93   0.93   0.07   0.91   0.99   0.79   0.91   0.93   0.86   0.08   0.97   0.22   0.07   0.98   0.93   0.93   0.23   0.93   0.79   0.17   0.29   0.87   0.05   0.93   0.96   0.98   0.01   0.87   0.13   0.93   0.99   

5.00   5.00   5.00   5.00   5.00   5.00   5.00   5.00   5.00   5.00   5.00   5.00   5.00   5.00   5.00   5.00   5.00   5.00   5.00   5.00   5.00   5.00   5.00   5.00   5.00   5.00   5.00   5.00   5.00   5.00   5.00   5.00   5.00   5.00   5.00   5.00   5.00   5.00   5.00   5.00   5.00   5.00   5.00   5.00   5.00   5.00   5.00   5.00   5.00   5.00   5.00   5.00   5.00   5.00   5.00   5.00   5.00   5.00   5.00   5.00   5.00   5.00   5.00   5.00   5.00   5.00   5.00   5.00   5.00   5.00   5.00   5.00   5.00   5.00   5.00   5.00   5.00   5.00   
0.01   0.09   0.01   0.04   0.04   0.30   0.08   0.06   0.01   0.36   0.38   0.28   0.09   0.15   0.24   0.04   0.01   0.66   0.35   0.01   0.01   0.09   0.68   0.04   0.09   0.68   0.01   0.01   0.01   0.04   0.08   0.36   0.04   0.04   1.00   0.72   0.99   0.83   0.08   0.04   0.06   0.59   0.11   0.09   0.96   0.09   0.83   0.94   0.48   0.24   0.11   0.99   0.42   0.01   0.83   0.97   0.66   0.97   0.59   0.73   0.94   0.94   0.97   0.72   0.36   0.44   0.44   0.15   0.72   0.36   0.66   0.23   0.96   0.04   0.97   0.64   0.94   0.99   
0.01   0.09   0.01   0.04   0.04   0.30   0.08   0.06   0.01   0.36   0.38   0.28   0.09   0.15   0.24   0.04   0.01   0.66   0.35   0.01   0.01   0.09   0.68   0.04   0.09   0.68   0.01   0.01   0.01   0.04   0.08   0.36   0.04   0.04   1.00   0.72   0.99   0.83   0.08   0.04   0.06   0.59   0.11   0.09   0.96   0.09   0.83   0.94   0.48   0.24   0.11   0.99   0.42   0.01   0.83   0.97   0.66   0.97   0.59   0.73   0.94   0.94   0.97   0.72   0.36   0.44   0.44   0.15   0.72   0.36   0.66   0.23   0.96   0.04   0.97   0.64   0.94   0.99   
0.50   0.50   0.50   0.50   0.50   0.35   0.50   0.50   0.50   0.50   0.03   0.50   0.50   0.50   0.36   0.50   0.50   0.82   0.30   0.50   0.50   0.42   0.08   0.50   0.50   0.50   0.50   0.50   0.24   0.50   0.78   0.46   0.50   0.50   0.50   0.50   0.50   0.50   0.50   0.50   0.80   0.02   0.05   0.50   0.50   0.18   0.50   0.50   0.50   0.28   0.50   0.50   0.92   0.50   0.77   0.47   0.18   0.45   0.43   0.04   0.96   0.50   0.50   0.36   0.50   0.87   0.48   0.46   0.83   0.48   0.50   0.50   0.85   0.37   0.39   0.35   0.50   0.50   
0.02   0.05   0.02   0.05   0.03   0.12   0.04   0.02   0.02   0.35   0.01   0.02   0.05   0.05   0.07   0.05   0.02   0.94   0.10   0.02   0.02   0.05   0.06   0.05   0.05   0.85   0.01   0.02   0.00   0.05   0.12   0.22   0.05   0.05   0.99   0.97   0.97   0.97   0.05   0.04   0.15   0.01   0.00   0.05   0.97   0.01   0.97   0.97   0.97   0.05   0.02   0.89   0.97   0.02   0.97   0.98   0.14   0.97   0.61   0.07   1.00   0.97   0.97   0.80   0.97   0.92   0.30   0.09   0.97   0.24   0.97   0.03   1.00   0.02   0.97   0.36   0.97   0.99   

5.00   5.00   5.00   5.00   5.00   5.00   5.00   5.00   5.00   5.00   5.00   5.00   5.00   5.00   5.00   5.00   5.00   5.00   5.00   5.00   5.00   5.00   5.00   5.00   5.00   5.00   5.00   5.00   5.00   5.00   5.00   5.00   5.00   5.00   5.00   5.00   5.00   5.00   5.00   5.00   5.00   5.00   5.00   5.00   5.00   5.00   5.00   5.00   5.00   5.00   5.00   5.00   5.00   5.00   5.00   5.00   5.00   5.00   5.00   5.00   5.00   5.00   5.00   5.00   5.00   5.00   5.00   5.00   5.00   5.00   5.00   5.00   5.00   5.00   5.00   5.00   5.00   5.00   
0.01   0.11   0.01   0.04   0.04   0.34   0.08   0.06   0.01   0.40   0.42   0.33   0.12   0.18   0.27   0.04   0.01   0.70   0.40   0.02   0.02   0.11   0.72   0.04   0.11   0.72   0.01   0.01   0.01   0.04   0.08   0.40   0.04   0.04   1.00   0.75   0.99   0.85   0.08   0.04   0.06   0.63   0.13   0.11   0.96   0.12   0.86   0.94   0.53   0.28   0.13   0.99   0.48   0.01   0.86   0.98   0.72   0.97   0.63   0.77   0.94   0.95   0.97   0.75   0.40   0.50   0.49   0.17   0.75   0.40   0.70   0.27   0.97   0.04   0.97   0.70   0.94   0.99   
0.01   0.11   0.01   0.04   0.04   0.34   0.08   0.06   0.01   0.40   0.42   0.33   0.12   0.18   0.27   0.04   0.01   0.70   0.40   0.02   0.02   0.11   0.72   0.04   0.11   0.72   0.01   0.01   0.01   0.04   0.08   0.40   0.04   0.04   1.00   0.75   0.99   0.85   0.08   0.04   0.06   0.63   0.13   0.11   0.96   0.12   0.86   0.94   0.53   0.28   0.13   0.99   0.48   0.01   0.86   0.98   0.72   0.97   0.63   0.77   0.94   0.95   0.97   0.75   0.40   0.50   0.49   0.17   0.75   0.40   0.70   0.27   0.97   0.04   0.97   0.70   0.94   0.99   
0.50   0.50   0.50   0.50   0.50   0.35   0.50   0.50   0.50   0.50   0.05   0.50   0.50   0.50   0.40   0.50   0.50   0.66   0.43   0.50   0.50   0.34   0.08   0.50   0.50   0.50   0.50   0.50   0.50   0.50   0.75   0.57   0.50   0.50   0.50   0.50   0.50   0.50   0.50   0.50   0.77   0.03   0.50   0.50   0.50   0.14   0.50   0.50   0.50   0.18   0.50   0.50   0.89   0.50   0.75   0.41   0.19   0.48   0.41   0.04   0.50   0.50   0.50   0.29   0.50   0.89   0.39   0.66   0.79   0.56   0.50   0.50   0.50   0.32   0.50   0.27   0.50   0.50   
0.90   0.03   0.90   0.03   0.02   0.24   0.18   0.90   0.90   0.18   0.10   0.90   0.03   0.03   0.19   0.03   0.90   0.79   0.69   0.90   0.90   0.29   0.23   0.03   0.03   0.99   0.17   0.90   0.18   0.03   0.77   0.26   0.03   0.03   0.98   0.89   0.89   0.89   0.03   0.02   0.87   0.04   0.83   0.03   0.89   0.02   0.89   0.89   0.89   0.03   0.90   0.99   0.83   0.90   0.93   0.77   0.07   0.98   0.68   0.17   0.83   0.89   0.89   0.35   0.89   0.88   0.28   0.86   0.92   0.26   0.89   0.96   0.91   0.05   0.94   0.06   0.89   0.96   

5.00   5.00   5.00   5.00   5.00   5.00   5.00   5.00   5.00   5.00   5.00   5.00   5.00   5.00   5.00   5.00   5.00   5.00   5.00   5.00   5.00   5.00   5.00   5.00   5.00   5.00   5.00   5.00   5.00   5.00   5.00   5.00   5.00   5.00   5.00   5.00   5.00   5.00   5.00   5.00   5.00   5.00   5.00   5.00   5.00   5.00   5.00   5.00   5.00   5.00   5.00   5.00   5.00   5.00   5.00   5.00   5.00   5.00   5.00   5.00   5.00   5.00   5.00   5.00   5.00   5.00   5.00   5.00   5.00   5.00   5.00   5.00   5.00   5.00   5.00   5.00   5.00   5.00   
0.01   0.37   0.01   0.04   0.04   0.38   0.09   0.06   0.01   0.44   0.45   0.60   0.12   0.19   0.27   0.04   0.01   0.67   0.43   0.02   0.02   0.11   0.67   0.04   0.11   0.84   0.01   0.01   0.01   0.04   0.09   0.69   0.04   0.04   1.00   0.90   0.99   0.94   0.09   0.04   0.05   0.60   0.12   0.11   0.98   0.12   0.90   0.97   0.77   0.28   0.12   0.94   0.52   0.01   0.79   0.93   0.68   0.98   0.79   0.80   0.90   0.97   0.98   0.80   0.69   0.75   0.74   0.18   0.90   0.44   0.67   0.26   0.98   0.04   0.93   0.67   0.97   0.95   
0.01   0.37   0.01   0.04   0.04   0.38   0.09   0.06   0.01   0.44   0.45   0.60   0.12   0.19   0.27   0.04   0.01   0.67   0.43   0.02   0.02   0.11   0.67   0.04   0.11   0.84   0.01   0.01   0.01   0.04   0.09   0.69   0.04   0.04   1.00   0.90   0.99   0.94   0.09   0.04   0.05   0.60   0.12   0.11   0.98   0.12   0.90   0.97   0.77   0.28   0.12   0.94   0.52   0.01   0.79   0.93   0.68   0.98   0.79   0.80   0.90   0.97   0.98   0.80   0.69   0.75   0.74   0.18   0.90   0.44   0.67   0.26   0.98   0.04   0.93   0.67   0.97   0.95   
0.50   0.50   0.50   0.50   0.50   0.27   0.50   0.50   0.50   0.50   0.03   0.50   0.50   0.50   0.34   0.50   0.50   0.64   0.36   0.50   0.50   0.26   0.04   0.50   0.50   0.50   0.50   0.50   0.50   0.50   0.74   0.52   0.50   0.50   0.50   0.50   0.50   0.50   0.50   0.50   0.77   0.01   0.50   0.50   0.50   0.09   0.50   0.50   0.50   0.12   0.50   0.50   0.90   0.50   0.74   0.35   0.12   0.42   0.34   0.02   0.50   0.50   0.50   0.22   0.50   0.90   0.32   0.63   0.79   0.51   0.50   0.50   0.50   0.25   0.44   0.20   0.50   0.50   
0.91   0.02   0.91   0.02   0.02   0.14   0.14   0.91   0.91   0.14   0.04   0.91   0.02   0.02   0.11   0.02   0.91   0.70   0.31   0.91   0.91   0.16   0.09   0.02   0.02   0.99   0.12   0.91   0.12   0.02   0.71   0.69   0.02   0.02   0.98   0.90   0.90   0.90   0.02   0.02   0.83   0.01   0.82   0.02   0.90   0.01   0.90   0.90   0.90   0.01   0.91   0.99   0.81   0.91   0.89   0.42   0.02   0.99   0.71   0.06   0.82   0.90   0.90   0.22   0.90   0.94   0.40   0.81   0.95   0.18   0.90   0.96   0.90   0.03   0.87   0.03   0.90   0.97   

5.00   5.00   5.00   5.00   5.00   5.00   5.00   5.00   5.00   5.00   5.00   5.00   5.00   5.00   5.00   5.00   5.00   5.00   5.00   5.00   5.00   5.00   5.00   5.00   5.00   5.00   5.00   5.00   5.00   5.00   5.00   5.00   5.00   5.00   5.00   5.00   5.00   5.00   5.00   5.00   5.00   5.00   5.00   5.00   5.00   5.00   5.00   5.00   5.00   5.00   5.00   5.00   5.00   5.00   5.00   5.00   5.00   5.00   5.00   5.00   5.00   5.00   5.00   5.00   5.00   5.00   5.00   5.00   5.00   5.00   5.00   5.00   5.00   5.00   5.00   5.00   5.00   5.00   
0.01   0.38   0.01   0.04   0.04   0.34   0.09   0.06   0.01   0.41   0.43   0.69   0.10   0.18   0.23   0.04   0.01   0.62   0.41   0.02   0.02   0.11   0.63   0.04   0.11   0.89   0.01   0.01   0.01   0.04   0.31   0.67   0.04   0.04   1.00   0.88   0.99   0.96   0.09   0.04   0.05   0.55   0.12   0.10   0.96   0.10   0.93   0.95   0.86   0.24   0.12   0.92   0.48   0.01   0.75   0.90   0.63   0.96   0.86   0.86   0.87   0.95   0.96   0.77   0.67   0.73   0.72   0.17   0.94   0.41   0.62   0.24   0.96   0.04   0.95   0.61   0.95   0.96   
0.01   0.38   0.01   0.04   0.04   0.34   0.09   0.06   0.01   0.41   0.43   0.69   0.10   0.18   0.23   0.04   0.01   0.62   0.41   0.02   0.02   0.11   0.63   0.04   0.11   0.89   0.01   0.01   0.01   0.04   0.31   0.67   0.04   0.04   1.00   0.88   0.99   0.96   0.09   0.04   0.05   0.55   0.12   0.10   0.96   0.10   0.93   0.95   0.86   0.24   0.12   0.92   0.48   0.01   0.75   0.90   0.63   0.96   0.86   0.86   0.87   0.95   0.96   0.77   0.67   0.73   0.72   0.17   0.94   0.41   0.62   0.24   0.96   0.04   0.95   0.61   0.95   0.96   
0.50   0.50   0.50   0.50   0.50   0.27   0.50   0.50   0.50   0.50   0.04   0.50   0.50   0.50   0.32   0.50   0.50   0.56   0.34   0.50   0.50   0.26   0.06   0.50   0.50   0.50   0.50   0.50   0.50   0.50   0.65   0.47   0.50   0.50   0.50   0.50   0.50   0.50   0.50   0.50   0.68   0.03   0.50   0.50   0.50   0.11   0.50   0.50   0.50   0.14   0.50   0.50   0.83   0.50   0.65   0.33   0.15   0.38   0.33   0.03   0.50   0.50   0.50   0.23   0.50   0.82   0.31   0.56   0.70   0.46   0.50   0.50   0.50   0.25   0.41   0.22   0.50   0.50   
0.93   0.02   0.93   0.64   0.02   0.11   0.18   0.93   0.93   0.11   0.04   0.93   0.02   0.02   0.09   0.64   0.93   0.29   0.27   0.93   0.93   0.13   0.08   0.02   0.02   0.99   0.13   0.93   0.13   0.02   0.80   0.31   0.02   0.02   0.98   0.89   0.89   0.89   0.64   0.02   0.70   0.02   0.79   0.64   0.89   0.01   0.89   0.89   0.89   0.01   0.93   0.99   0.56   0.93   0.74   0.29   0.02   0.93   0.74   0.14   0.81   0.89   0.89   0.19   0.89   0.82   0.26   0.45   0.94   0.12   0.89   0.97   0.88   0.03   0.89   0.02   0.89   0.96   

5.00   5.00   5.00   5.00   5.00   5.00   5.00   5.00   5.00   5.00   5.00   5.00   5.00   5.00   5.00   5.00   5.00   5.00   5.00   5.00   5.00   5.00   5.00   5.00   5.00   5.00   5.00   5.00   5.00   5.00   5.00   5.00   5.00   5.00   5.00   5.00   5.00   5.00   5.00   5.00   5.00   5.00   5.00   5.00   5.00   5.00   5.00   5.00   5.00   5.00   5.00   5.00   5.00   5.00   5.00   5.00   5.00   5.00   5.00   5.00   5.00   5.00   5.00   5.00   5.00   5.00   5.00   5.00   5.00   5.00   5.00   5.00   5.00   5.00   5.00   5.00   5.00   5.00   
0.01   0.65   0.01   0.03   0.03   0.27   0.08   0.07   0.01   0.33   0.69   0.80   0.08   0.17   0.20   0.03   0.01   0.53   0.35   0.02   0.02   0.11   0.57   0.03   0.11   0.94   0.01   0.01   0.01   0.03   0.35   0.61   0.03   0.03   1.00   0.79   0.99   0.91   0.08   0.03   0.04   0.47   0.12   0.08   0.96   0.08   0.96   0.95   0.92   0.21   0.12   0.92   0.40   0.01   0.84   0.79   0.53   0.90   0.92   0.79   0.75   0.88   0.89   0.62   0.61   0.67   0.66   0.17   0.95   0.33   0.53   0.22   0.96   0.03   0.95   0.53   0.87   0.90   
0.01   0.65   0.01   0.03   0.03   0.27   0.08   0.07   0.01   0.33   0.69   0.80   0.08   0.17   0.20   0.03   0.01   0.53   0.35   0.02   0.02   0.11   0.57   0.03   0.11   0.94   0.01   0.01   0.01   0.03   0.35   0.61   0.03   0.03   1.00   0.79   0.99   0.91   0.08   0.03   0.04   0.47   0.12   0.08   0.96   0.08   0.96   0.95   0.92   0.21   0.12   0.92   0.40   0.01   0.84   0.79   0.53   0.90   0.92   0.79   0.75   0.88   0.89   0.62   0.61   0.67   0.66   0.17   0.95   0.33   0.53   0.22   0.96   0.03   0.95   0.53   0.87   0.90   
0.50   0.50   0.50   0.50   0.50   0.31   0.50   0.50   0.50   0.50   0.04   0.50   0.50   0.50   0.38   0.50   0.50   0.66   0.40   0.50   0.50   0.31   0.06   0.50   0.50   0.50   0.50   0.50   0.50   0.50   0.75   0.55   0.50   0.50   0.50   0.50   0.50   0.50   0.50   0.50   0.78   0.02   0.50   0.50   0.50   0.12   0.50   0.50   0.50   0.16   0.50   0.50   0.90   0.50   0.75   0.39   0.16   0.45   0.38   0.03   0.50   0.50   0.50   0.26   0.50   0.90   0.37   0.65   0.80   0.55   0.50   0.50   0.50   0.29   0.48   0.24   0.50   0.50   
0.94   0.02   0.94   0.69   0.02   0.10   0.16   0.94   0.94   0.09   0.07   0.94   0.02   0.02   0.09   0.69   0.94   0.60   0.26   0.94   0.94   0.14   0.07   0.02   0.02   0.99   0.10   0.94   0.10   0.02   0.85   0.31   0.02   0.02   0.98   0.90   0.90   0.90   0.69   0.02   0.76   0.01   0.80   0.69   0.90   0.01   0.90   0.90   0.90   0.01   0.94   0.99   0.68   0.94   0.90   0.30   0.02   0.89   0.85   0.09   0.81   0.90   0.90   0.17   0.90   0.87   0.25   0.72   0.98   0.13   0.90   0.98   0.89   0.03   0.95   0.02   0.90   0.96   

5.00   5.00   5.00   5.00   5.00   5.00   5.00   5.00   5.00   5.00   5.00   5.00   5.00   5.00   5.00   5.00   5.00   5.00   5.00   5.00   5.00   5.00   5.00   5.00   5.00   5.00   5.00   5.00   5.00   5.00   5.00   5.00   5.00   5.00   5.00   5.00   5.00   5.00   5.00   5.00   5.00   5.00   5.00   5.00   5.00   5.00   5.00   5.00   5.00   5.00   5.00   5.00   5.00   5.00   5.00   5.00   5.00   5.00   5.00   5.00   5.00   5.00   5.00   5.00   5.00   5.00   5.00   5.00   5.00   5.00   5.00   5.00   5.00   5.00   5.00   5.00   5.00   5.00   
0.01   0.45   0.01   0.03   0.25   0.44   0.06   0.04   0.01   0.22   0.42   0.82   0.06   0.10   0.39   0.25   0.01   0.63   0.23   0.01   0.01   0.07   0.65   0.03   0.07   0.94   0.01   0.01   0.01   0.03   0.23   0.70   0.03   0.03   1.00   0.86   0.99   0.94   0.06   0.03   0.25   0.32   0.07   0.06   0.97   0.06   0.96   0.97   0.92   0.38   0.07   0.93   0.24   0.01   0.61   0.85   0.36   0.94   0.92   0.83   0.83   0.92   0.93   0.73   0.70   0.73   0.73   0.10   0.96   0.48   0.63   0.39   0.97   0.03   0.96   0.34   0.92   0.93   
0.01   0.45   0.01   0.03   0.25   0.44   0.06   0.04   0.01   0.22   0.42   0.82   0.06   0.10   0.39   0.25   0.01   0.63   0.23   0.01   0.01   0.07   0.65   0.03   0.07   0.94   0.01   0.01   0.01   0.03   0.23   0.70   0.03   0.03   1.00   0.86   0.99   0.94   0.06   0.03   0.25   0.32   0.07   0.06   0.97   0.06   0.96   0.97   0.92   0.38   0.07   0.93   0.24   0.01   0.61   0.85   0.36   0.94   0.92   0.83   0.83   0.92   0.93   0.73   0.70   0.73   0.73   0.10   0.96   0.48   0.63   0.39   0.97   0.03   0.96   0.34   0.92   0.93   
0.50   0.50   0.50   0.50   0.50   0.30   0.50   0.50   0.50   0.50   0.04   0.50   0.50   0.50   0.37   0.50   0.50   0.64   0.39   0.50   0.50   0.29   0.06   0.50   0.50   0.50   0.50   0.50   0.50   0.50   0.74   0.54   0.50   0.50   0.50   0.50   0.50   0.50   0.50   0.50   0.76   0.02   0.50   0.50   0.50   0.11   0.50   0.50   0.50   0.15   0.50   0.50   0.89   0.50   0.74   0.37   0.15   0.44   0.37   0.02   0.50   0.50   0.50   0.25   0.50   0.89   0.35   0.64   0.78   0.53   0.50   0.50   0.50   0.28   0.47   0.23   0.50   0.50   
0.93   0.02   0.93   0.68   0.02   0.17   0.13   0.93   0.93   0.10   0.03   0.93   0.02   0.02   0.18   0.68   0.93   0.68   0.16   0.93   0.93   0.06   0.07   0.02   0.02   0.99   0.09   0.93   0.10   0.02   0.73   0.45   0.02   0.02   0.98   0.91   0.91   0.91   0.68   0.02   0.78   0.01   0.76   0.68   0.91   0.00   0.91   0.91   0.91   0.03   0.93   0.99   0.53   0.93   0.78   0.37   0.01   0.91   0.86   0.09   0.86   0.91   0.91   0.24   0.91   0.90   0.34   0.30   0.98   0.26   0.91   0.98   0.89   0.02   0.94   0.01   0.91   0.97   

5.00   5.00   5.00   5.00   5.00   5.00   5.00   5.00   5.00   5.00   5.00   5.00   5.00   5.00   5.00   5.00   5.00   5.00   5.00   5.00   5.00   5.00   5.00   5.00   5.00   5.00   5.00   5.00   5.00   5.00   5.00   5.00   5.00   5.00   5.00   5.00   5.00   5.00   5.00   5.00   5.00   5.00   5.00   5.00   5.00   5.00   5.00   5.00   5.00   5.00   5.00   5.00   5.00   5.00   5.00   5.00   5.00   5.00   5.00   5.00   5.00   5.00   5.00   5.00   5.00   5.00   5.00   5.00   5.00   5.00   5.00   5.00   5.00   5.00   5.00   5.00   5.00   5.00   
0.01   0.45   0.02   0.04   0.25   0.43   0.07   0.03   0.02   0.19   0.39   0.82   0.06   0.10   0.39   0.22   0.02   0.63   0.20   0.02   0.02   0.07   0.60   0.02   0.07   0.94   0.02   0.01   0.01   0.04   0.23   0.69   0.04   0.04   1.00   0.85   0.99   0.94   0.07   0.04   0.22   0.29   0.07   0.04   0.97   0.06   0.96   0.97   0.92   0.38   0.05   0.93   0.24   0.01   0.61   0.84   0.36   0.93   0.92   0.81   0.82   0.90   0.92   0.72   0.69   0.73   0.73   0.08   0.96   0.48   0.63   0.39   0.97   0.02   0.96   0.34   0.91   0.93   
0.01   0.45   0.02   0.04   0.25   0.43   0.07   0.03   0.02   0.19   0.39   0.82   0.06   0.10   0.39   0.22   0.02   0.63   0.20   0.02   0.02   0.07   0.60   0.02   0.07   0.94   0.02   0.01   0.01   0.04   0.23   0.69   0.04   0.04   1.00   0.85   0.99   0.94   0.07   0.04   0.22   0.29   0.07   0.04   0.97   0.06   0.96   0.97   0.92   0.38   0.05   0.93   0.24   0.01   0.61   0.84   0.36   0.93   0.92   0.81   0.82   0.90   0.92   0.72   0.69   0.73   0.73   0.08   0.96   0.48   0.63   0.39   0.97   0.02   0.96   0.34   0.91   0.93   
0.50   0.50   0.50   0.50   0.50   0.26   0.50   0.50   0.50   0.50   0.02   0.50   0.50   0.50   0.32   0.50   0.50   0.66   0.35   0.50   0.50   0.26   0.04   0.50   0.50   0.50   0.50   0.50   0.50   0.50   0.75   0.52   0.50   0.50   0.50   0.50   0.50   0.50   0.50   0.50   0.77   0.50   0.50   0.50   0.50   0.50   0.50   0.50   0.50   0.17   0.50   0.50   0.83   0.50   0.79   0.38   0.16   0.41   0.30   0.01   0.50   0.50   0.50   0.29   0.50   0.87   0.21   0.54   0.79   0.58   0.50   0.50   0.50   0.27   0.43   0.23   0.50   0.50   
0.94   0.02   0.94   0.68   0.02   0.13   0.15   0.94   0.94   0.08   0.02   0.94   0.02   0.02   0.13   0.68   0.94   0.65   0.16   0.94   0.94   0.06   0.04   0.02   0.02   0.99   0.11   0.94   0.12   0.02   0.76   0.39   0.02   0.02   0.98   0.89   0.89   0.89   0.68   0.02   0.79   0.22   0.76   0.68   0.89   0.03   0.89   0.89   0.89   0.03   0.94   0.99   0.10   0.94   0.80   0.30   0.01   0.88   0.80   0.05   0.83   0.89   0.89   0.25   0.89   0.84   0.16   0.25   0.98   0.27   0.89   0.98   0.84   0.03   0.92   0.01   0.89   0.96   

5.00   5.00   5.00   5.00   5.00   5.00   5.00   5.00   5.00   5.00   5.00   5.00   5.00   5.00   5.00   5.00   5.00   5.00   5.00   5.00   5.00   5.00   5.00   5.00   5.00   5.00   5.00   5.00   5.00   5.00   5.00   5.00   5.00   5.00   5.00   5.00   5.00   5.00   5.00   5.00   5.00   5.00   5.00   5.00   5.00   5.00   5.00   5.00   5.00   5.00   5.00   5.00   5.00   5.00   5.00   5.00   5.00   5.00   5.00   5.00   5.00   5.00   5.00   5.00   5.00   5.00   5.00   5.00   5.00   5.00   5.00   5.00   5.00   5.00   5.00   5.00   5.00   5.00   
0.01   0.36   0.02   0.03   0.20   0.37   0.06   0.02   0.02   0.18   0.32   0.85   0.06   0.09   0.32   0.17   0.02   0.54   0.18   0.02   0.02   0.06   0.52   0.02   0.06   0.94   0.02   0.01   0.01   0.03   0.20   0.59   0.03   0.03   1.00   0.89   1.00   0.96   0.06   0.03   0.17   0.27   0.06   0.04   0.98   0.06   0.96   0.88   0.82   0.33   0.05   0.95   0.51   0.01   0.55   0.90   0.58   0.95   0.92   0.87   0.88   0.93   0.94   0.82   0.59   0.80   0.80   0.07   0.97   0.41   0.54   0.32   0.98   0.02   0.97   0.58   0.93   0.95   
0.01   0.36   0.02   0.03   0.20   0.37   0.06   0.02   0.02   0.18   0.32   0.85   0.06   0.09   0.32   0.17   0.02   0.54   0.18   0.02   0.02   0.06   0.52   0.02   0.06   0.94   0.02   0.01   0.01   0.03   0.20   0.59   0.03   0.03   1.00   0.89   1.00   0.96   0.06   0.03   0.17   0.27   0.06   0.04   0.98   0.06   0.96   0.88   0.82   0.33   0.05   0.95   0.51   0.01   0.55   0.90   0.58   0.95   0.92   0.87   0.88   0.93   0.94   0.82   0.59   0.80   0.80   0.07   0.97   0.41   0.54   0.32   0.98   0.02   0.97   0.58   0.93   0.95   
0.50   0.50   0.50   0.50   0.50   0.32   0.50   0.50   0.50   0.50   0.04   0.50   0.50   0.50   0.37   0.50   0.50   0.67   0.40   0.50   0.50   0.31   0.06   0.50   0.50   0.50   0.50   0.50   0.50   0.50   0.75   0.55   0.50   0.50   0.50   0.50   0.50   0.50   0.50   0.50   0.76   0.50   0.50   0.50   0.50   0.50   0.50   0.50   0.50   0.23   0.50   0.50   0.81   0.50   0.78   0.42   0.22   0.46   0.35   0.03   0.50   0.50   0.50   0.35   0.50   0.85   0.26   0.56   0.78   0.60   0.50   0.50   0.50   0.33   0.47   0.28   0.50   0.50   
0.77   0.02   0.77   0.73   0.01   0.12   0.03   0.77   0.77   0.22   0.01   0.77   0.02   0.02   0.12   0.73   0.77   0.48   0.04   0.77   0.77   0.02   0.03   0.02   0.02   0.98   0.02   0.77   0.02   0.02   0.30   0.43   0.02   0.02   0.99   0.97   0.97   0.97   0.73   0.02   0.58   0.17   0.67   0.73   0.97   0.03   0.97   0.97   0.97   0.06   0.77   0.99   0.90   0.77   0.86   0.92   0.19   0.98   0.92   0.11   0.97   0.97   0.97   0.80   0.97   0.97   0.46   0.04   0.99   0.28   0.97   0.86   0.99   0.00   0.98   0.28   0.97   0.99   

5.00   5.00   5.00   5.00   5.00   5.00   5.00   5.00   5.00   5.00   5.00   5.00   5.00   5.00   5.00   5.00   5.00   5.00   5.00   5.00   5.00   5.00   5.00   5.00   5.00   5.00   5.00   5.00   5.00   5.00   5.00   5.00   5.00   5.00   5.00   5.00   5.00   5.00   5.00   5.00   5.00   5.00   5.00   5.00   5.00   5.00   5.00   5.00   5.00   5.00   5.00   5.00   5.00   5.00   5.00   5.00   5.00   5.00   5.00   5.00   5.00   5.00   5.00   5.00   5.00   5.00   5.00   5.00   5.00   5.00   5.00   5.00   5.00   5.00   5.00   5.00   5.00   5.00   
0.01   0.32   0.02   0.04   0.22   0.40   0.07   0.03   0.02   0.20   0.35   0.85   0.08   0.11   0.35   0.20   0.01   0.57   0.20   0.03   0.03   0.07   0.55   0.03   0.07   0.92   0.02   0.00   0.01   0.01   0.21   0.60   0.04   0.01   1.00   0.90   1.00   0.96   0.03   0.04   0.21   0.29   0.08   0.05   0.98   0.08   0.96   0.89   0.82   0.29   0.06   0.95   0.51   0.01   0.57   0.91   0.53   0.96   0.93   0.88   0.89   0.94   0.95   0.83   0.60   0.81   0.81   0.09   0.97   0.44   0.57   0.35   0.98   0.01   0.97   0.52   0.93   0.95   
0.01   0.32   0.02   0.04   0.22   0.40   0.07   0.03   0.02   0.20   0.35   0.85   0.08   0.11   0.35   0.20   0.01   0.57   0.20   0.03   0.03   0.07   0.55   0.03   0.07   0.92   0.02   0.00   0.01   0.01   0.21   0.60   0.04   0.01   1.00   0.90   1.00   0.96   0.03   0.04   0.21   0.29   0.08   0.05   0.98   0.08   0.96   0.89   0.82   0.29   0.06   0.95   0.51   0.01   0.57   0.91   0.53   0.96   0.93   0.88   0.89   0.94   0.95   0.83   0.60   0.81   0.81   0.09   0.97   0.44   0.57   0.35   0.98   0.01   0.97   0.52   0.93   0.95   
0.50   0.50   0.50   0.50   0.50   0.21   0.50   0.50   0.50   0.50   0.02   0.50   0.50   0.50   0.26   0.50   0.50   0.63   0.31   0.50   0.50   0.25   0.04   0.50   0.50   0.50   0.50   0.50   0.50   0.50   0.65   0.46   0.50   0.50   0.50   0.50   0.50   0.50   0.50   0.50   0.64   0.50   0.50   0.50   0.50   0.50   0.50   0.50   0.50   0.11   0.50   0.50   0.83   0.50   0.81   0.30   0.14   0.44   0.18   0.01   0.50   0.50   0.50   0.32   0.50   0.87   0.22   0.35   0.50   0.61   0.50   0.50   0.50   0.50   0.44   0.20   0.50   0.50   
0.93   0.02   0.93   0.69   0.01   0.09   0.09   0.93   0.93   0.10   0.01   0.93   0.02   0.02   0.09   0.69   0.93   0.62   0.09   0.93   0.93   0.04   0.03   0.02   0.02   0.99   0.07   0.93   0.08   0.02   0.37   0.34   0.02   0.02   0.99   0.92   0.92   0.92   0.69   0.02   0.61   0.18   0.78   0.69   0.92   0.03   0.92   0.92   0.92   0.01   0.93   0.99   0.67   0.93   0.84   0.41   0.01   0.95   0.76   0.05   0.90   0.92   0.92   0.39   0.92   0.93   0.29   0.09   0.96   0.29   0.92   0.97   0.94   0.03   0.95   0.01   0.92   0.98   

0.59   0.54   0.52   0.51   0.55   0.29   0.42   0.38   0.48   0.59   0.46   0.35   0.39   0.55   0.38   0.61   0.50   0.36   0.51   0.56   0.48   0.21   0.36   0.55   0.53   0.28   0.46   0.50   0.46   0.29   0.18   0.23   0.44   0.48   0.50   0.11   0.50   0.13   0.52   0.39   0.21   0.51   0.49   0.58   0.13   0.38   0.34   0.20   0.08   0.49   0.27   0.38   0.32   0.50   0.41   0.46   0.58   0.39   0.26   0.44   0.37   0.36   0.38   0.45   0.35   0.39   0.30   0.27   0.46   0.32   0.18   0.29   0.14   0.57   0.35   0.44   0.44   0.30   
0.02   0.18   0.02   0.03   0.15   0.11   0.03   0.02   0.02   0.16   0.17   0.54   0.03   0.09   0.13   0.17   0.01   0.21   0.12   0.03   0.02   0.01   0.21   0.03   0.06   0.58   0.02   0.00   0.01   0.00   0.03   0.24   0.02   0.01   1.00   0.31   0.99   0.71   0.02   0.02   0.04   0.16   0.05   0.06   0.39   0.03   0.89   0.31   0.17   0.15   0.02   0.89   0.16   0.01   0.25   0.86   0.36   0.91   0.77   0.68   0.78   0.85   0.75   0.63   0.23   0.43   0.49   0.02   0.94   0.13   0.10   0.09   0.81   0.01   0.92   0.23   0.89   0.71   
0.01   0.26   0.02   0.04   0.19   0.36   0.06   0.03   0.02   0.17   0.29   0.79   0.06   0.09   0.29   0.17   0.01   0.51   0.18   0.02   0.02   0.06   0.49   0.02   0.06   0.87   0.02   0.00   0.01   0.01   0.17   0.75   0.04   0.01   1.00   0.93   1.00   0.97   0.03   0.04   0.18   0.24   0.07   0.05   0.93   0.06   0.97   0.84   0.88   0.24   0.05   0.96   0.45   0.01   0.49   0.93   0.45   0.97   0.95   0.82   0.92   0.95   0.90   0.77   0.56   0.76   0.88   0.07   0.97   0.39   0.51   0.29   0.98   0.01   0.97   0.45   0.95   0.90   
0.50   0.50   0.50   0.50   0.50   0.22   0.50   0.50   0.50   0.50   0.02   0.50   0.50   0.50   0.28   0.50   0.50   0.67   0.33   0.50   0.50   0.26   0.04   0.50   0.50   0.50   0.50   0.50   0.50   0.50   0.69   0.49   0.50   0.50   0.50   0.50   0.50   0.50   0.50   0.50   0.69   0.50   0.50   0.50   0.50   0.50   0.50   0.50   0.50   0.11   0.50   0.50   0.86   0.50   0.85   0.32   0.14   0.47   0.19   0.01   0.50   0.50   0.50   0.34   0.50   0.90   0.23   0.37   0.50   0.65   0.50   0.50   0.50   0.50   0.48   0.21   0.50   0.50   
0.58   0.04   0.58   0.59   0.02   0.24   0.04   0.58   0.58   0.96   0.01   0.58   0.04   0.04   0.19   0.59   0.58   0.88   0.17   0.58   0.58   0.05   0.05   0.04   0.04   0.97   0.02   0.58   0.02   0.04   0.41   0.92   0.04   0.04   0.99   0.97   0.97   0.97   0.59   0.03   0.67   0.43   0.63   0.59   0.97   0.04   0.97   0.97   0.97   0.03   0.58   0.98   0.95   0.58   0.95   0.95   0.13   0.99   0.94   0.05   0.98   0.97   0.97   0.85   0.97   0.99   0.89   0.07   0.99   0.83   0.97   0.63   0.99   0.01   0.99   0.21   0.97   1.00   

0.45   0.42   0.42   0.40   0.42   0.34   0.40   0.36   0.42   0.43   0.39   0.35   0.36   0.43   0.35   0.44   0.50   0.36   0.39   0.42   0.42   0.32   0.35   0.42   0.42   0.30   0.39   0.50   0.40   0.50   0.26   0.30   0.37   0.41   0.50   0.24   0.50   0.25   0.46   0.37   0.28   0.41   0.41   0.44   0.23   0.39   0.34   0.27   0.20   0.40   0.30   0.37   0.34   0.50   0.36   0.38   0.44   0.35   0.31   0.37   0.35   0.34   0.35   0.39   0.36   0.35   0.34   0.33   0.39   0.32   0.27   0.30   0.24   0.42   0.34   0.38   0.38   0.31   
0.02   0.09   0.03   0.03   0.11   0.15   0.02   0.03   0.03   0.07   0.14   0.58   0.04   0.07   0.13   0.11   0.01   0.23   0.09   0.01   0.03   0.03   0.22   0.01   0.02   0.65   0.02   0.00   0.00   0.01   0.05   0.36   0.03   0.02   1.00   0.74   0.99   0.88   0.03   0.01   0.06   0.12   0.05   0.02   0.46   0.04   0.92   0.43   0.42   0.08   0.03   0.91   0.17   0.00   0.21   0.85   0.19   0.92   0.85   0.66   0.80   0.87   0.76   0.61   0.26   0.43   0.71   0.04   0.94   0.15   0.17   0.11   0.91   0.00   0.93   0.15   0.89   0.76   
0.03   0.19   0.04   0.06   0.23   0.39   0.03   0.05   0.04   0.13   0.31   0.80   0.09   0.12   0.32   0.21   0.01   0.53   0.20   0.01   0.05   0.09   0.52   0.01   0.04   0.87   0.04   0.00   0.01   0.01   0.19   0.77   0.06   0.03   1.00   0.93   1.00   0.97   0.04   0.02   0.22   0.26   0.10   0.03   0.89   0.09   0.97   0.85   0.89   0.19   0.08   0.96   0.44   0.01   0.50   0.93   0.36   0.97   0.95   0.83   0.92   0.95   0.90   0.77   0.58   0.77   0.88   0.10   0.98   0.42   0.53   0.33   0.98   0.00   0.97   0.35   0.95   0.91   
0.50   0.50   0.50   0.50   0.50   0.21   0.50   0.50   0.50   0.50   0.02   0.50   0.50   0.50   0.27   0.50   0.50   0.63   0.31   0.50   0.50   0.25   0.04   0.50   0.50   0.50   0.50   0.50   0.50   0.50   0.65   0.46   0.50   0.50   0.50   0.50   0.50   0.50   0.50   0.50   0.65   0.50   0.50   0.50   0.50   0.50   0.50   0.50   0.50   0.11   0.50   0.50   0.83   0.50   0.82   0.31   0.14   0.44   0.18   0.01   0.50   0.50   0.50   0.32   0.50   0.87   0.23   0.35   0.50   0.61   0.50   0.50   0.50   0.50   0.45   0.21   0.50   0.50   
0.72   0.03   0.72   0.03   0.01   0.18   0.03   0.72   0.72   0.31   0.01   0.72   0.03   0.03   0.15   0.03   0.72   0.83   0.14   0.72   0.72   0.07   0.05   0.03   0.03   0.98   0.02   0.72   0.02   0.03   0.42   0.92   0.03   0.03   0.99   0.97   0.97   0.97   0.03   0.02   0.69   0.27   0.77   0.03   0.97   0.03   0.97   0.97   0.97   0.01   0.72   0.99   0.88   0.72   0.93   0.92   0.01   0.99   0.94   0.07   0.98   0.97   0.97   0.81   0.97   0.98   0.89   0.12   0.99   0.77   0.97   0.80   0.99   0.01   0.99   0.02   0.97   0.99   

0.11   0.14   0.16   0.22   0.15   0.61   0.27   0.47   0.23   0.11   0.26   0.50   0.40   0.11   0.48   0.13   0.50   0.40   0.27   0.19   0.17   0.66   0.48   0.15   0.18   0.67   0.20   0.50   0.50   0.50   0.90   0.79   0.35   0.25   0.50   0.95   0.50   0.88   0.08   0.46   0.86   0.22   0.19   0.12   0.94   0.23   0.48   0.86   0.98   0.24   0.77   0.39   0.57   0.50   0.34   0.32   0.10   0.51   0.72   0.35   0.50   0.48   0.40   0.24   0.38   0.41   0.52   0.63   0.28   0.70   0.87   0.72   0.95   0.50   0.58   0.35   0.27   0.70   
0.00   0.03   0.01   0.01   0.04   0.37   0.01   0.04   0.01   0.01   0.09   0.82   0.05   0.01   0.22   0.03   0.01   0.42   0.12   0.00   0.01   0.12   0.35   0.02   0.01   0.94   0.01   0.00   0.01   0.01   0.76   0.94   0.03   0.01   1.00   1.00   1.00   1.00   0.00   0.02   0.69   0.06   0.02   0.00   0.99   0.02   0.97   0.97   1.00   0.05   0.18   0.94   0.37   0.01   0.33   0.87   0.03   0.97   0.98   0.75   0.86   0.95   0.76   0.44   0.30   0.74   0.90   0.12   0.94   0.63   0.92   0.58   1.00   0.00   0.98   0.14   0.88   0.96   
0.03   0.17   0.04   0.05   0.19   0.33   0.03   0.05   0.04   0.12   0.27   0.81   0.08   0.10   0.27   0.17   0.01   0.61   0.33   0.01   0.04   0.07   0.44   0.13   0.03   0.88   0.04   0.00   0.01   0.01   0.16   0.80   0.05   0.02   1.00   0.94   1.00   0.97   0.04   0.02   0.18   0.23   0.08   0.03   0.90   0.08   0.97   0.86   0.83   0.16   0.07   0.97   0.38   0.01   0.58   0.94   0.31   0.97   0.95   0.85   0.86   0.96   0.83   0.80   0.49   0.80   0.89   0.09   0.98   0.36   0.61   0.27   0.98   0.00   0.98   0.30   0.96   0.92   
0.50   0.50   0.50   0.50   0.50   0.23   0.50   0.50   0.50   0.50   0.04   0.50   0.50   0.50   0.34   0.50   0.50   0.70   0.31   0.50   0.50   0.28   0.06   0.50   0.50   0.50   0.50   0.50   0.50   0.50   0.66   0.44   0.50   0.50   0.50   0.50   0.50   0.50   0.50   0.50   0.63   0.50   0.50   0.50   0.50   0.50   0.50   0.50   0.50   0.50   0.50   0.50   0.86   0.50   0.84   0.42   0.11   0.44   0.22   0.02   0.50   0.50   0.50   0.37   0.50   0.86   0.31   0.38   0.50   0.57   0.50   0.50   0.50   0.50   0.43   0.20   0.50   0.50   
0.81   0.02   0.81   0.75   0.01   0.12   0.03   0.81   0.81   0.23   0.02   0.81   0.02   0.02   0.14   0.75   0.81   0.91   0.28   0.81   0.81   0.06   0.04   0.02   0.02   0.98   0.02   0.81   0.02   0.02   0.35   0.93   0.02   0.02   0.99   0.97   0.97   0.97   0.75   0.02   0.57   0.21   0.82   0.75   0.97   0.02   0.97   0.97   0.97   0.03   0.81   0.99   0.85   0.81   0.96   0.96   0.01   0.99   0.96   0.12   0.98   0.97   0.97   0.86   0.97   0.98   0.94   0.10   0.99   0.36   0.97   0.88   0.99   0.01   0.99   0.01   0.97   1.00   

0.50   0.06   0.07   0.05   0.08   0.32   0.13   0.25   0.14   0.04   0.13   0.33   0.18   0.06   0.26   0.05   0.50   0.31   0.13   0.50   0.03   0.62   0.34   0.10   0.13   0.66   0.09   0.50   0.50   0.50   0.81   0.54   0.18   0.12   0.50   0.50   0.50   0.50   0.50   0.16   0.60   0.09   0.16   0.50   0.50   0.25   0.43   0.91   0.50   0.07   0.45   0.29   0.48   0.50   0.34   0.14   0.04   0.20   0.44   0.11   0.36   0.33   0.42   0.18   0.51   0.37   0.57   0.61   0.19   0.48   0.79   0.56   0.50   0.50   0.27   0.15   0.26   0.64   
0.02   0.01   0.00   0.00   0.02   0.13   0.00   0.01   0.00   0.00   0.04   0.64   0.01   0.01   0.08   0.01   0.01   0.28   0.04   0.01   0.00   0.10   0.20   0.01   0.00   0.92   0.00   0.00   0.01   0.01   0.56   0.79   0.01   0.00   1.00   0.92   0.99   0.96   0.03   0.00   0.19   0.02   0.01   0.02   0.88   0.02   0.96   0.98   0.79   0.01   0.04   0.90   0.25   0.00   0.29   0.48   0.01   0.86   0.93   0.26   0.71   0.88   0.73   0.29   0.38   0.66   0.90   0.11   0.88   0.24   0.84   0.24   0.97   0.00   0.92   0.04   0.84   0.94   
0.03   0.16   0.04   0.05   0.19   0.33   0.03   0.05   0.04   0.12   0.27   0.81   0.08   0.10   0.26   0.17   0.01   0.61   0.33   0.01   0.04   0.07   0.44   0.13   0.03   0.88   0.04   0.00   0.01   0.01   0.16   0.79   0.05   0.02   1.00   0.94   1.00   0.97   0.03   0.02   0.18   0.23   0.08   0.03   0.90   0.08   0.97   0.86   0.82   0.15   0.07   0.97   0.38   0.01   0.57   0.94   0.30   0.97   0.95   0.85   0.86   0.96   0.83   0.80   0.49   0.80   0.89   0.09   0.98   0.35   0.61   0.27   0.98   0.00   0.98   0.29   0.96   0.92   
0.50   0.50   0.50   0.50   0.50   0.25   0.50   0.50   0.50   0.50   0.04   0.50   0.50   0.50   0.43   0.50   0.50   0.79   0.40   0.50   0.50   0.24   0.06   0.50   0.50   0.50   0.50   0.50   0.50   0.50   0.64   0.54   0.50   0.50   0.50   0.50   0.50   0.50   0.50   0.50   0.63   0.50   0.50   0.50   0.50   0.50   0.50   0.50   0.50   0.50   0.50   0.50   0.89   0.50   0.89   0.47   0.50   0.58   0.23   0.02   0.50   0.50   0.50   0.38   0.50   0.87   0.35   0.40   0.50   0.71   0.50   0.50   0.50   0.50   0.55   0.22   0.50   0.50   
0.81   0.02   0.81   0.75   0.01   0.14   0.03   0.81   0.81   0.22   0.02   0.81   0.02   0.02   0.18   0.75   0.81   0.93   0.34   0.81   0.81   0.06   0.04   0.02   0.02   0.98   0.02   0.81   0.02   0.02   0.35   0.95   0.02   0.02   0.99   0.97   0.97   0.97   0.75   0.02   0.55   0.20   0.82   0.75   0.97   0.02   0.97   0.97   0.97   0.03   0.81   0.99   0.86   0.81   0.97   0.96   0.04   1.00   0.95   0.16   0.98   0.97   0.97   0.86   0.97   0.99   0.95   0.12   0.99   0.49   0.97   0.89   0.99   0.01   0.99   0.01   0.97   1.00   

0.50   0.03   0.50   0.50   0.05   0.28   0.50   0.13   0.50   0.50   0.07   0.26   0.09   0.50   0.18   0.02   0.50   0.24   0.07   0.50   0.50   0.53   0.17   0.04   0.50   0.54   0.50   0.50   0.50   0.50   0.75   0.47   0.07   0.50   0.50   0.50   0.50   0.50   0.50   0.50   0.50   0.04   0.04   0.50   0.50   0.10   0.32   0.79   0.50   0.03   0.29   0.22   0.28   0.50   0.23   0.07   0.02   0.09   0.29   0.06   0.25   0.22   0.30   0.11   0.44   0.20   0.41   0.46   0.13   0.37   0.78   0.44   0.50   0.50   0.22   0.07   0.14   0.51   
0.02   0.00   0.02   0.02   0.01   0.07   0.02   0.00   0.02   0.06   0.01   0.31   0.00   0.05   0.03   0.00   0.00   0.14   0.01   0.01   0.02   0.04   0.06   0.00   0.02   0.83   0.02   0.00   0.00   0.01   0.20   0.64   0.00   0.01   1.00   0.89   0.99   0.95   0.02   0.01   0.08   0.00   0.00   0.01   0.83   0.00   0.92   0.92   0.71   0.00   0.01   0.82   0.07   0.00   0.12   0.21   0.00   0.66   0.83   0.10   0.36   0.75   0.39   0.12   0.21   0.23   0.76   0.04   0.76   0.11   0.75   0.10   0.97   0.00   0.87   0.01   0.43   0.86   
0.03   0.16   0.04   0.05   0.19   0.33   0.03   0.05   0.04   0.12   0.27   0.81   0.08   0.10   0.26   0.17   0.01   0.61   0.33   0.01   0.04   0.07   0.44   0.13   0.03   0.88   0.04   0.00   0.01   0.01   0.16   0.79   0.05   0.02   1.00   0.94   1.00   0.97   0.03   0.02   0.18   0.23   0.08   0.03   0.90   0.08   0.97   0.86   0.82   0.15   0.07   0.97   0.38   0.01   0.57   0.94   0.30   0.97   0.95   0.85   0.86   0.96   0.83   0.80   0.49   0.80   0.89   0.09   0.98   0.35   0.61   0.27   0.98   0.00   0.98   0.29   0.96   0.92   
0.50   0.50   0.50   0.50   0.50   0.31   0.50   0.50   0.50   0.50   0.03   0.50   0.50   0.50   0.40   0.50   0.50   0.52   0.43   0.50   0.50   0.28   0.04   0.50   0.50   0.50   0.50   0.50   0.50   0.50   0.46   0.51   0.50   0.50   0.50   0.50   0.50   0.50   0.50   0.50   0.43   0.50   0.50   0.50   0.50   0.50   0.50   0.50   0.50   0.50   0.50   0.50   0.75   0.50   0.77   0.42   0.50   0.50   0.17   0.04   0.50   0.50   0.50   0.27   0.50   0.81   0.25   0.30   0.50   0.68   0.50   0.50   0.50   0.50   0.50   0.28   0.50   0.50   
0.93   0.02   0.93   0.74   0.01   0.11   0.07   0.93   0.93   0.09   0.01   0.93   0.02   0.02   0.09   0.74   0.93   0.40   0.24   0.93   0.93   0.05   0.02   0.02   0.02   0.99   0.05   0.93   0.06   0.02   0.17   0.86   0.02   0.02   0.99   0.94   0.94   0.94   0.74   0.02   0.12   0.15   0.83   0.74   0.94   0.02   0.94   0.94   0.94   0.02   0.93   0.99   0.25   0.93   0.83   0.84   0.02   0.98   0.83   0.13   0.94   0.94   0.94   0.35   0.94   0.93   0.79   0.06   0.98   0.26   0.94   0.97   0.95   0.02   0.98   0.00   0.94   0.99   

0.00   0.00   0.00   0.00   0.00   0.00   0.00   0.00   0.00   0.00   0.00   0.00   0.00   0.00   0.00   0.00   0.00   0.00   0.00   0.00   0.00   0.00   0.00   0.00   0.00   0.00   0.00   0.00   0.00   0.00   0.00   1.00   0.00   0.00   1.00   1.00   1.00   1.00   0.00   0.00   0.00   0.00   0.00   0.00   1.00   0.00   1.00   1.00   1.00   1.00   0.00   1.00   1.00   0.00   1.00   1.00   1.00   1.00   1.00   1.00   1.00   1.00   1.00   1.00   1.00   1.00   1.00   0.00   1.00   1.00   1.00   1.00   1.00   1.00   1.00   1.00   1.00   1.00   