5.00   5.00   5.00   5.00   5.00   5.00   5.00   5.00   5.00   5.00   5.00   5.00   5.00   5.00   5.00   5.00   5.00   5.00   5.00   5.00   5.00   5.00   5.00   5.00   5.00   5.00   5.00   5.00   5.00   5.00   5.00   5.00   5.00   5.00   5.00   5.00   5.00   5.00   5.00   5.00   5.00   5.00   5.00   5.00   5.00   5.00   5.00   5.00   5.00   5.00   5.00   5.00   5.00   5.00   5.00   5.00   5.00   5.00   5.00   5.00   5.00   5.00   5.00   5.00   5.00   5.00   5.00   5.00   5.00   5.00   5.00   5.00   5.00   5.00   5.00   5.00   5.00   5.00   
0.05   0.05   0.05   0.05   0.05   0.05   0.05   0.05   0.05   0.05   0.96   0.05   0.86   0.05   0.05   0.05   0.05   0.05   0.86   0.96   0.86   0.05   0.96   0.99   0.05   0.05   0.05   0.96   0.05   0.96   0.86   0.05   0.05   0.05   0.05   0.96   0.99   0.05   0.96   0.05   0.05   0.05   0.05   0.86   0.05   0.05   0.05   0.05   0.96   0.96   0.05   0.05   0.05   0.05   0.96   0.05   0.05   0.05   0.05   0.86   0.05   0.05   0.05   0.05   0.05   0.05   0.05   0.05   0.05   0.05   0.05   0.86   0.05   0.05   0.05   0.05   0.05   0.05   
0.05   0.05   0.05   0.05   0.05   0.05   0.05   0.05   0.05   0.05   0.96   0.05   0.86   0.05   0.05   0.05   0.05   0.05   0.86   0.96   0.86   0.05   0.96   0.99   0.05   0.05   0.05   0.96   0.05   0.96   0.86   0.05   0.05   0.05   0.05   0.96   0.99   0.05   0.96   0.05   0.05   0.05   0.05   0.86   0.05   0.05   0.05   0.05   0.96   0.96   0.05   0.05   0.05   0.05   0.96   0.05   0.05   0.05   0.05   0.86   0.05   0.05   0.05   0.05   0.05   0.05   0.05   0.05   0.05   0.05   0.05   0.86   0.05   0.05   0.05   0.05   0.05   0.05   
0.02   0.03   0.17   0.04   0.20   0.87   0.14   0.35   0.97   0.01   0.13   0.03   0.81   0.15   0.32   0.38   0.02   0.25   0.69   0.76   0.26   0.10   0.14   0.81   0.00   0.04   0.49   0.97   0.09   0.08   0.27   0.98   0.81   0.02   0.54   0.01   0.99   0.99   0.92   0.07   0.03   0.48   0.96   0.82   0.38   0.44   0.75   0.05   0.61   0.13   0.00   0.42   0.13   0.22   0.12   0.42   0.89   0.89   0.32   0.55   0.93   0.96   0.83   0.87   0.59   0.98   0.77   0.88   0.99   0.99   0.97   0.96   0.42   0.75   0.36   0.53   0.79   0.54   
0.00   0.00   0.01   0.00   0.01   0.99   0.01   0.02   1.00   0.00   0.01   0.00   1.00   0.01   0.02   0.02   0.00   0.01   1.00   0.98   0.98   0.00   0.01   1.00   0.00   0.00   0.04   1.00   0.00   0.01   0.98   1.00   0.98   0.00   0.92   0.00   1.00   1.00   0.99   0.00   0.00   0.04   1.00   1.00   0.02   0.03   0.97   0.00   0.95   0.01   0.00   0.03   0.01   0.01   0.01   0.03   0.99   0.99   0.02   0.99   0.99   1.00   0.98   0.99   0.94   1.00   0.97   0.99   1.00   1.00   1.00   1.00   0.03   0.97   0.02   0.92   0.97   0.92   

5.00   5.00   5.00   5.00   5.00   5.00   5.00   5.00   5.00   5.00   5.00   5.00   5.00   5.00   5.00   5.00   5.00   5.00   5.00   5.00   5.00   5.00   5.00   5.00   5.00   5.00   5.00   5.00   5.00   5.00   5.00   5.00   5.00   5.00   5.00   5.00   5.00   5.00   5.00   5.00   5.00   5.00   5.00   5.00   5.00   5.00   5.00   5.00   5.00   5.00   5.00   5.00   5.00   5.00   5.00   5.00   5.00   5.00   5.00   5.00   5.00   5.00   5.00   5.00   5.00   5.00   5.00   5.00   5.00   5.00   5.00   5.00   5.00   5.00   5.00   5.00   5.00   5.00   
0.05   0.73   0.73   0.05   0.73   0.73   0.05   0.05   0.05   0.05   0.35   0.05   0.96   0.05   0.05   0.05   0.05   0.05   0.96   0.96   0.35   0.73   0.96   0.99   0.05   0.05   0.05   0.96   0.05   0.35   0.35   0.05   0.73   0.73   0.73   0.96   0.99   0.73   0.96   0.05   0.05   0.05   0.05   0.96   0.73   0.05   0.05   0.05   0.35   0.96   0.73   0.05   0.05   0.05   0.96   0.05   0.73   0.73   0.73   0.96   0.73   0.73   0.73   0.73   0.73   0.73   0.05   0.05   0.05   0.05   0.73   0.96   0.05   0.05   0.05   0.05   0.05   0.05   
0.05   0.73   0.73   0.05   0.73   0.73   0.05   0.05   0.05   0.05   0.35   0.05   0.96   0.05   0.05   0.05   0.05   0.05   0.96   0.96   0.35   0.73   0.96   0.99   0.05   0.05   0.05   0.96   0.05   0.35   0.35   0.05   0.73   0.73   0.73   0.96   0.99   0.73   0.96   0.05   0.05   0.05   0.05   0.96   0.73   0.05   0.05   0.05   0.35   0.96   0.73   0.05   0.05   0.05   0.96   0.05   0.73   0.73   0.73   0.96   0.73   0.73   0.73   0.73   0.73   0.73   0.05   0.05   0.05   0.05   0.73   0.96   0.05   0.05   0.05   0.05   0.05   0.05   
0.50   0.50   0.09   0.50   0.06   0.86   0.09   0.29   0.50   0.50   0.08   0.50   0.50   0.09   0.27   0.28   0.50   0.18   0.50   0.86   0.11   0.50   0.08   0.50   0.50   0.50   0.45   0.50   0.50   0.50   0.42   0.50   0.81   0.50   0.67   0.50   0.50   0.50   0.50   0.50   0.50   0.53   0.50   0.50   0.32   0.36   0.79   0.50   0.54   0.13   0.50   0.51   0.50   0.16   0.04   0.38   0.93   0.97   0.47   0.50   0.98   0.50   0.83   0.94   0.58   0.50   0.69   0.96   0.50   0.50   0.50   0.50   0.45   0.75   0.49   0.42   0.83   0.63   
0.04   0.04   0.11   0.04   0.07   0.97   0.00   0.02   0.04   0.04   0.07   0.04   0.94   0.00   0.02   0.02   0.04   0.01   0.94   0.99   0.07   0.04   0.30   0.99   0.04   0.04   0.03   0.96   0.04   0.96   0.63   0.04   0.96   0.04   0.92   0.96   0.99   0.04   0.96   0.04   0.04   0.04   0.04   0.94   0.37   0.02   0.75   0.04   0.77   0.79   0.04   0.04   0.04   0.01   0.18   0.02   0.99   0.99   0.83   0.94   1.00   0.04   0.96   0.99   0.88   0.04   0.63   0.95   0.04   0.04   0.04   0.94   0.03   0.70   0.04   0.03   0.79   0.06   

5.00   5.00   5.00   5.00   5.00   5.00   5.00   5.00   5.00   5.00   5.00   5.00   5.00   5.00   5.00   5.00   5.00   5.00   5.00   5.00   5.00   5.00   5.00   5.00   5.00   5.00   5.00   5.00   5.00   5.00   5.00   5.00   5.00   5.00   5.00   5.00   5.00   5.00   5.00   5.00   5.00   5.00   5.00   5.00   5.00   5.00   5.00   5.00   5.00   5.00   5.00   5.00   5.00   5.00   5.00   5.00   5.00   5.00   5.00   5.00   5.00   5.00   5.00   5.00   5.00   5.00   5.00   5.00   5.00   5.00   5.00   5.00   5.00   5.00   5.00   5.00   5.00   5.00   
0.02   0.14   0.14   0.02   0.71   0.71   0.02   0.02   0.02   0.02   0.50   0.20   0.92   0.02   0.02   0.02   0.02   0.02   0.20   0.97   0.07   0.14   0.97   0.99   0.02   0.02   0.02   0.97   0.20   0.13   0.32   0.02   0.71   0.14   0.14   0.97   0.99   0.71   0.97   0.02   0.02   0.02   0.20   0.92   0.71   0.02   0.20   0.20   0.50   0.97   0.14   0.20   0.02   0.20   0.97   0.20   0.71   0.71   0.71   0.92   0.71   0.71   0.71   0.71   0.71   0.71   0.02   0.20   0.20   0.20   0.71   0.92   0.20   0.20   0.20   0.20   0.20   0.20   
0.02   0.14   0.14   0.02   0.71   0.71   0.02   0.02   0.02   0.02   0.50   0.20   0.92   0.02   0.02   0.02   0.02   0.02   0.20   0.97   0.07   0.14   0.97   0.99   0.02   0.02   0.02   0.97   0.20   0.13   0.32   0.02   0.71   0.14   0.14   0.97   0.99   0.71   0.97   0.02   0.02   0.02   0.20   0.92   0.71   0.02   0.20   0.20   0.50   0.97   0.14   0.20   0.02   0.20   0.97   0.20   0.71   0.71   0.71   0.92   0.71   0.71   0.71   0.71   0.71   0.71   0.02   0.20   0.20   0.20   0.71   0.92   0.20   0.20   0.20   0.20   0.20   0.20   
0.50   0.50   0.09   0.50   0.09   0.90   0.50   0.21   0.50   0.50   0.09   0.50   0.50   0.50   0.34   0.39   0.50   0.16   0.50   0.50   0.13   0.50   0.10   0.50   0.50   0.50   0.58   0.50   0.50   0.50   0.29   0.50   0.77   0.50   0.69   0.50   0.50   0.50   0.50   0.50   0.50   0.65   0.50   0.50   0.32   0.43   0.85   0.50   0.61   0.17   0.50   0.42   0.50   0.17   0.05   0.29   0.94   0.50   0.42   0.50   0.50   0.50   0.83   0.87   0.59   0.50   0.65   0.94   0.50   0.50   0.50   0.50   0.39   0.70   0.50   0.45   0.87   0.64   
0.04   0.04   0.03   0.04   0.13   0.98   0.04   0.01   0.04   0.04   0.23   0.04   0.92   0.04   0.01   0.02   0.04   0.00   0.92   0.98   0.02   0.04   0.83   0.99   0.04   0.04   0.04   0.98   0.04   0.98   0.56   0.04   0.96   0.04   0.70   0.98   0.99   0.04   0.98   0.04   0.04   0.05   0.04   0.92   0.76   0.02   0.89   0.04   0.93   0.90   0.04   0.17   0.04   0.06   0.35   0.11   0.99   0.87   0.83   0.92   0.87   0.04   0.97   0.98   0.91   0.04   0.05   0.96   0.04   0.04   0.04   0.92   0.16   0.77   0.23   0.19   0.90   0.72   

5.00   5.00   5.00   5.00   5.00   5.00   5.00   5.00   5.00   5.00   5.00   5.00   5.00   5.00   5.00   5.00   5.00   5.00   5.00   5.00   5.00   5.00   5.00   5.00   5.00   5.00   5.00   5.00   5.00   5.00   5.00   5.00   5.00   5.00   5.00   5.00   5.00   5.00   5.00   5.00   5.00   5.00   5.00   5.00   5.00   5.00   5.00   5.00   5.00   5.00   5.00   5.00   5.00   5.00   5.00   5.00   5.00   5.00   5.00   5.00   5.00   5.00   5.00   5.00   5.00   5.00   5.00   5.00   5.00   5.00   5.00   5.00   5.00   5.00   5.00   5.00   5.00   5.00   
0.02   0.13   0.13   0.02   0.65   0.65   0.02   0.02   0.02   0.02   0.53   0.25   0.90   0.02   0.02   0.02   0.02   0.02   0.21   0.93   0.09   0.13   0.93   0.99   0.02   0.02   0.02   0.93   0.25   0.12   0.73   0.09   0.91   0.13   0.13   0.93   0.99   0.91   0.93   0.02   0.02   0.02   0.43   0.97   0.65   0.02   0.43   0.25   0.53   0.93   0.13   0.43   0.02   0.43   0.98   0.25   0.91   0.91   0.65   0.90   0.65   0.65   0.65   0.65   0.91   0.65   0.02   0.43   0.43   0.25   0.91   0.97   0.25   0.25   0.25   0.25   0.43   0.43   
0.02   0.13   0.13   0.02   0.65   0.65   0.02   0.02   0.02   0.02   0.53   0.25   0.90   0.02   0.02   0.02   0.02   0.02   0.21   0.93   0.09   0.13   0.93   0.99   0.02   0.02   0.02   0.93   0.25   0.12   0.73   0.09   0.91   0.13   0.13   0.93   0.99   0.91   0.93   0.02   0.02   0.02   0.43   0.97   0.65   0.02   0.43   0.25   0.53   0.93   0.13   0.43   0.02   0.43   0.98   0.25   0.91   0.91   0.65   0.90   0.65   0.65   0.65   0.65   0.91   0.65   0.02   0.43   0.43   0.25   0.91   0.97   0.25   0.25   0.25   0.25   0.43   0.43   
0.50   0.50   0.12   0.50   0.07   0.90   0.50   0.25   0.50   0.50   0.09   0.50   0.50   0.50   0.31   0.45   0.50   0.50   0.50   0.50   0.10   0.50   0.09   0.50   0.50   0.50   0.59   0.50   0.50   0.50   0.23   0.50   0.77   0.50   0.70   0.50   0.50   0.50   0.50   0.50   0.50   0.77   0.50   0.50   0.32   0.50   0.85   0.50   0.66   0.16   0.50   0.46   0.50   0.16   0.05   0.34   0.93   0.50   0.44   0.50   0.50   0.50   0.87   0.90   0.56   0.50   0.63   0.97   0.50   0.50   0.50   0.50   0.32   0.70   0.51   0.47   0.85   0.57   
0.04   0.04   0.01   0.04   0.04   0.94   0.03   0.01   0.04   0.04   0.06   0.04   0.97   0.03   0.01   0.02   0.04   0.02   0.97   0.97   0.02   0.04   0.10   0.99   0.04   0.04   0.03   0.96   0.04   0.96   0.82   0.04   0.98   0.04   0.15   0.96   0.99   0.04   0.96   0.04   0.04   0.06   0.04   0.97   0.18   0.02   0.97   0.04   0.81   0.19   0.04   0.82   0.04   0.25   0.28   0.10   0.99   0.88   0.59   0.97   0.88   0.04   0.93   0.94   0.94   0.04   0.03   0.99   0.04   0.04   0.04   0.97   0.10   0.69   0.19   0.16   0.97   0.88   

5.00   5.00   5.00   5.00   5.00   5.00   5.00   5.00   5.00   5.00   5.00   5.00   5.00   5.00   5.00   5.00   5.00   5.00   5.00   5.00   5.00   5.00   5.00   5.00   5.00   5.00   5.00   5.00   5.00   5.00   5.00   5.00   5.00   5.00   5.00   5.00   5.00   5.00   5.00   5.00   5.00   5.00   5.00   5.00   5.00   5.00   5.00   5.00   5.00   5.00   5.00   5.00   5.00   5.00   5.00   5.00   5.00   5.00   5.00   5.00   5.00   5.00   5.00   5.00   5.00   5.00   5.00   5.00   5.00   5.00   5.00   5.00   5.00   5.00   5.00   5.00   5.00   5.00   
0.02   0.15   0.15   0.02   0.73   0.56   0.02   0.02   0.02   0.02   0.43   0.23   0.93   0.02   0.02   0.04   0.02   0.04   0.22   0.88   0.13   0.12   0.93   0.99   0.02   0.02   0.02   0.88   0.23   0.13   0.79   0.09   0.87   0.12   0.15   0.88   0.99   0.93   0.88   0.02   0.04   0.04   0.40   0.98   0.73   0.02   0.40   0.29   0.54   0.88   0.12   0.40   0.02   0.40   0.97   0.23   0.93   0.93   0.56   0.87   0.56   0.73   0.73   0.56   0.93   0.56   0.02   0.40   0.40   0.23   0.87   0.97   0.23   0.29   0.23   0.23   0.40   0.51   
0.02   0.15   0.15   0.02   0.73   0.56   0.02   0.02   0.02   0.02   0.43   0.23   0.93   0.02   0.02   0.04   0.02   0.04   0.22   0.88   0.13   0.12   0.93   0.99   0.02   0.02   0.02   0.88   0.23   0.13   0.79   0.09   0.87   0.12   0.15   0.88   0.99   0.93   0.88   0.02   0.04   0.04   0.40   0.98   0.73   0.02   0.40   0.29   0.54   0.88   0.12   0.40   0.02   0.40   0.97   0.23   0.93   0.93   0.56   0.87   0.56   0.73   0.73   0.56   0.93   0.56   0.02   0.40   0.40   0.23   0.87   0.97   0.23   0.29   0.23   0.23   0.40   0.51   
0.50   0.50   0.10   0.50   0.12   0.90   0.50   0.50   0.50   0.50   0.06   0.50   0.50   0.50   0.35   0.49   0.50   0.50   0.50   0.50   0.12   0.50   0.08   0.50   0.50   0.50   0.72   0.50   0.50   0.50   0.23   0.50   0.76   0.50   0.69   0.50   0.50   0.50   0.50   0.50   0.50   0.79   0.50   0.50   0.30   0.35   0.86   0.50   0.72   0.30   0.50   0.54   0.50   0.20   0.08   0.34   0.50   0.50   0.39   0.50   0.50   0.50   0.88   0.89   0.57   0.50   0.65   0.50   0.50   0.50   0.50   0.50   0.26   0.68   0.49   0.47   0.85   0.63   
0.04   0.04   0.02   0.04   0.10   0.95   0.03   0.02   0.04   0.04   0.04   0.04   0.97   0.03   0.01   0.04   0.04   0.02   0.97   0.97   0.05   0.04   0.15   1.00   0.04   0.04   0.04   0.96   0.04   0.96   0.86   0.04   0.97   0.04   0.58   0.96   1.00   0.04   0.96   0.04   0.04   0.51   0.04   0.97   0.56   0.01   0.97   0.04   0.89   0.66   0.04   0.85   0.04   0.30   0.36   0.10   0.93   0.89   0.26   0.97   0.89   0.04   0.95   0.95   0.96   0.04   0.03   0.86   0.04   0.04   0.04   0.97   0.07   0.75   0.17   0.16   0.97   0.92   

5.00   5.00   5.00   5.00   5.00   5.00   5.00   5.00   5.00   5.00   5.00   5.00   5.00   5.00   5.00   5.00   5.00   5.00   5.00   5.00   5.00   5.00   5.00   5.00   5.00   5.00   5.00   5.00   5.00   5.00   5.00   5.00   5.00   5.00   5.00   5.00   5.00   5.00   5.00   5.00   5.00   5.00   5.00   5.00   5.00   5.00   5.00   5.00   5.00   5.00   5.00   5.00   5.00   5.00   5.00   5.00   5.00   5.00   5.00   5.00   5.00   5.00   5.00   5.00   5.00   5.00   5.00   5.00   5.00   5.00   5.00   5.00   5.00   5.00   5.00   5.00   5.00   5.00   
0.02   0.10   0.10   0.02   0.93   0.39   0.02   0.02   0.02   0.02   0.34   0.20   0.78   0.02   0.02   0.04   0.02   0.04   0.13   0.65   0.10   0.07   0.96   0.99   0.02   0.02   0.02   0.65   0.20   0.09   0.95   0.08   0.71   0.07   0.10   0.65   0.99   0.81   0.65   0.02   0.04   0.04   0.88   0.99   0.93   0.02   0.40   0.28   0.49   0.93   0.07   0.40   0.02   0.40   0.83   0.20   0.97   0.97   0.39   0.67   0.39   0.58   0.58   0.39   0.97   0.39   0.02   0.40   0.40   0.20   0.71   0.84   0.20   0.28   0.20   0.80   0.40   0.58   
0.02   0.10   0.10   0.02   0.93   0.39   0.02   0.02   0.02   0.02   0.34   0.20   0.78   0.02   0.02   0.04   0.02   0.04   0.13   0.65   0.10   0.07   0.96   0.99   0.02   0.02   0.02   0.65   0.20   0.09   0.95   0.08   0.71   0.07   0.10   0.65   0.99   0.81   0.65   0.02   0.04   0.04   0.88   0.99   0.93   0.02   0.40   0.28   0.49   0.93   0.07   0.40   0.02   0.40   0.83   0.20   0.97   0.97   0.39   0.67   0.39   0.58   0.58   0.39   0.97   0.39   0.02   0.40   0.40   0.20   0.71   0.84   0.20   0.28   0.20   0.80   0.40   0.58   
0.50   0.50   0.08   0.50   0.10   0.90   0.50   0.50   0.50   0.50   0.06   0.50   0.50   0.50   0.32   0.46   0.50   0.50   0.50   0.50   0.10   0.50   0.07   0.50   0.50   0.50   0.70   0.50   0.50   0.50   0.21   0.50   0.74   0.50   0.67   0.50   0.50   0.50   0.50   0.50   0.50   0.78   0.50   0.50   0.27   0.32   0.85   0.50   0.70   0.27   0.50   0.51   0.50   0.18   0.07   0.31   0.50   0.50   0.36   0.50   0.50   0.50   0.87   0.89   0.55   0.50   0.62   0.50   0.50   0.50   0.50   0.50   0.23   0.66   0.46   0.44   0.84   0.60   
0.04   0.04   0.02   0.04   0.25   0.93   0.04   0.02   0.04   0.04   0.03   0.04   0.96   0.04   0.01   0.05   0.04   0.02   0.96   0.96   0.03   0.04   0.30   0.99   0.04   0.04   0.04   0.95   0.04   0.95   0.75   0.04   0.89   0.04   0.57   0.95   0.99   0.04   0.95   0.04   0.04   0.17   0.04   0.96   0.75   0.01   0.86   0.04   0.83   0.80   0.04   0.29   0.04   0.08   0.14   0.07   0.90   0.85   0.23   0.96   0.85   0.04   0.94   0.93   0.95   0.04   0.03   0.68   0.04   0.04   0.04   0.96   0.05   0.65   0.12   0.41   0.86   0.73   

5.00   5.00   5.00   5.00   5.00   5.00   5.00   5.00   5.00   5.00   5.00   5.00   5.00   5.00   5.00   5.00   5.00   5.00   5.00   5.00   5.00   5.00   5.00   5.00   5.00   5.00   5.00   5.00   5.00   5.00   5.00   5.00   5.00   5.00   5.00   5.00   5.00   5.00   5.00   5.00   5.00   5.00   5.00   5.00   5.00   5.00   5.00   5.00   5.00   5.00   5.00   5.00   5.00   5.00   5.00   5.00   5.00   5.00   5.00   5.00   5.00   5.00   5.00   5.00   5.00   5.00   5.00   5.00   5.00   5.00   5.00   5.00   5.00   5.00   5.00   5.00   5.00   5.00   
0.02   0.06   0.06   0.02   0.49   0.27   0.02   0.02   0.02   0.02   0.24   0.19   0.45   0.02   0.02   0.03   0.02   0.03   0.11   0.33   0.09   0.05   0.55   0.99   0.02   0.02   0.02   0.33   0.19   0.05   0.97   0.43   0.88   0.05   0.06   0.33   0.99   0.90   0.33   0.02   0.03   0.03   0.67   0.99   0.49   0.02   0.81   0.23   0.28   0.50   0.05   0.81   0.02   0.81   0.91   0.52   0.97   0.76   0.60   0.70   0.27   0.31   0.31   0.27   0.97   0.60   0.02   0.55   0.55   0.52   0.88   0.94   0.19   0.56   0.52   0.35   0.81   0.84   
0.02   0.06   0.06   0.02   0.49   0.27   0.02   0.02   0.02   0.02   0.24   0.19   0.45   0.02   0.02   0.03   0.02   0.03   0.11   0.33   0.09   0.05   0.55   0.99   0.02   0.02   0.02   0.33   0.19   0.05   0.97   0.43   0.88   0.05   0.06   0.33   0.99   0.90   0.33   0.02   0.03   0.03   0.67   0.99   0.49   0.02   0.81   0.23   0.28   0.50   0.05   0.81   0.02   0.81   0.91   0.52   0.97   0.76   0.60   0.70   0.27   0.31   0.31   0.27   0.97   0.60   0.02   0.55   0.55   0.52   0.88   0.94   0.19   0.56   0.52   0.35   0.81   0.84   
0.50   0.50   0.09   0.50   0.11   0.89   0.50   0.50   0.50   0.50   0.06   0.50   0.50   0.50   0.33   0.47   0.50   0.50   0.50   0.50   0.11   0.50   0.07   0.50   0.50   0.50   0.71   0.50   0.50   0.50   0.22   0.50   0.75   0.50   0.68   0.50   0.50   0.50   0.50   0.50   0.50   0.78   0.50   0.50   0.29   0.34   0.84   0.50   0.70   0.29   0.50   0.52   0.50   0.19   0.07   0.32   0.50   0.50   0.37   0.50   0.50   0.50   0.87   0.89   0.56   0.50   0.63   0.50   0.50   0.50   0.50   0.50   0.25   0.66   0.47   0.45   0.84   0.61   
0.04   0.04   0.00   0.04   0.04   0.85   0.03   0.02   0.04   0.04   0.02   0.04   0.97   0.03   0.01   0.02   0.04   0.02   0.97   0.97   0.01   0.04   0.05   0.99   0.04   0.04   0.03   0.96   0.04   0.96   0.90   0.04   0.96   0.04   0.08   0.96   0.99   0.04   0.96   0.04   0.04   0.06   0.04   0.97   0.12   0.01   0.97   0.04   0.65   0.19   0.04   0.87   0.04   0.35   0.28   0.23   0.92   0.88   0.33   0.97   0.88   0.04   0.81   0.83   0.96   0.04   0.02   0.86   0.04   0.04   0.04   0.97   0.05   0.75   0.36   0.16   0.97   0.91   

5.00   5.00   5.00   5.00   5.00   5.00   5.00   5.00   5.00   5.00   5.00   5.00   5.00   5.00   5.00   5.00   5.00   5.00   5.00   5.00   5.00   5.00   5.00   5.00   5.00   5.00   5.00   5.00   5.00   5.00   5.00   5.00   5.00   5.00   5.00   5.00   5.00   5.00   5.00   5.00   5.00   5.00   5.00   5.00   5.00   5.00   5.00   5.00   5.00   5.00   5.00   5.00   5.00   5.00   5.00   5.00   5.00   5.00   5.00   5.00   5.00   5.00   5.00   5.00   5.00   5.00   5.00   5.00   5.00   5.00   5.00   5.00   5.00   5.00   5.00   5.00   5.00   5.00   
0.03   0.08   0.08   0.03   0.55   0.34   0.03   0.03   0.03   0.03   0.31   0.24   0.53   0.03   0.03   0.04   0.03   0.01   0.15   0.41   0.12   0.06   0.61   1.00   0.00   0.03   0.03   0.41   0.24   0.07   0.98   0.52   0.91   0.02   0.08   0.41   1.00   0.93   0.41   0.03   0.04   0.04   0.73   0.99   0.40   0.03   0.86   0.17   0.36   0.57   0.06   0.86   0.00   0.86   0.94   0.62   0.98   0.81   0.69   0.78   0.34   0.38   0.38   0.34   0.98   0.69   0.03   0.63   0.63   0.62   0.91   0.96   0.14   0.65   0.62   0.27   0.86   0.88   
0.03   0.08   0.08   0.03   0.55   0.34   0.03   0.03   0.03   0.03   0.31   0.24   0.53   0.03   0.03   0.04   0.03   0.01   0.15   0.41   0.12   0.06   0.61   1.00   0.00   0.03   0.03   0.41   0.24   0.07   0.98   0.52   0.91   0.02   0.08   0.41   1.00   0.93   0.41   0.03   0.04   0.04   0.73   0.99   0.40   0.03   0.86   0.17   0.36   0.57   0.06   0.86   0.00   0.86   0.94   0.62   0.98   0.81   0.69   0.78   0.34   0.38   0.38   0.34   0.98   0.69   0.03   0.63   0.63   0.62   0.91   0.96   0.14   0.65   0.62   0.27   0.86   0.88   
0.50   0.50   0.50   0.50   0.10   0.91   0.50   0.50   0.50   0.50   0.06   0.50   0.50   0.50   0.30   0.51   0.50   0.50   0.50   0.50   0.11   0.50   0.08   0.50   0.50   0.50   0.71   0.50   0.50   0.50   0.27   0.50   0.77   0.50   0.69   0.50   0.50   0.50   0.50   0.50   0.50   0.75   0.50   0.50   0.24   0.40   0.86   0.50   0.73   0.34   0.50   0.55   0.50   0.16   0.06   0.39   0.50   0.50   0.42   0.50   0.50   0.50   0.88   0.93   0.58   0.50   0.67   0.50   0.50   0.50   0.50   0.50   0.24   0.72   0.56   0.44   0.87   0.66   
0.04   0.04   0.04   0.04   0.04   0.89   0.03   0.02   0.04   0.04   0.02   0.04   0.98   0.03   0.01   0.02   0.04   0.02   0.98   0.97   0.02   0.04   0.05   0.99   0.04   0.04   0.05   0.96   0.04   0.96   0.93   0.04   0.97   0.04   0.10   0.96   0.99   0.04   0.96   0.04   0.04   0.06   0.04   0.98   0.08   0.01   0.98   0.04   0.72   0.25   0.04   0.90   0.04   0.33   0.28   0.32   0.93   0.88   0.42   0.98   0.88   0.04   0.85   0.90   0.97   0.04   0.04   0.87   0.04   0.04   0.04   0.98   0.03   0.82   0.48   0.11   0.98   0.94   

0.12   0.12   0.06   0.04   0.17   0.15   0.09   0.05   0.42   0.08   0.25   0.28   0.61   0.08   0.16   0.21   0.18   0.08   0.50   0.63   0.13   0.05   0.15   0.50   0.50   0.16   0.20   0.87   0.04   0.21   0.23   0.40   0.18   0.31   0.09   0.27   0.50   0.99   0.69   0.12   0.24   0.65   0.17   0.50   0.05   0.06   0.18   0.01   0.53   0.78   0.24   0.06   0.50   0.28   0.23   0.40   0.29   0.85   0.18   0.06   0.73   0.67   0.08   0.59   0.07   0.52   0.20   0.59   0.30   0.85   0.47   0.26   0.22   0.03   0.47   0.04   0.54   0.92   
0.00   0.01   0.00   0.00   0.07   0.03   0.00   0.00   0.01   0.00   0.05   0.07   0.57   0.00   0.00   0.01   0.00   0.00   0.08   0.62   0.01   0.00   0.11   0.99   0.00   0.00   0.00   0.81   0.01   0.01   0.76   0.15   0.36   0.01   0.00   0.13   0.99   1.00   0.58   0.00   0.01   0.04   0.16   0.99   0.01   0.00   0.26   0.00   0.18   0.84   0.01   0.06   0.00   0.39   0.83   0.19   0.83   0.93   0.11   0.05   0.66   0.51   0.02   0.33   0.18   0.57   0.00   0.37   0.15   0.83   0.90   0.90   0.02   0.02   0.24   0.00   0.75   0.98   
0.02   0.07   0.07   0.02   0.50   0.31   0.02   0.08   0.02   0.02   0.29   0.35   0.49   0.02   0.02   0.03   0.02   0.01   0.13   0.52   0.10   0.06   0.67   1.00   0.00   0.02   0.02   0.39   0.23   0.07   0.95   0.49   0.94   0.02   0.07   0.52   1.00   0.90   0.39   0.02   0.03   0.03   0.78   0.99   0.35   0.08   0.90   0.24   0.33   0.65   0.06   0.84   0.00   0.90   0.96   0.58   0.95   0.78   0.66   0.75   0.45   0.35   0.35   0.45   0.95   0.66   0.02   0.61   0.61   0.58   0.94   0.97   0.14   0.70   0.58   0.24   0.84   0.91   
0.50   0.50   0.50   0.50   0.10   0.91   0.50   0.50   0.50   0.50   0.06   0.50   0.50   0.50   0.29   0.50   0.50   0.50   0.50   0.50   0.11   0.50   0.08   0.50   0.50   0.50   0.70   0.50   0.50   0.50   0.26   0.50   0.76   0.50   0.68   0.50   0.50   0.50   0.50   0.50   0.50   0.74   0.50   0.50   0.24   0.40   0.85   0.50   0.72   0.33   0.50   0.54   0.50   0.16   0.06   0.39   0.50   0.50   0.42   0.50   0.50   0.50   0.87   0.92   0.57   0.50   0.66   0.50   0.50   0.50   0.50   0.50   0.24   0.71   0.55   0.43   0.87   0.65   
0.04   0.04   0.04   0.04   0.04   0.88   0.03   0.02   0.04   0.04   0.02   0.04   0.97   0.03   0.01   0.02   0.04   0.02   0.97   0.97   0.01   0.04   0.08   0.99   0.04   0.04   0.05   0.96   0.04   0.96   0.83   0.04   0.98   0.04   0.09   0.96   0.99   0.04   0.96   0.04   0.04   0.05   0.04   0.97   0.06   0.05   0.98   0.04   0.70   0.55   0.04   0.86   0.04   0.40   0.37   0.27   0.93   0.88   0.37   0.97   0.88   0.04   0.82   0.94   0.93   0.04   0.04   0.87   0.04   0.04   0.04   0.97   0.03   0.85   0.42   0.09   0.97   0.95   

0.50   0.50   0.50   0.50   0.13   0.05   0.50   0.50   0.21   0.50   0.09   0.09   0.41   0.50   0.50   0.50   0.50   0.50   0.26   0.30   0.11   0.50   0.16   0.50   0.50   0.50   0.50   0.78   0.50   0.16   0.23   0.26   0.10   0.31   0.50   0.10   0.50   0.50   0.61   0.50   0.08   0.34   0.11   0.50   0.05   0.50   0.15   0.50   0.30   0.54   0.07   0.04   0.50   0.16   0.08   0.16   0.26   0.76   0.20   0.05   0.65   0.77   0.06   0.58   0.05   0.17   0.50   0.43   0.14   0.61   0.39   0.09   0.14   0.02   0.28   0.50   0.41   0.63   
0.01   0.03   0.03   0.01   0.03   0.00   0.01   0.03   0.00   0.01   0.01   0.01   0.11   0.01   0.01   0.02   0.01   0.01   0.02   0.07   0.00   0.02   0.06   0.99   0.00   0.01   0.01   0.30   0.06   0.01   0.61   0.05   0.10   0.00   0.03   0.02   0.99   0.67   0.15   0.01   0.00   0.01   0.05   0.98   0.01   0.03   0.11   0.07   0.04   0.24   0.00   0.02   0.00   0.12   0.10   0.03   0.63   0.74   0.06   0.02   0.20   0.28   0.01   0.16   0.07   0.05   0.01   0.14   0.03   0.22   0.66   0.15   0.01   0.01   0.06   0.07   0.24   0.78   
0.01   0.09   0.09   0.04   0.56   0.35   0.01   0.05   0.04   0.01   0.34   0.38   0.54   0.04   0.04   0.05   0.04   0.02   0.16   0.56   0.08   0.04   0.71   1.00   0.01   0.01   0.01   0.44   0.18   0.09   0.96   0.54   0.94   0.04   0.05   0.56   1.00   0.91   0.33   0.01   0.02   0.05   0.80   0.99   0.45   0.05   0.90   0.31   0.38   0.68   0.04   0.85   0.01   0.90   0.92   0.62   0.92   0.81   0.69   0.77   0.48   0.40   0.40   0.37   0.96   0.69   0.04   0.65   0.65   0.62   0.94   0.97   0.12   0.73   0.62   0.32   0.79   0.92   
0.50   0.50   0.50   0.50   0.11   0.89   0.50   0.50   0.50   0.50   0.07   0.50   0.50   0.50   0.29   0.48   0.50   0.50   0.50   0.50   0.12   0.50   0.09   0.50   0.50   0.50   0.68   0.50   0.50   0.50   0.27   0.50   0.73   0.50   0.66   0.50   0.50   0.50   0.50   0.50   0.50   0.71   0.50   0.50   0.24   0.39   0.83   0.50   0.69   0.33   0.50   0.52   0.50   0.17   0.07   0.38   0.50   0.50   0.41   0.50   0.50   0.50   0.85   0.90   0.55   0.50   0.64   0.50   0.50   0.50   0.50   0.50   0.24   0.68   0.54   0.42   0.84   0.63   
0.04   0.04   0.04   0.04   0.04   0.85   0.03   0.02   0.04   0.04   0.03   0.04   0.97   0.03   0.01   0.02   0.04   0.02   0.97   0.97   0.01   0.04   0.09   0.99   0.04   0.04   0.03   0.96   0.04   0.96   0.84   0.04   0.98   0.04   0.06   0.96   0.99   0.04   0.96   0.04   0.04   0.05   0.04   0.97   0.06   0.03   0.98   0.04   0.67   0.55   0.04   0.86   0.04   0.41   0.35   0.27   0.92   0.88   0.36   0.97   0.88   0.04   0.80   0.91   0.93   0.04   0.04   0.87   0.04   0.04   0.04   0.97   0.02   0.84   0.40   0.09   0.96   0.94   

0.50   0.50   0.50   0.50   0.09   0.50   0.50   0.50   0.50   0.50   0.06   0.04   0.30   0.50   0.50   0.50   0.50   0.50   0.30   0.23   0.50   0.50   0.07   0.50   0.50   0.50   0.50   0.74   0.50   0.50   0.19   0.19   0.04   0.50   0.50   0.06   0.50   0.50   0.51   0.50   0.50   0.18   0.06   0.50   0.50   0.50   0.10   0.50   0.18   0.42   0.50   0.02   0.50   0.07   0.04   0.16   0.25   0.78   0.15   0.02   0.60   0.75   0.02   0.24   0.03   0.13   0.50   0.38   0.12   0.68   0.24   0.06   0.50   0.50   0.28   0.50   0.40   0.64   
0.01   0.03   0.03   0.01   0.01   0.08   0.01   0.02   0.01   0.01   0.01   0.00   0.11   0.01   0.01   0.02   0.01   0.01   0.02   0.08   0.03   0.02   0.02   0.99   0.00   0.01   0.01   0.53   0.06   0.03   0.58   0.02   0.05   0.01   0.03   0.01   0.99   0.70   0.19   0.01   0.02   0.00   0.03   0.98   0.11   0.02   0.07   0.06   0.02   0.25   0.02   0.00   0.00   0.05   0.06   0.02   0.66   0.84   0.02   0.01   0.26   0.53   0.00   0.03   0.05   0.02   0.01   0.07   0.02   0.18   0.10   0.10   0.04   0.21   0.09   0.07   0.25   0.80   
0.01   0.09   0.09   0.03   0.48   0.30   0.01   0.05   0.03   0.01   0.64   0.32   0.76   0.03   0.03   0.05   0.03   0.02   0.14   0.78   0.08   0.04   0.65   1.00   0.01   0.01   0.01   0.71   0.17   0.09   0.97   0.33   0.95   0.03   0.05   0.49   1.00   0.73   0.64   0.01   0.02   0.05   0.88   0.99   0.36   0.05   0.92   0.25   0.33   0.85   0.04   0.64   0.01   0.92   0.95   0.43   0.94   0.89   0.51   0.86   0.72   0.67   0.67   0.33   0.97   0.51   0.03   0.46   0.46   0.43   0.77   0.98   0.11   0.82   0.73   0.25   0.83   0.93   
0.50   0.50   0.50   0.50   0.09   0.89   0.50   0.50   0.50   0.50   0.06   0.50   0.50   0.50   0.26   0.45   0.50   0.50   0.50   0.50   0.09   0.50   0.07   0.50   0.50   0.50   0.66   0.50   0.50   0.50   0.23   0.50   0.72   0.50   0.64   0.50   0.50   0.50   0.50   0.50   0.50   0.70   0.50   0.50   0.21   0.36   0.82   0.50   0.68   0.29   0.50   0.49   0.50   0.14   0.06   0.35   0.50   0.50   0.37   0.50   0.50   0.50   0.84   0.90   0.52   0.50   0.61   0.50   0.50   0.50   0.50   0.50   0.21   0.66   0.51   0.39   0.84   0.60   
0.83   0.83   0.04   0.83   0.03   0.85   0.04   0.02   0.83   0.83   0.07   0.83   0.98   0.04   0.01   0.02   0.83   0.02   0.98   0.98   0.01   0.83   0.06   1.00   0.83   0.83   0.03   0.97   0.83   0.97   0.90   0.83   0.99   0.83   0.06   0.97   1.00   0.83   0.97   0.83   0.83   0.05   0.83   0.98   0.05   0.03   0.99   0.83   0.66   0.66   0.83   0.78   0.83   0.69   0.43   0.25   0.95   0.89   0.32   0.98   0.89   0.83   0.91   0.90   0.95   0.83   0.04   0.91   0.83   0.83   0.83   0.98   0.02   0.91   0.78   0.08   0.98   0.97   

0.50   0.50   0.50   0.50   0.08   0.50   0.50   0.50   0.50   0.50   0.04   0.50   0.32   0.50   0.50   0.50   0.50   0.50   0.31   0.19   0.50   0.50   0.06   0.50   0.50   0.50   0.50   0.74   0.50   0.50   0.21   0.13   0.04   0.50   0.50   0.05   0.50   0.50   0.50   0.50   0.50   0.50   0.05   0.50   0.50   0.50   0.10   0.50   0.13   0.42   0.50   0.50   0.50   0.06   0.03   0.16   0.23   0.82   0.16   0.02   0.57   0.78   0.50   0.21   0.03   0.11   0.50   0.36   0.10   0.73   0.23   0.04   0.50   0.50   0.30   0.50   0.38   0.64   
0.01   0.03   0.03   0.01   0.01   0.08   0.01   0.02   0.01   0.01   0.01   0.07   0.11   0.01   0.01   0.02   0.01   0.01   0.02   0.06   0.03   0.02   0.01   0.99   0.00   0.01   0.01   0.35   0.06   0.03   0.26   0.02   0.04   0.01   0.03   0.01   0.99   0.67   0.16   0.01   0.02   0.02   0.03   0.98   0.10   0.02   0.06   0.06   0.01   0.21   0.02   0.19   0.00   0.05   0.04   0.02   0.65   0.83   0.03   0.01   0.21   0.56   0.16   0.03   0.03   0.02   0.01   0.08   0.02   0.22   0.12   0.08   0.04   0.20   0.08   0.06   0.25   0.74   
0.01   0.08   0.08   0.03   0.40   0.26   0.01   0.05   0.03   0.01   0.50   0.28   0.62   0.03   0.03   0.04   0.03   0.01   0.13   0.64   0.07   0.04   0.55   1.00   0.00   0.01   0.01   0.56   0.14   0.08   0.93   0.54   0.96   0.03   0.05   0.42   1.00   0.83   0.50   0.01   0.02   0.04   0.79   0.99   0.29   0.05   0.88   0.21   0.46   0.71   0.04   0.69   0.00   0.94   0.90   0.60   0.94   0.80   0.53   0.77   0.58   0.66   0.53   0.28   0.92   0.66   0.03   0.63   0.63   0.46   0.86   0.98   0.09   0.82   0.66   0.20   0.87   0.89   
0.50   0.50   0.50   0.50   0.10   0.92   0.50   0.50   0.50   0.50   0.06   0.50   0.50   0.50   0.29   0.50   0.50   0.50   0.50   0.50   0.10   0.50   0.07   0.50   0.50   0.50   0.71   0.50   0.50   0.50   0.26   0.50   0.77   0.50   0.69   0.50   0.50   0.50   0.50   0.50   0.50   0.75   0.50   0.50   0.24   0.40   0.86   0.50   0.73   0.33   0.50   0.54   0.50   0.15   0.06   0.39   0.50   0.50   0.42   0.50   0.50   0.50   0.88   0.93   0.57   0.50   0.67   0.50   0.50   0.50   0.50   0.50   0.23   0.72   0.56   0.43   0.88   0.66   
0.84   0.84   0.03   0.84   0.02   0.86   0.04   0.02   0.84   0.84   0.05   0.84   0.98   0.04   0.01   0.02   0.84   0.02   0.98   0.98   0.01   0.84   0.05   1.00   0.84   0.84   0.04   0.97   0.84   0.97   0.87   0.84   0.99   0.84   0.06   0.97   1.00   0.84   0.97   0.84   0.84   0.06   0.84   0.98   0.04   0.03   0.99   0.84   0.76   0.44   0.84   0.79   0.84   0.83   0.35   0.39   0.94   0.90   0.34   0.98   0.90   0.84   0.91   0.91   0.94   0.84   0.04   0.91   0.84   0.84   0.84   0.98   0.02   0.94   0.79   0.07   0.99   0.96   

0.50   0.50   0.50   0.50   0.08   0.50   0.50   0.50   0.50   0.50   0.50   0.50   0.31   0.50   0.50   0.50   0.50   0.50   0.29   0.18   0.50   0.50   0.06   0.50   0.50   0.50   0.50   0.72   0.50   0.50   0.21   0.14   0.04   0.50   0.50   0.50   0.50   0.50   0.50   0.50   0.50   0.50   0.06   0.50   0.50   0.50   0.10   0.50   0.13   0.39   0.50   0.50   0.50   0.06   0.04   0.14   0.24   0.80   0.16   0.02   0.55   0.76   0.50   0.21   0.03   0.10   0.50   0.35   0.10   0.69   0.24   0.04   0.50   0.50   0.29   0.50   0.36   0.58   
0.01   0.03   0.03   0.01   0.01   0.09   0.01   0.02   0.01   0.01   0.12   0.07   0.12   0.01   0.01   0.02   0.01   0.01   0.02   0.03   0.04   0.02   0.01   0.99   0.00   0.01   0.01   0.24   0.07   0.03   0.60   0.03   0.06   0.01   0.03   0.11   0.99   0.75   0.17   0.01   0.02   0.02   0.03   0.99   0.10   0.02   0.08   0.06   0.01   0.12   0.02   0.26   0.00   0.07   0.05   0.03   0.78   0.82   0.04   0.01   0.22   0.58   0.16   0.02   0.05   0.03   0.01   0.11   0.02   0.27   0.17   0.11   0.04   0.23   0.10   0.07   0.51   0.76   
0.01   0.07   0.07   0.03   0.53   0.43   0.01   0.03   0.03   0.01   0.34   0.20   0.68   0.03   0.18   0.04   0.03   0.01   0.31   0.45   0.07   0.03   0.39   1.00   0.00   0.01   0.01   0.40   0.10   0.06   0.95   0.70   0.97   0.02   0.04   0.29   1.00   0.90   0.56   0.01   0.02   0.04   0.81   1.00   0.42   0.03   0.90   0.14   0.36   0.52   0.03   0.79   0.00   0.95   0.91   0.72   0.96   0.83   0.66   0.82   0.64   0.72   0.60   0.19   0.94   0.76   0.18   0.73   0.73   0.62   0.91   0.99   0.06   0.86   0.73   0.14   0.91   0.91   
0.50   0.50   0.50   0.50   0.07   0.88   0.50   0.50   0.50   0.50   0.05   0.50   0.50   0.50   0.22   0.41   0.50   0.50   0.50   0.50   0.07   0.50   0.05   0.50   0.50   0.50   0.63   0.50   0.50   0.50   0.19   0.50   0.69   0.50   0.60   0.50   0.50   0.50   0.50   0.50   0.50   0.66   0.50   0.50   0.18   0.31   0.80   0.50   0.64   0.25   0.50   0.45   0.50   0.11   0.04   0.30   0.50   0.50   0.33   0.50   0.50   0.50   0.82   0.89   0.48   0.50   0.57   0.50   0.50   0.50   0.50   0.50   0.17   0.63   0.46   0.34   0.82   0.56   
0.84   0.84   0.03   0.84   0.02   0.79   0.04   0.02   0.84   0.84   0.02   0.84   0.98   0.04   0.02   0.01   0.84   0.02   0.98   0.97   0.01   0.84   0.01   1.00   0.84   0.84   0.02   0.96   0.84   0.96   0.79   0.84   0.99   0.84   0.03   0.96   1.00   0.84   0.96   0.84   0.84   0.03   0.84   0.98   0.04   0.01   0.98   0.84   0.27   0.16   0.84   0.50   0.84   0.44   0.20   0.24   0.94   0.90   0.24   0.98   0.90   0.84   0.83   0.73   0.90   0.84   0.08   0.89   0.84   0.84   0.84   0.98   0.01   0.88   0.49   0.03   0.98   0.93   

0.50   0.50   0.50   0.50   0.08   0.50   0.50   0.50   0.50   0.50   0.50   0.50   0.31   0.50   0.50   0.50   0.50   0.50   0.29   0.18   0.50   0.50   0.06   0.50   0.50   0.50   0.50   0.72   0.50   0.50   0.21   0.14   0.04   0.50   0.50   0.50   0.50   0.50   0.50   0.50   0.50   0.50   0.06   0.50   0.50   0.50   0.10   0.50   0.13   0.39   0.50   0.50   0.50   0.06   0.04   0.14   0.24   0.80   0.16   0.02   0.55   0.76   0.50   0.21   0.03   0.10   0.50   0.35   0.10   0.69   0.24   0.04   0.50   0.50   0.29   0.50   0.36   0.58   
0.01   0.03   0.03   0.01   0.01   0.09   0.01   0.02   0.01   0.01   0.10   0.08   0.07   0.01   0.01   0.02   0.01   0.00   0.02   0.02   0.03   0.02   0.01   0.99   0.00   0.01   0.01   0.17   0.07   0.02   0.15   0.04   0.08   0.01   0.03   0.11   0.99   0.78   0.12   0.01   0.02   0.01   0.03   0.99   0.09   0.02   0.09   0.06   0.02   0.07   0.02   0.36   0.00   0.09   0.05   0.06   0.81   0.80   0.06   0.01   0.25   0.37   0.14   0.02   0.04   0.05   0.01   0.17   0.02   0.39   0.27   0.15   0.04   0.26   0.13   0.06   0.60   0.77   
0.01   0.06   0.06   0.03   0.45   0.37   0.01   0.03   0.03   0.01   0.29   0.18   0.57   0.03   0.16   0.03   0.03   0.01   0.26   0.38   0.05   0.02   0.34   1.00   0.01   0.01   0.01   0.33   0.10   0.05   0.85   0.76   0.98   0.02   0.03   0.25   1.00   0.93   0.46   0.01   0.01   0.03   0.84   1.00   0.38   0.03   0.92   0.35   0.52   0.44   0.02   0.84   0.01   0.97   0.92   0.80   0.97   0.84   0.75   0.85   0.71   0.63   0.68   0.17   0.95   0.82   0.16   0.79   0.66   0.72   0.94   0.99   0.06   0.89   0.79   0.34   0.92   0.93   
0.50   0.50   0.50   0.50   0.07   0.90   0.50   0.50   0.50   0.50   0.05   0.50   0.50   0.50   0.20   0.42   0.50   0.50   0.50   0.50   0.50   0.50   0.05   0.50   0.50   0.50   0.70   0.50   0.50   0.50   0.21   0.50   0.69   0.50   0.66   0.50   0.50   0.50   0.50   0.50   0.50   0.70   0.50   0.50   0.19   0.32   0.84   0.50   0.68   0.26   0.50   0.49   0.50   0.07   0.03   0.36   0.50   0.50   0.36   0.50   0.50   0.50   0.86   0.90   0.56   0.50   0.63   0.50   0.50   0.50   0.50   0.50   0.15   0.67   0.50   0.38   0.85   0.58   
0.85   0.85   0.03   0.85   0.02   0.80   0.04   0.02   0.85   0.85   0.02   0.85   0.98   0.04   0.01   0.01   0.85   0.02   0.98   0.98   0.05   0.85   0.01   1.00   0.85   0.85   0.03   0.97   0.85   0.97   0.42   0.85   0.99   0.85   0.03   0.97   1.00   0.85   0.97   0.85   0.85   0.04   0.85   0.98   0.04   0.01   0.99   0.85   0.64   0.14   0.85   0.78   0.85   0.43   0.18   0.45   0.95   0.91   0.39   0.98   0.91   0.85   0.91   0.72   0.93   0.85   0.10   0.91   0.85   0.85   0.85   0.98   0.01   0.93   0.77   0.11   0.99   0.94   

0.50   0.50   0.50   0.50   0.08   0.50   0.50   0.50   0.50   0.50   0.50   0.50   0.29   0.50   0.50   0.50   0.50   0.50   0.26   0.16   0.50   0.50   0.50   0.50   0.50   0.50   0.50   0.69   0.50   0.50   0.20   0.12   0.04   0.50   0.50   0.50   0.50   0.50   0.46   0.50   0.50   0.50   0.05   0.50   0.50   0.50   0.09   0.50   0.12   0.34   0.50   0.50   0.50   0.06   0.04   0.14   0.21   0.79   0.14   0.02   0.50   0.74   0.50   0.18   0.03   0.09   0.50   0.34   0.09   0.68   0.22   0.04   0.50   0.50   0.27   0.50   0.34   0.59   
0.01   0.03   0.03   0.01   0.01   0.09   0.01   0.02   0.01   0.01   0.10   0.07   0.07   0.01   0.01   0.02   0.01   0.00   0.02   0.02   0.03   0.02   0.09   0.99   0.00   0.01   0.01   0.16   0.06   0.02   0.12   0.03   0.07   0.01   0.03   0.11   0.99   0.74   0.10   0.01   0.02   0.01   0.03   0.99   0.08   0.02   0.08   0.06   0.02   0.06   0.02   0.28   0.00   0.08   0.05   0.04   0.67   0.77   0.04   0.01   0.20   0.32   0.13   0.01   0.03   0.03   0.01   0.13   0.02   0.34   0.20   0.13   0.04   0.24   0.11   0.06   0.32   0.77   
0.01   0.06   0.06   0.03   0.46   0.38   0.01   0.03   0.03   0.01   0.30   0.19   0.59   0.03   0.17   0.03   0.03   0.01   0.28   0.39   0.05   0.03   0.35   1.00   0.01   0.01   0.01   0.34   0.10   0.05   0.86   0.77   0.98   0.02   0.03   0.27   1.00   0.93   0.48   0.01   0.01   0.03   0.84   1.00   0.40   0.03   0.92   0.37   0.54   0.45   0.02   0.85   0.01   0.97   0.92   0.81   0.97   0.85   0.76   0.86   0.72   0.65   0.69   0.18   0.95   0.83   0.17   0.80   0.68   0.73   0.94   0.99   0.07   0.89   0.80   0.36   0.93   0.93   
0.50   0.50   0.50   0.50   0.07   0.90   0.50   0.50   0.50   0.50   0.06   0.50   0.50   0.50   0.20   0.43   0.50   0.50   0.50   0.50   0.50   0.50   0.05   0.50   0.50   0.50   0.71   0.50   0.50   0.50   0.22   0.50   0.70   0.50   0.66   0.50   0.50   0.50   0.50   0.50   0.50   0.71   0.50   0.50   0.20   0.33   0.85   0.50   0.69   0.27   0.50   0.50   0.50   0.08   0.03   0.37   0.50   0.50   0.37   0.50   0.50   0.50   0.86   0.90   0.57   0.50   0.64   0.50   0.50   0.50   0.50   0.50   0.15   0.68   0.52   0.39   0.86   0.59   
0.85   0.85   0.03   0.85   0.02   0.81   0.04   0.02   0.85   0.85   0.02   0.85   0.98   0.04   0.02   0.01   0.85   0.02   0.98   0.98   0.05   0.85   0.01   1.00   0.85   0.85   0.03   0.97   0.85   0.97   0.43   0.85   0.99   0.85   0.04   0.97   1.00   0.85   0.97   0.85   0.85   0.04   0.85   0.98   0.04   0.01   0.99   0.85   0.65   0.16   0.85   0.78   0.85   0.46   0.20   0.45   0.95   0.91   0.39   0.98   0.91   0.85   0.91   0.74   0.93   0.85   0.10   0.92   0.85   0.85   0.85   0.98   0.01   0.94   0.79   0.11   0.99   0.95   

0.50   0.50   0.50   0.50   0.08   0.50   0.50   0.50   0.50   0.50   0.50   0.50   0.29   0.50   0.50   0.50   0.50   0.50   0.26   0.16   0.50   0.50   0.50   0.50   0.50   0.50   0.50   0.69   0.50   0.50   0.20   0.12   0.04   0.50   0.50   0.50   0.50   0.50   0.46   0.50   0.50   0.50   0.05   0.50   0.50   0.50   0.09   0.50   0.12   0.34   0.50   0.50   0.50   0.06   0.04   0.14   0.21   0.79   0.14   0.02   0.50   0.74   0.50   0.18   0.03   0.09   0.50   0.34   0.09   0.68   0.22   0.04   0.50   0.50   0.27   0.50   0.34   0.59   
0.01   0.03   0.03   0.01   0.01   0.09   0.01   0.02   0.01   0.01   0.10   0.08   0.05   0.01   0.01   0.01   0.01   0.00   0.03   0.02   0.03   0.02   0.09   0.99   0.00   0.01   0.01   0.12   0.07   0.02   0.09   0.05   0.09   0.01   0.03   0.11   0.99   0.81   0.08   0.01   0.01   0.01   0.03   0.99   0.08   0.02   0.09   0.06   0.03   0.05   0.02   0.55   0.00   0.11   0.05   0.07   0.80   0.80   0.06   0.01   0.25   0.51   0.13   0.01   0.04   0.05   0.01   0.21   0.03   0.32   0.31   0.15   0.03   0.27   0.14   0.05   0.61   0.78   
0.01   0.15   0.04   0.02   0.37   0.45   0.01   0.02   0.02   0.09   0.21   0.15   0.48   0.02   0.16   0.03   0.02   0.01   0.36   0.29   0.04   0.02   0.25   0.99   0.00   0.01   0.01   0.25   0.08   0.03   0.78   0.81   0.98   0.02   0.02   0.20   0.99   0.94   0.39   0.08   0.01   0.03   0.86   1.00   0.32   0.03   0.93   0.43   0.58   0.34   0.02   0.87   0.00   0.97   0.93   0.84   0.97   0.86   0.79   0.87   0.75   0.67   0.72   0.13   0.95   0.86   0.27   0.83   0.71   0.65   0.95   0.99   0.05   0.90   0.82   0.43   0.94   0.93   
0.50   0.50   0.50   0.50   0.09   0.90   0.50   0.50   0.50   0.50   0.07   0.50   0.50   0.50   0.23   0.46   0.50   0.50   0.50   0.50   0.50   0.50   0.06   0.50   0.50   0.50   0.73   0.50   0.50   0.50   0.25   0.50   0.72   0.50   0.69   0.50   0.50   0.50   0.50   0.50   0.50   0.73   0.50   0.50   0.23   0.36   0.85   0.50   0.71   0.30   0.50   0.53   0.50   0.09   0.04   0.40   0.50   0.50   0.41   0.50   0.50   0.50   0.87   0.90   0.60   0.50   0.66   0.50   0.50   0.50   0.50   0.50   0.18   0.70   0.55   0.43   0.86   0.62   
0.87   0.87   0.02   0.87   0.02   0.88   0.04   0.02   0.87   0.87   0.02   0.87   0.99   0.04   0.02   0.01   0.87   0.02   0.99   0.98   0.04   0.87   0.01   1.00   0.87   0.87   0.03   0.97   0.87   0.97   0.36   0.87   1.00   0.87   0.03   0.97   1.00   0.87   0.97   0.87   0.87   0.04   0.87   0.99   0.04   0.01   0.99   0.87   0.77   0.13   0.87   0.87   0.87   0.85   0.27   0.76   0.96   0.92   0.69   0.99   0.92   0.87   0.94   0.70   0.95   0.87   0.24   0.94   0.87   0.87   0.87   0.99   0.01   0.96   0.86   0.22   0.99   0.96   

0.50   0.50   0.50   0.50   0.08   0.50   0.50   0.50   0.50   0.50   0.50   0.50   0.29   0.50   0.50   0.50   0.50   0.50   0.26   0.16   0.50   0.50   0.50   0.50   0.50   0.50   0.50   0.69   0.50   0.50   0.20   0.12   0.04   0.50   0.50   0.50   0.50   0.50   0.46   0.50   0.50   0.50   0.05   0.50   0.50   0.50   0.09   0.50   0.12   0.34   0.50   0.50   0.50   0.06   0.04   0.14   0.21   0.79   0.14   0.02   0.50   0.74   0.50   0.18   0.03   0.09   0.50   0.34   0.09   0.68   0.22   0.04   0.50   0.50   0.27   0.50   0.34   0.59   
0.01   0.02   0.02   0.01   0.01   0.09   0.01   0.02   0.01   0.01   0.10   0.08   0.05   0.01   0.01   0.01   0.01   0.00   0.03   0.01   0.03   0.02   0.08   0.99   0.00   0.01   0.01   0.12   0.07   0.02   0.08   0.04   0.12   0.01   0.02   0.11   0.99   0.84   0.08   0.01   0.01   0.01   0.03   0.99   0.08   0.02   0.07   0.06   0.02   0.04   0.02   0.56   0.00   0.15   0.08   0.06   0.83   0.87   0.05   0.02   0.36   0.39   0.14   0.01   0.06   0.04   0.01   0.28   0.03   0.30   0.22   0.20   0.03   0.28   0.13   0.05   0.69   0.85   
0.01   0.13   0.04   0.02   0.31   0.38   0.01   0.02   0.02   0.08   0.17   0.12   0.41   0.02   0.13   0.08   0.02   0.01   0.30   0.23   0.10   0.02   0.20   0.99   0.00   0.01   0.01   0.20   0.07   0.03   0.71   0.73   0.98   0.02   0.02   0.16   0.99   0.94   0.32   0.07   0.01   0.02   0.81   1.00   0.35   0.02   0.89   0.36   0.49   0.27   0.02   0.87   0.00   0.97   0.94   0.78   0.98   0.87   0.72   0.88   0.75   0.59   0.73   0.11   0.96   0.80   0.22   0.83   0.62   0.56   0.92   0.99   0.11   0.91   0.76   0.36   0.95   0.94   
0.50   0.50   0.50   0.50   0.09   0.95   0.50   0.50   0.50   0.50   0.05   0.50   0.50   0.50   0.22   0.46   0.50   0.50   0.50   0.50   0.50   0.50   0.06   0.50   0.50   0.50   0.73   0.50   0.50   0.50   0.28   0.50   0.50   0.50   0.73   0.50   0.50   0.50   0.50   0.50   0.50   0.76   0.50   0.50   0.26   0.38   0.90   0.50   0.75   0.28   0.50   0.64   0.50   0.12   0.04   0.41   0.50   0.50   0.43   0.50   0.50   0.50   0.90   0.87   0.62   0.50   0.75   0.50   0.50   0.50   0.50   0.50   0.21   0.74   0.60   0.44   0.86   0.60   
0.04   0.04   0.02   0.04   0.02   0.92   0.03   0.01   0.04   0.04   0.01   0.04   0.98   0.03   0.01   0.03   0.04   0.01   0.98   0.98   0.03   0.04   0.01   1.00   0.04   0.04   0.03   0.97   0.04   0.97   0.31   0.04   0.98   0.04   0.04   0.97   1.00   0.04   0.97   0.04   0.04   0.04   0.04   0.98   0.06   0.01   0.99   0.04   0.76   0.10   0.04   0.89   0.04   0.86   0.25   0.65   0.95   0.90   0.47   0.98   0.90   0.04   0.95   0.57   0.95   0.04   0.28   0.92   0.04   0.04   0.04   0.98   0.02   0.96   0.83   0.19   0.99   0.96   

0.50   0.50   0.50   0.50   0.08   0.50   0.50   0.50   0.50   0.50   0.50   0.50   0.29   0.50   0.50   0.50   0.50   0.50   0.26   0.16   0.50   0.50   0.50   0.50   0.50   0.50   0.50   0.69   0.50   0.50   0.20   0.12   0.04   0.50   0.50   0.50   0.50   0.50   0.46   0.50   0.50   0.50   0.05   0.50   0.50   0.50   0.09   0.50   0.12   0.34   0.50   0.50   0.50   0.06   0.04   0.14   0.21   0.79   0.14   0.02   0.50   0.74   0.50   0.18   0.03   0.09   0.50   0.34   0.09   0.68   0.22   0.04   0.50   0.50   0.27   0.50   0.34   0.59   
0.01   0.02   0.02   0.01   0.01   0.09   0.01   0.02   0.01   0.01   0.10   0.08   0.07   0.01   0.01   0.01   0.01   0.00   0.04   0.01   0.03   0.02   0.08   0.99   0.00   0.01   0.01   0.11   0.07   0.02   0.10   0.05   0.13   0.01   0.02   0.11   0.99   0.84   0.07   0.01   0.01   0.01   0.03   0.99   0.08   0.02   0.09   0.05   0.02   0.04   0.02   0.57   0.00   0.16   0.09   0.05   0.83   0.87   0.06   0.02   0.29   0.33   0.14   0.01   0.06   0.03   0.01   0.21   0.03   0.35   0.23   0.21   0.03   0.28   0.15   0.05   0.70   0.87   
0.01   0.11   0.04   0.02   0.28   0.33   0.01   0.02   0.02   0.07   0.15   0.10   0.50   0.02   0.12   0.07   0.02   0.01   0.40   0.20   0.09   0.12   0.17   0.99   0.00   0.01   0.01   0.17   0.06   0.03   0.75   0.77   0.99   0.01   0.02   0.13   0.99   0.95   0.29   0.06   0.01   0.02   0.83   1.00   0.31   0.02   0.91   0.30   0.41   0.23   0.02   0.89   0.00   0.98   0.95   0.69   0.98   0.88   0.76   0.89   0.67   0.52   0.65   0.10   0.96   0.72   0.20   0.75   0.67   0.62   0.93   0.99   0.09   0.91   0.79   0.29   0.95   0.95   
0.50   0.50   0.50   0.50   0.08   0.93   0.50   0.50   0.50   0.50   0.04   0.50   0.50   0.50   0.19   0.41   0.50   0.50   0.50   0.50   0.50   0.50   0.05   0.50   0.50   0.50   0.68   0.50   0.50   0.50   0.24   0.50   0.50   0.50   0.68   0.50   0.50   0.50   0.50   0.50   0.50   0.71   0.50   0.50   0.22   0.33   0.87   0.50   0.69   0.24   0.50   0.57   0.50   0.10   0.03   0.36   0.50   0.50   0.38   0.50   0.50   0.50   0.86   0.83   0.56   0.50   0.70   0.50   0.50   0.50   0.50   0.50   0.18   0.68   0.53   0.39   0.83   0.54   
0.04   0.04   0.02   0.04   0.01   0.85   0.03   0.01   0.04   0.04   0.01   0.04   0.98   0.03   0.01   0.02   0.04   0.01   0.98   0.98   0.03   0.04   0.01   1.00   0.04   0.04   0.02   0.97   0.04   0.97   0.32   0.04   0.98   0.04   0.02   0.97   1.00   0.04   0.97   0.04   0.04   0.03   0.04   0.98   0.04   0.01   0.99   0.04   0.61   0.07   0.04   0.89   0.04   0.85   0.24   0.37   0.95   0.90   0.48   0.98   0.90   0.04   0.89   0.28   0.95   0.04   0.19   0.92   0.04   0.04   0.04   0.98   0.01   0.95   0.81   0.12   0.99   0.95   

0.50   0.50   0.50   0.50   0.08   0.50   0.50   0.50   0.50   0.50   0.50   0.50   0.29   0.50   0.50   0.50   0.50   0.50   0.26   0.16   0.50   0.50   0.50   0.50   0.50   0.50   0.50   0.69   0.50   0.50   0.20   0.12   0.04   0.50   0.50   0.50   0.50   0.50   0.46   0.50   0.50   0.50   0.05   0.50   0.50   0.50   0.09   0.50   0.12   0.34   0.50   0.50   0.50   0.06   0.04   0.14   0.21   0.79   0.14   0.02   0.50   0.74   0.50   0.18   0.03   0.09   0.50   0.34   0.09   0.68   0.22   0.04   0.50   0.50   0.27   0.50   0.34   0.59   
0.01   0.03   0.03   0.01   0.01   0.10   0.01   0.02   0.01   0.01   0.10   0.08   0.07   0.01   0.01   0.01   0.01   0.00   0.04   0.01   0.03   0.02   0.08   0.99   0.00   0.01   0.01   0.11   0.07   0.02   0.10   0.05   0.13   0.01   0.03   0.11   0.99   0.85   0.07   0.01   0.01   0.01   0.03   0.99   0.08   0.02   0.09   0.06   0.02   0.04   0.02   0.58   0.00   0.16   0.09   0.05   0.87   0.88   0.06   0.02   0.30   0.34   0.14   0.01   0.06   0.03   0.01   0.22   0.03   0.36   0.24   0.21   0.03   0.29   0.15   0.05   0.74   0.87   
0.01   0.10   0.03   0.03   0.27   0.32   0.01   0.03   0.02   0.06   0.17   0.12   0.53   0.02   0.14   0.08   0.02   0.01   0.43   0.22   0.11   0.14   0.19   0.99   0.00   0.01   0.01   0.19   0.05   0.02   0.77   0.78   0.99   0.01   0.02   0.15   0.99   0.95   0.31   0.07   0.02   0.02   0.84   1.00   0.30   0.03   0.91   0.29   0.43   0.26   0.02   0.88   0.00   0.98   0.95   0.71   0.97   0.89   0.77   0.90   0.69   0.54   0.66   0.11   0.97   0.73   0.19   0.74   0.66   0.65   0.93   0.99   0.08   0.92   0.81   0.29   0.94   0.95   
0.50   0.50   0.50   0.50   0.09   0.95   0.50   0.50   0.50   0.50   0.05   0.50   0.50   0.50   0.24   0.47   0.50   0.50   0.50   0.50   0.50   0.50   0.50   0.50   0.50   0.50   0.77   0.50   0.50   0.50   0.30   0.50   0.50   0.50   0.71   0.50   0.50   0.50   0.50   0.50   0.50   0.73   0.50   0.50   0.26   0.42   0.89   0.50   0.73   0.22   0.50   0.60   0.50   0.10   0.04   0.41   0.50   0.50   0.42   0.50   0.50   0.50   0.89   0.82   0.66   0.50   0.73   0.50   0.50   0.50   0.50   0.50   0.21   0.74   0.57   0.44   0.82   0.58   
0.04   0.04   0.02   0.04   0.01   0.89   0.03   0.01   0.04   0.04   0.01   0.04   0.98   0.03   0.02   0.04   0.04   0.01   0.98   0.98   0.03   0.04   0.13   1.00   0.04   0.04   0.03   0.97   0.04   0.97   0.45   0.04   0.99   0.04   0.02   0.97   1.00   0.04   0.97   0.04   0.04   0.03   0.04   0.98   0.04   0.02   0.99   0.04   0.71   0.08   0.04   0.89   0.04   0.87   0.34   0.48   0.95   0.90   0.69   0.98   0.90   0.04   0.93   0.50   0.97   0.04   0.21   0.93   0.04   0.04   0.04   0.98   0.01   0.97   0.87   0.15   0.98   0.97   

0.50   0.50   0.50   0.50   0.08   0.50   0.50   0.50   0.50   0.50   0.50   0.50   0.29   0.50   0.50   0.50   0.50   0.50   0.26   0.16   0.50   0.50   0.50   0.50   0.50   0.50   0.50   0.69   0.50   0.50   0.20   0.12   0.04   0.50   0.50   0.50   0.50   0.50   0.46   0.50   0.50   0.50   0.05   0.50   0.50   0.50   0.09   0.50   0.12   0.34   0.50   0.50   0.50   0.06   0.04   0.14   0.21   0.79   0.14   0.02   0.50   0.74   0.50   0.18   0.03   0.09   0.50   0.34   0.09   0.68   0.22   0.04   0.50   0.50   0.27   0.50   0.34   0.59   
0.01   0.03   0.03   0.01   0.01   0.10   0.01   0.02   0.01   0.01   0.10   0.08   0.07   0.01   0.01   0.01   0.01   0.00   0.04   0.01   0.03   0.02   0.08   0.99   0.00   0.01   0.01   0.11   0.07   0.02   0.10   0.05   0.13   0.01   0.03   0.11   0.99   0.85   0.07   0.01   0.01   0.01   0.03   0.99   0.08   0.02   0.09   0.06   0.02   0.04   0.02   0.58   0.00   0.16   0.09   0.05   0.87   0.88   0.06   0.02   0.30   0.34   0.14   0.01   0.06   0.03   0.01   0.22   0.03   0.36   0.24   0.21   0.03   0.29   0.15   0.05   0.74   0.87   
0.01   0.10   0.03   0.03   0.27   0.32   0.01   0.03   0.02   0.06   0.17   0.12   0.53   0.02   0.14   0.08   0.02   0.01   0.43   0.22   0.11   0.14   0.19   0.99   0.00   0.01   0.01   0.19   0.05   0.02   0.77   0.78   0.99   0.01   0.02   0.15   0.99   0.95   0.31   0.07   0.02   0.02   0.84   1.00   0.30   0.03   0.91   0.29   0.43   0.26   0.02   0.88   0.00   0.98   0.95   0.71   0.97   0.89   0.77   0.90   0.69   0.54   0.66   0.11   0.97   0.73   0.19   0.74   0.66   0.65   0.93   0.99   0.08   0.92   0.81   0.29   0.94   0.95   
0.50   0.50   0.50   0.50   0.08   0.95   0.50   0.50   0.50   0.50   0.05   0.50   0.50   0.50   0.23   0.47   0.50   0.50   0.50   0.50   0.50   0.50   0.50   0.50   0.50   0.50   0.77   0.50   0.50   0.50   0.29   0.50   0.50   0.50   0.72   0.50   0.50   0.50   0.50   0.50   0.50   0.74   0.50   0.50   0.25   0.41   0.90   0.50   0.73   0.21   0.50   0.61   0.50   0.09   0.04   0.40   0.50   0.50   0.41   0.50   0.50   0.50   0.89   0.83   0.66   0.50   0.74   0.50   0.50   0.50   0.50   0.50   0.20   0.74   0.57   0.44   0.83   0.58   
0.04   0.04   0.02   0.04   0.01   0.90   0.03   0.01   0.04   0.04   0.01   0.04   0.98   0.03   0.02   0.04   0.04   0.01   0.98   0.98   0.03   0.04   0.13   1.00   0.04   0.04   0.03   0.97   0.04   0.97   0.44   0.04   0.99   0.04   0.03   0.97   1.00   0.04   0.97   0.04   0.04   0.03   0.04   0.98   0.04   0.02   0.99   0.04   0.71   0.08   0.04   0.89   0.04   0.86   0.30   0.47   0.95   0.90   0.69   0.98   0.90   0.04   0.93   0.52   0.97   0.04   0.22   0.93   0.04   0.04   0.04   0.98   0.01   0.97   0.86   0.15   0.98   0.97   

0.00   0.00   0.00   0.00   0.00   0.00   0.00   0.00   0.00   0.00   0.00   0.00   0.00   0.00   0.00   0.00   0.00   0.00   0.00   0.00   0.00   0.00   0.00   0.00   0.00   0.00   0.00   0.00   0.00   0.00   0.00   1.00   1.00   0.00   0.00   0.00   1.00   1.00   0.00   0.00   0.00   0.00   1.00   1.00   1.00   0.00   1.00   0.00   1.00   0.00   0.00   1.00   1.00   1.00   1.00   1.00   1.00   1.00   1.00   1.00   1.00   1.00   1.00   0.00   1.00   1.00   1.00   1.00   1.00   1.00   1.00   1.00   1.00   1.00   1.00   1.00   1.00   1.00   