5.00   5.00   5.00   5.00   5.00   5.00   5.00   5.00   5.00   5.00   5.00   5.00   5.00   5.00   5.00   5.00   5.00   5.00   5.00   5.00   5.00   5.00   5.00   5.00   5.00   5.00   5.00   5.00   5.00   5.00   5.00   5.00   5.00   5.00   5.00   5.00   5.00   5.00   5.00   5.00   5.00   5.00   5.00   5.00   5.00   5.00   5.00   5.00   5.00   5.00   5.00   5.00   5.00   5.00   5.00   5.00   5.00   5.00   5.00   5.00   5.00   5.00   5.00   5.00   5.00   5.00   5.00   5.00   5.00   5.00   5.00   5.00   5.00   5.00   5.00   5.00   5.00   5.00   
0.05   0.93   0.05   0.93   0.05   0.05   0.05   0.05   0.05   0.05   0.05   0.93   0.05   0.93   0.05   0.05   0.05   0.05   0.05   0.93   0.05   0.93   0.41   0.99   0.93   0.05   0.05   0.05   0.93   0.05   0.05   0.05   0.41   0.05   0.99   0.93   0.93   0.93   0.99   0.99   0.93   0.99   0.93   0.05   0.93   0.05   0.05   0.93   0.05   0.93   0.05   0.41   0.05   0.93   0.93   0.41   0.05   0.05   0.93   0.41   0.93   0.93   0.93   0.93   0.93   0.93   0.93   0.93   0.05   0.05   0.05   0.05   0.93   0.05   0.05   0.05   0.05   0.05   
0.05   0.93   0.05   0.93   0.05   0.05   0.05   0.05   0.05   0.05   0.05   0.93   0.05   0.93   0.05   0.05   0.05   0.05   0.05   0.93   0.05   0.93   0.41   0.99   0.93   0.05   0.05   0.05   0.93   0.05   0.05   0.05   0.41   0.05   0.99   0.93   0.93   0.93   0.99   0.99   0.93   0.99   0.93   0.05   0.93   0.05   0.05   0.93   0.05   0.93   0.05   0.41   0.05   0.93   0.93   0.41   0.05   0.05   0.93   0.41   0.93   0.93   0.93   0.93   0.93   0.93   0.93   0.93   0.05   0.05   0.05   0.05   0.93   0.05   0.05   0.05   0.05   0.05   
0.05   0.04   0.52   0.19   0.22   0.41   0.30   0.08   0.81   0.06   0.10   0.14   0.19   0.83   0.40   0.36   0.17   0.03   0.32   0.37   0.17   0.45   0.25   0.26   0.20   0.11   0.20   0.18   0.81   0.46   0.35   0.49   0.79   0.81   0.67   0.20   0.46   0.04   0.86   0.79   0.92   0.93   0.11   0.71   0.79   0.10   0.09   0.87   0.85   0.55   0.60   0.80   0.39   0.16   0.04   0.61   0.56   0.47   0.09   0.59   0.71   0.77   0.86   0.87   0.40   0.80   0.80   0.68   0.48   0.46   0.78   0.66   0.88   0.27   0.74   0.82   0.74   0.50   
0.00   0.07   0.65   0.72   0.01   0.03   0.02   0.00   0.88   0.00   0.00   0.24   0.01   0.98   0.03   0.02   0.01   0.00   0.02   0.87   0.01   0.90   0.85   0.97   0.73   0.01   0.01   0.01   0.98   0.04   0.02   0.04   0.98   0.88   0.99   0.73   0.90   0.07   1.00   1.00   0.99   1.00   0.19   0.80   0.98   0.00   0.00   0.99   0.91   0.93   0.72   0.99   0.03   0.68   0.07   0.96   0.69   0.04   0.15   0.96   0.96   0.97   0.99   0.99   0.88   0.98   0.98   0.96   0.04   0.04   0.86   0.77   0.99   0.02   0.83   0.89   0.83   0.04   

5.00   5.00   5.00   5.00   5.00   5.00   5.00   5.00   5.00   5.00   5.00   5.00   5.00   5.00   5.00   5.00   5.00   5.00   5.00   5.00   5.00   5.00   5.00   5.00   5.00   5.00   5.00   5.00   5.00   5.00   5.00   5.00   5.00   5.00   5.00   5.00   5.00   5.00   5.00   5.00   5.00   5.00   5.00   5.00   5.00   5.00   5.00   5.00   5.00   5.00   5.00   5.00   5.00   5.00   5.00   5.00   5.00   5.00   5.00   5.00   5.00   5.00   5.00   5.00   5.00   5.00   5.00   5.00   5.00   5.00   5.00   5.00   5.00   5.00   5.00   5.00   5.00   5.00   
0.31   0.10   0.03   0.95   0.03   0.31   0.31   0.03   0.31   0.03   0.31   0.95   0.31   0.95   0.31   0.03   0.03   0.03   0.03   0.10   0.03   0.95   0.04   0.98   0.10   0.03   0.03   0.03   0.95   0.31   0.31   0.31   0.04   0.31   0.98   0.95   0.95   0.10   0.98   0.12   0.95   0.98   0.10   0.03   0.10   0.31   0.31   0.10   0.31   0.10   0.03   0.38   0.03   0.95   0.95   0.04   0.03   0.31   0.95   0.04   0.95   0.95   0.10   0.10   0.95   0.95   0.95   0.10   0.03   0.03   0.03   0.31   0.10   0.03   0.31   0.03   0.03   0.31   
0.31   0.10   0.03   0.95   0.03   0.31   0.31   0.03   0.31   0.03   0.31   0.95   0.31   0.95   0.31   0.03   0.03   0.03   0.03   0.10   0.03   0.95   0.04   0.98   0.10   0.03   0.03   0.03   0.95   0.31   0.31   0.31   0.04   0.31   0.98   0.95   0.95   0.10   0.98   0.12   0.95   0.98   0.10   0.03   0.10   0.31   0.31   0.10   0.31   0.10   0.03   0.38   0.03   0.95   0.95   0.04   0.03   0.31   0.95   0.04   0.95   0.95   0.10   0.10   0.95   0.95   0.95   0.10   0.03   0.03   0.03   0.31   0.10   0.03   0.31   0.03   0.03   0.31   
0.50   0.01   0.42   0.12   0.12   0.40   0.25   0.50   0.91   0.50   0.50   0.06   0.12   0.90   0.29   0.29   0.07   0.50   0.26   0.30   0.07   0.40   0.22   0.17   0.14   0.50   0.10   0.13   0.88   0.55   0.23   0.47   0.86   0.91   0.50   0.10   0.43   0.01   0.50   0.50   0.98   0.50   0.04   0.79   0.88   0.50   0.50   0.94   0.94   0.63   0.57   0.89   0.26   0.09   0.01   0.57   0.53   0.53   0.03   0.65   0.77   0.85   0.90   0.92   0.36   0.87   0.84   0.74   0.53   0.45   0.84   0.70   0.97   0.24   0.81   0.88   0.79   0.56   
0.04   0.01   0.03   0.72   0.01   0.78   0.37   0.04   0.98   0.04   0.04   0.19   0.19   0.99   0.41   0.02   0.00   0.04   0.01   0.18   0.00   0.93   0.13   0.96   0.07   0.04   0.00   0.01   0.99   0.86   0.34   0.82   0.91   0.98   0.99   0.68   0.93   0.00   0.99   0.99   1.00   0.99   0.02   0.73   0.93   0.04   0.04   0.96   0.99   0.74   0.05   0.99   0.01   0.26   0.02   0.70   0.04   0.85   0.11   0.76   0.98   0.99   0.94   0.95   0.91   0.99   0.99   0.83   0.04   0.03   0.80   0.92   0.98   0.01   0.96   0.84   0.73   0.87   

5.00   5.00   5.00   5.00   5.00   5.00   5.00   5.00   5.00   5.00   5.00   5.00   5.00   5.00   5.00   5.00   5.00   5.00   5.00   5.00   5.00   5.00   5.00   5.00   5.00   5.00   5.00   5.00   5.00   5.00   5.00   5.00   5.00   5.00   5.00   5.00   5.00   5.00   5.00   5.00   5.00   5.00   5.00   5.00   5.00   5.00   5.00   5.00   5.00   5.00   5.00   5.00   5.00   5.00   5.00   5.00   5.00   5.00   5.00   5.00   5.00   5.00   5.00   5.00   5.00   5.00   5.00   5.00   5.00   5.00   5.00   5.00   5.00   5.00   5.00   5.00   5.00   5.00   
0.39   0.25   0.02   0.64   0.02   0.39   0.39   0.02   0.39   0.02   0.39   0.64   0.39   0.64   0.39   0.02   0.02   0.02   0.02   0.25   0.02   0.64   0.64   0.84   0.25   0.02   0.02   0.02   0.64   0.39   0.39   0.39   0.89   0.86   0.99   0.64   0.64   0.25   0.99   0.93   0.92   0.99   0.25   0.02   0.25   0.39   0.39   0.84   0.39   0.25   0.02   0.96   0.02   0.64   0.64   0.64   0.02   0.86   0.92   0.89   0.64   0.92   0.25   0.25   0.64   0.64   0.64   0.84   0.02   0.02   0.02   0.86   0.84   0.02   0.86   0.02   0.76   0.86   
0.39   0.25   0.02   0.64   0.02   0.39   0.39   0.02   0.39   0.02   0.39   0.64   0.39   0.64   0.39   0.02   0.02   0.02   0.02   0.25   0.02   0.64   0.64   0.84   0.25   0.02   0.02   0.02   0.64   0.39   0.39   0.39   0.89   0.86   0.99   0.64   0.64   0.25   0.99   0.93   0.92   0.99   0.25   0.02   0.25   0.39   0.39   0.84   0.39   0.25   0.02   0.96   0.02   0.64   0.64   0.64   0.02   0.86   0.92   0.89   0.64   0.92   0.25   0.25   0.64   0.64   0.64   0.84   0.02   0.02   0.02   0.86   0.84   0.02   0.86   0.02   0.76   0.86   
0.50   0.50   0.35   0.12   0.50   0.42   0.24   0.50   0.93   0.50   0.50   0.08   0.09   0.50   0.22   0.34   0.50   0.50   0.31   0.30   0.50   0.36   0.23   0.23   0.17   0.50   0.50   0.50   0.91   0.56   0.23   0.46   0.86   0.94   0.50   0.08   0.46   0.50   0.50   0.50   0.50   0.50   0.02   0.78   0.90   0.50   0.50   0.96   0.94   0.62   0.60   0.89   0.22   0.09   0.01   0.68   0.49   0.55   0.03   0.66   0.83   0.87   0.91   0.90   0.47   0.87   0.81   0.75   0.64   0.47   0.88   0.73   0.97   0.29   0.80   0.89   0.81   0.64   
0.03   0.84   0.01   0.12   0.02   0.12   0.06   0.03   0.97   0.03   0.03   0.08   0.02   0.94   0.05   0.01   0.02   0.03   0.01   0.11   0.02   0.74   0.40   0.80   0.06   0.03   0.02   0.02   0.98   0.76   0.06   0.14   0.99   1.00   0.99   0.08   0.81   0.84   0.99   0.99   0.94   0.99   0.01   0.08   0.96   0.03   0.03   1.00   0.98   0.82   0.04   1.00   0.01   0.09   0.01   0.93   0.02   0.95   0.24   0.98   0.96   0.99   0.97   0.96   0.81   0.97   0.96   0.98   0.04   0.02   0.88   0.97   1.00   0.01   0.98   0.89   0.98   0.96   

5.00   5.00   5.00   5.00   5.00   5.00   5.00   5.00   5.00   5.00   5.00   5.00   5.00   5.00   5.00   5.00   5.00   5.00   5.00   5.00   5.00   5.00   5.00   5.00   5.00   5.00   5.00   5.00   5.00   5.00   5.00   5.00   5.00   5.00   5.00   5.00   5.00   5.00   5.00   5.00   5.00   5.00   5.00   5.00   5.00   5.00   5.00   5.00   5.00   5.00   5.00   5.00   5.00   5.00   5.00   5.00   5.00   5.00   5.00   5.00   5.00   5.00   5.00   5.00   5.00   5.00   5.00   5.00   5.00   5.00   5.00   5.00   5.00   5.00   5.00   5.00   5.00   5.00   
0.11   0.11   0.02   0.28   0.02   0.11   0.11   0.02   0.11   0.02   0.11   0.28   0.11   0.28   0.11   0.02   0.02   0.02   0.02   0.11   0.02   0.28   0.33   0.54   0.11   0.02   0.02   0.02   0.28   0.11   0.11   0.11   0.71   0.91   0.99   0.28   0.28   0.11   0.99   0.97   0.72   0.99   0.11   0.02   0.11   0.11   0.11   0.91   0.65   0.11   0.02   0.97   0.57   0.28   0.28   0.33   0.57   0.91   0.95   0.94   0.72   0.95   0.65   0.11   0.72   0.72   0.28   0.91   0.02   0.57   0.02   0.91   0.91   0.02   0.91   0.57   0.86   0.91   
0.11   0.11   0.02   0.28   0.02   0.11   0.11   0.02   0.11   0.02   0.11   0.28   0.11   0.28   0.11   0.02   0.02   0.02   0.02   0.11   0.02   0.28   0.33   0.54   0.11   0.02   0.02   0.02   0.28   0.11   0.11   0.11   0.71   0.91   0.99   0.28   0.28   0.11   0.99   0.97   0.72   0.99   0.11   0.02   0.11   0.11   0.11   0.91   0.65   0.11   0.02   0.97   0.57   0.28   0.28   0.33   0.57   0.91   0.95   0.94   0.72   0.95   0.65   0.11   0.72   0.72   0.28   0.91   0.02   0.57   0.02   0.91   0.91   0.02   0.91   0.57   0.86   0.91   
0.50   0.50   0.35   0.13   0.50   0.34   0.19   0.50   0.92   0.50   0.50   0.05   0.07   0.50   0.15   0.31   0.50   0.50   0.27   0.30   0.50   0.32   0.18   0.10   0.13   0.50   0.50   0.50   0.91   0.51   0.18   0.38   0.50   0.50   0.50   0.05   0.50   0.50   0.50   0.50   0.50   0.50   0.50   0.73   0.93   0.50   0.50   0.50   0.95   0.69   0.52   0.50   0.26   0.03   0.50   0.72   0.49   0.48   0.02   0.61   0.82   0.50   0.90   0.91   0.39   0.88   0.79   0.78   0.59   0.48   0.91   0.73   0.50   0.28   0.83   0.90   0.79   0.52   
0.03   0.90   0.01   0.05   0.02   0.04   0.02   0.03   0.92   0.03   0.03   0.02   0.01   0.96   0.01   0.01   0.02   0.03   0.01   0.07   0.02   0.13   0.09   0.12   0.02   0.03   0.02   0.02   0.94   0.07   0.02   0.05   0.97   0.95   0.99   0.02   0.62   0.90   0.99   0.99   0.96   0.99   0.16   0.05   0.94   0.03   0.03   0.96   0.99   0.74   0.02   0.98   0.36   0.01   0.82   0.82   0.79   0.95   0.18   0.98   0.97   0.97   0.98   0.93   0.80   0.98   0.86   0.99   0.03   0.78   0.88   0.98   0.96   0.01   0.99   0.97   0.98   0.96   

5.00   5.00   5.00   5.00   5.00   5.00   5.00   5.00   5.00   5.00   5.00   5.00   5.00   5.00   5.00   5.00   5.00   5.00   5.00   5.00   5.00   5.00   5.00   5.00   5.00   5.00   5.00   5.00   5.00   5.00   5.00   5.00   5.00   5.00   5.00   5.00   5.00   5.00   5.00   5.00   5.00   5.00   5.00   5.00   5.00   5.00   5.00   5.00   5.00   5.00   5.00   5.00   5.00   5.00   5.00   5.00   5.00   5.00   5.00   5.00   5.00   5.00   5.00   5.00   5.00   5.00   5.00   5.00   5.00   5.00   5.00   5.00   5.00   5.00   5.00   5.00   5.00   5.00   
0.10   0.08   0.11   0.23   0.02   0.10   0.10   0.02   0.10   0.02   0.25   0.23   0.10   0.37   0.10   0.02   0.02   0.02   0.02   0.08   0.02   0.37   0.23   0.45   0.08   0.02   0.02   0.02   0.23   0.25   0.10   0.10   0.62   0.86   0.98   0.23   0.23   0.08   1.00   0.93   0.70   1.00   0.08   0.02   0.08   0.10   0.10   0.85   0.56   0.08   0.02   0.95   0.46   0.37   0.23   0.23   0.46   0.86   0.97   0.88   0.71   0.92   0.54   0.08   0.63   0.63   0.23   0.85   0.02   0.46   0.02   0.86   0.85   0.02   0.86   0.46   0.79   0.86   
0.10   0.08   0.11   0.23   0.02   0.10   0.10   0.02   0.10   0.02   0.25   0.23   0.10   0.37   0.10   0.02   0.02   0.02   0.02   0.08   0.02   0.37   0.23   0.45   0.08   0.02   0.02   0.02   0.23   0.25   0.10   0.10   0.62   0.86   0.98   0.23   0.23   0.08   1.00   0.93   0.70   1.00   0.08   0.02   0.08   0.10   0.10   0.85   0.56   0.08   0.02   0.95   0.46   0.37   0.23   0.23   0.46   0.86   0.97   0.88   0.71   0.92   0.54   0.08   0.63   0.63   0.23   0.85   0.02   0.46   0.02   0.86   0.85   0.02   0.86   0.46   0.79   0.86   
0.50   0.50   0.36   0.16   0.50   0.42   0.22   0.50   0.92   0.50   0.50   0.07   0.50   0.50   0.18   0.37   0.50   0.50   0.29   0.35   0.50   0.35   0.23   0.15   0.17   0.50   0.50   0.50   0.90   0.56   0.21   0.42   0.50   0.50   0.50   0.06   0.51   0.50   0.50   0.50   0.50   0.50   0.50   0.75   0.92   0.50   0.50   0.50   0.95   0.71   0.55   0.50   0.30   0.06   0.50   0.75   0.53   0.54   0.03   0.63   0.85   0.50   0.88   0.90   0.41   0.89   0.78   0.80   0.62   0.53   0.91   0.72   0.50   0.31   0.82   0.90   0.79   0.56   
0.03   0.88   0.04   0.06   0.02   0.06   0.02   0.03   0.92   0.03   0.03   0.03   0.09   0.96   0.02   0.01   0.02   0.03   0.01   0.07   0.02   0.54   0.11   0.18   0.03   0.03   0.02   0.02   0.94   0.65   0.02   0.06   0.97   0.95   0.99   0.02   0.65   0.88   0.99   0.99   0.96   0.99   0.15   0.05   0.94   0.03   0.03   0.96   0.99   0.26   0.02   0.98   0.40   0.03   0.82   0.84   0.81   0.96   0.30   0.98   0.98   0.98   0.98   0.92   0.82   0.98   0.86   0.99   0.03   0.81   0.88   0.98   0.96   0.01   0.99   0.97   0.98   0.96   

5.00   5.00   5.00   5.00   5.00   5.00   5.00   5.00   5.00   5.00   5.00   5.00   5.00   5.00   5.00   5.00   5.00   5.00   5.00   5.00   5.00   5.00   5.00   5.00   5.00   5.00   5.00   5.00   5.00   5.00   5.00   5.00   5.00   5.00   5.00   5.00   5.00   5.00   5.00   5.00   5.00   5.00   5.00   5.00   5.00   5.00   5.00   5.00   5.00   5.00   5.00   5.00   5.00   5.00   5.00   5.00   5.00   5.00   5.00   5.00   5.00   5.00   5.00   5.00   5.00   5.00   5.00   5.00   5.00   5.00   5.00   5.00   5.00   5.00   5.00   5.00   5.00   5.00   
0.07   0.06   0.10   0.15   0.02   0.07   0.36   0.02   0.07   0.26   0.20   0.15   0.07   0.56   0.07   0.02   0.02   0.02   0.02   0.36   0.02   0.30   0.47   0.61   0.36   0.02   0.02   0.02   0.15   0.48   0.07   0.07   0.76   0.89   0.98   0.15   0.15   0.06   1.00   0.83   0.81   1.00   0.06   0.02   0.06   0.07   0.07   0.89   0.65   0.06   0.02   0.83   0.35   0.56   0.15   0.47   0.58   0.89   0.97   0.79   0.77   0.93   0.43   0.06   0.71   0.51   0.15   0.74   0.02   0.35   0.26   0.89   0.89   0.02   0.75   0.35   0.84   0.89   
0.07   0.06   0.10   0.15   0.02   0.07   0.36   0.02   0.07   0.26   0.20   0.15   0.07   0.56   0.07   0.02   0.02   0.02   0.02   0.36   0.02   0.30   0.47   0.61   0.36   0.02   0.02   0.02   0.15   0.48   0.07   0.07   0.76   0.89   0.98   0.15   0.15   0.06   1.00   0.83   0.81   1.00   0.06   0.02   0.06   0.07   0.07   0.89   0.65   0.06   0.02   0.83   0.35   0.56   0.15   0.47   0.58   0.89   0.97   0.79   0.77   0.93   0.43   0.06   0.71   0.51   0.15   0.74   0.02   0.35   0.26   0.89   0.89   0.02   0.75   0.35   0.84   0.89   
0.50   0.50   0.27   0.09   0.50   0.34   0.14   0.50   0.94   0.50   0.50   0.03   0.50   0.50   0.10   0.28   0.50   0.50   0.20   0.26   0.50   0.26   0.15   0.08   0.09   0.50   0.50   0.50   0.92   0.51   0.13   0.35   0.50   0.50   0.50   0.03   0.45   0.50   0.50   0.50   0.50   0.50   0.50   0.75   0.94   0.50   0.50   0.50   0.97   0.70   0.49   0.50   0.21   0.02   0.50   0.76   0.46   0.48   0.01   0.59   0.87   0.50   0.90   0.92   0.33   0.91   0.78   0.81   0.58   0.46   0.93   0.72   0.50   0.22   0.84   0.92   0.80   0.51   
0.79   0.85   0.02   0.02   0.02   0.03   0.07   0.79   0.91   0.79   0.79   0.00   0.09   0.94   0.01   0.01   0.02   0.79   0.00   0.15   0.02   0.09   0.18   0.15   0.05   0.79   0.02   0.02   0.92   0.67   0.01   0.03   0.98   0.95   0.99   0.00   0.11   0.85   0.99   0.99   0.94   0.99   0.10   0.05   0.92   0.79   0.79   0.95   0.99   0.13   0.02   0.99   0.19   0.02   0.78   0.90   0.79   0.95   0.11   0.96   0.98   0.97   0.97   0.89   0.76   0.97   0.78   0.98   0.02   0.44   0.95   0.98   0.95   0.01   0.98   0.97   0.99   0.96   

5.00   5.00   5.00   5.00   5.00   5.00   5.00   5.00   5.00   5.00   5.00   5.00   5.00   5.00   5.00   5.00   5.00   5.00   5.00   5.00   5.00   5.00   5.00   5.00   5.00   5.00   5.00   5.00   5.00   5.00   5.00   5.00   5.00   5.00   5.00   5.00   5.00   5.00   5.00   5.00   5.00   5.00   5.00   5.00   5.00   5.00   5.00   5.00   5.00   5.00   5.00   5.00   5.00   5.00   5.00   5.00   5.00   5.00   5.00   5.00   5.00   5.00   5.00   5.00   5.00   5.00   5.00   5.00   5.00   5.00   5.00   5.00   5.00   5.00   5.00   5.00   5.00   5.00   
0.07   0.05   0.09   0.13   0.02   0.07   0.37   0.02   0.07   0.27   0.18   0.13   0.07   0.54   0.07   0.02   0.02   0.02   0.01   0.36   0.01   0.30   0.46   0.61   0.36   0.02   0.01   0.02   0.16   0.48   0.07   0.06   0.75   0.89   0.98   0.16   0.13   0.06   1.00   0.83   0.81   1.00   0.05   0.01   0.06   0.06   0.06   0.88   0.65   0.05   0.02   0.83   0.33   0.55   0.16   0.47   0.58   0.89   0.97   0.79   0.75   0.93   0.43   0.05   0.69   0.49   0.16   0.73   0.02   0.35   0.27   0.89   0.89   0.02   0.74   0.35   0.85   0.89   
0.07   0.05   0.09   0.13   0.02   0.07   0.37   0.02   0.07   0.27   0.18   0.13   0.07   0.54   0.07   0.02   0.02   0.02   0.01   0.36   0.01   0.30   0.46   0.61   0.36   0.02   0.01   0.02   0.16   0.48   0.07   0.06   0.75   0.89   0.98   0.16   0.13   0.06   1.00   0.83   0.81   1.00   0.05   0.01   0.06   0.06   0.06   0.88   0.65   0.05   0.02   0.83   0.33   0.55   0.16   0.47   0.58   0.89   0.97   0.79   0.75   0.93   0.43   0.05   0.69   0.49   0.16   0.73   0.02   0.35   0.27   0.89   0.89   0.02   0.74   0.35   0.85   0.89   
0.50   0.50   0.29   0.06   0.50   0.32   0.08   0.50   0.94   0.50   0.50   0.50   0.50   0.50   0.07   0.22   0.50   0.50   0.50   0.26   0.50   0.20   0.08   0.06   0.05   0.50   0.50   0.50   0.93   0.42   0.08   0.34   0.50   0.50   0.50   0.50   0.41   0.50   0.50   0.50   0.50   0.50   0.50   0.72   0.93   0.50   0.50   0.50   0.50   0.66   0.47   0.50   0.08   0.02   0.50   0.71   0.36   0.36   0.01   0.58   0.89   0.50   0.92   0.93   0.33   0.93   0.69   0.80   0.52   0.40   0.94   0.66   0.50   0.50   0.83   0.93   0.81   0.35   
0.73   0.82   0.04   0.02   0.02   0.03   0.03   0.73   0.89   0.73   0.73   0.16   0.10   0.94   0.00   0.00   0.02   0.73   0.02   0.11   0.02   0.06   0.08   0.08   0.02   0.73   0.02   0.02   0.91   0.26   0.01   0.06   0.96   0.93   0.99   0.16   0.15   0.82   0.99   0.99   0.94   0.99   0.13   0.11   0.87   0.73   0.73   0.93   0.80   0.20   0.01   0.98   0.07   0.01   0.75   0.83   0.43   0.90   0.05   0.94   0.98   0.96   0.96   0.90   0.73   0.98   0.63   0.97   0.02   0.33   0.93   0.97   0.93   0.02   0.98   0.96   0.98   0.91   

5.00   5.00   5.00   5.00   5.00   5.00   5.00   5.00   5.00   5.00   5.00   5.00   5.00   5.00   5.00   5.00   5.00   5.00   5.00   5.00   5.00   5.00   5.00   5.00   5.00   5.00   5.00   5.00   5.00   5.00   5.00   5.00   5.00   5.00   5.00   5.00   5.00   5.00   5.00   5.00   5.00   5.00   5.00   5.00   5.00   5.00   5.00   5.00   5.00   5.00   5.00   5.00   5.00   5.00   5.00   5.00   5.00   5.00   5.00   5.00   5.00   5.00   5.00   5.00   5.00   5.00   5.00   5.00   5.00   5.00   5.00   5.00   5.00   5.00   5.00   5.00   5.00   5.00   
0.04   0.04   0.05   0.07   0.02   0.04   0.16   0.02   0.04   0.13   0.08   0.07   0.04   0.64   0.04   0.31   0.31   0.02   0.01   0.55   0.01   0.14   0.24   0.71   0.18   0.02   0.01   0.02   0.08   0.60   0.04   0.03   0.86   0.95   0.99   0.08   0.07   0.05   1.00   0.93   0.89   1.00   0.04   0.01   0.37   0.03   0.03   0.95   0.75   0.35   0.02   0.93   0.20   0.28   0.08   0.26   0.34   0.95   0.98   0.91   0.82   0.97   0.63   0.35   0.78   0.65   0.08   0.88   0.31   0.56   0.48   0.95   0.95   0.02   0.87   0.22   0.93   0.94   
0.04   0.04   0.05   0.07   0.02   0.04   0.16   0.02   0.04   0.13   0.08   0.07   0.04   0.64   0.04   0.31   0.31   0.02   0.01   0.55   0.01   0.14   0.24   0.71   0.18   0.02   0.01   0.02   0.08   0.60   0.04   0.03   0.86   0.95   0.99   0.08   0.07   0.05   1.00   0.93   0.89   1.00   0.04   0.01   0.37   0.03   0.03   0.95   0.75   0.35   0.02   0.93   0.20   0.28   0.08   0.26   0.34   0.95   0.98   0.91   0.82   0.97   0.63   0.35   0.78   0.65   0.08   0.88   0.31   0.56   0.48   0.95   0.95   0.02   0.87   0.22   0.93   0.94   
0.50   0.50   0.41   0.05   0.50   0.37   0.06   0.50   0.98   0.50   0.50   0.50   0.50   0.50   0.50   0.50   0.50   0.50   0.50   0.23   0.50   0.22   0.04   0.02   0.06   0.50   0.50   0.50   0.94   0.42   0.50   0.32   0.50   0.50   0.50   0.50   0.40   0.50   0.50   0.50   0.50   0.50   0.50   0.70   0.95   0.50   0.50   0.50   0.50   0.78   0.35   0.50   0.14   0.03   0.50   0.78   0.43   0.40   0.01   0.52   0.88   0.50   0.94   0.95   0.44   0.95   0.73   0.84   0.49   0.52   0.92   0.61   0.50   0.50   0.79   0.93   0.85   0.39   
0.78   0.89   0.04   0.01   0.02   0.02   0.01   0.78   0.92   0.78   0.78   0.11   0.06   0.95   0.04   0.01   0.02   0.78   0.02   0.20   0.02   0.03   0.02   0.03   0.01   0.78   0.02   0.02   0.85   0.38   0.04   0.03   0.98   0.95   0.99   0.11   0.07   0.89   0.99   0.99   0.95   0.99   0.12   0.07   0.96   0.78   0.78   0.96   0.83   0.84   0.01   0.98   0.07   0.01   0.78   0.76   0.32   0.94   0.06   0.96   0.98   0.97   0.98   0.96   0.85   0.99   0.18   0.99   0.29   0.76   0.95   0.97   0.96   0.02   0.98   0.93   0.99   0.95   

5.00   5.00   5.00   5.00   5.00   5.00   5.00   5.00   5.00   5.00   5.00   5.00   5.00   5.00   5.00   5.00   5.00   5.00   5.00   5.00   5.00   5.00   5.00   5.00   5.00   5.00   5.00   5.00   5.00   5.00   5.00   5.00   5.00   5.00   5.00   5.00   5.00   5.00   5.00   5.00   5.00   5.00   5.00   5.00   5.00   5.00   5.00   5.00   5.00   5.00   5.00   5.00   5.00   5.00   5.00   5.00   5.00   5.00   5.00   5.00   5.00   5.00   5.00   5.00   5.00   5.00   5.00   5.00   5.00   5.00   5.00   5.00   5.00   5.00   5.00   5.00   5.00   5.00   
0.02   0.03   0.04   0.04   0.01   0.02   0.09   0.12   0.02   0.07   0.19   0.04   0.14   0.66   0.02   0.20   0.20   0.01   0.01   0.34   0.01   0.25   0.15   0.48   0.11   0.01   0.01   0.01   0.19   0.62   0.14   0.02   0.84   0.77   0.99   0.05   0.04   0.16   1.00   0.94   0.88   1.00   0.15   0.01   0.44   0.13   0.02   0.95   0.76   0.43   0.01   0.93   0.32   0.36   0.05   0.33   0.26   0.94   0.98   0.92   0.83   0.97   0.68   0.43   0.79   0.69   0.19   0.89   0.20   0.62   0.51   0.94   0.95   0.12   0.87   0.33   0.93   0.94   
0.02   0.03   0.04   0.04   0.01   0.02   0.09   0.12   0.02   0.07   0.19   0.04   0.14   0.66   0.02   0.20   0.20   0.01   0.01   0.34   0.01   0.25   0.15   0.48   0.11   0.01   0.01   0.01   0.19   0.62   0.14   0.02   0.84   0.77   0.99   0.05   0.04   0.16   1.00   0.94   0.88   1.00   0.15   0.01   0.44   0.13   0.02   0.95   0.76   0.43   0.01   0.93   0.32   0.36   0.05   0.33   0.26   0.94   0.98   0.92   0.83   0.97   0.68   0.43   0.79   0.69   0.19   0.89   0.20   0.62   0.51   0.94   0.95   0.12   0.87   0.33   0.93   0.94   
0.50   0.50   0.40   0.50   0.50   0.35   0.06   0.50   0.96   0.50   0.50   0.50   0.50   0.50   0.50   0.50   0.50   0.50   0.50   0.24   0.50   0.25   0.04   0.02   0.06   0.50   0.50   0.50   0.93   0.40   0.50   0.36   0.50   0.50   0.50   0.50   0.41   0.50   0.50   0.50   0.50   0.50   0.50   0.64   0.94   0.50   0.50   0.50   0.50   0.70   0.36   0.50   0.15   0.04   0.50   0.77   0.41   0.32   0.01   0.54   0.85   0.50   0.94   0.95   0.43   0.94   0.74   0.84   0.49   0.51   0.91   0.64   0.50   0.50   0.80   0.93   0.83   0.36   
0.03   0.91   0.03   0.12   0.02   0.02   0.01   0.03   0.83   0.03   0.03   0.15   0.06   0.96   0.03   0.01   0.02   0.03   0.01   0.11   0.02   0.14   0.01   0.02   0.01   0.03   0.02   0.02   0.92   0.63   0.03   0.02   0.97   0.95   0.99   0.15   0.06   0.91   0.99   0.99   0.96   0.99   0.15   0.04   0.97   0.03   0.03   0.96   0.83   0.82   0.01   0.98   0.12   0.02   0.81   0.81   0.19   0.92   0.10   0.96   0.98   0.98   0.99   0.98   0.86   0.99   0.72   0.99   0.17   0.78   0.95   0.98   0.96   0.01   0.98   0.95   0.99   0.94   

5.00   5.00   5.00   5.00   5.00   5.00   5.00   5.00   5.00   5.00   5.00   5.00   5.00   5.00   5.00   5.00   5.00   5.00   5.00   5.00   5.00   5.00   5.00   5.00   5.00   5.00   5.00   5.00   5.00   5.00   5.00   5.00   5.00   5.00   5.00   5.00   5.00   5.00   5.00   5.00   5.00   5.00   5.00   5.00   5.00   5.00   5.00   5.00   5.00   5.00   5.00   5.00   5.00   5.00   5.00   5.00   5.00   5.00   5.00   5.00   5.00   5.00   5.00   5.00   5.00   5.00   5.00   5.00   5.00   5.00   5.00   5.00   5.00   5.00   5.00   5.00   5.00   5.00   
0.02   0.04   0.05   0.03   0.02   0.02   0.08   0.11   0.02   0.09   0.17   0.05   0.13   0.64   0.02   0.24   0.24   0.02   0.01   0.39   0.01   0.28   0.14   0.48   0.13   0.01   0.01   0.02   0.21   0.64   0.16   0.03   0.85   0.80   0.99   0.06   0.03   0.19   1.00   0.95   0.88   1.00   0.17   0.02   0.43   0.12   0.03   0.95   0.78   0.47   0.01   0.92   0.36   0.35   0.04   0.36   0.30   0.93   0.97   0.93   0.82   0.97   0.71   0.47   0.81   0.72   0.21   0.90   0.24   0.66   0.55   0.93   0.96   0.14   0.89   0.37   0.94   0.94   
0.02   0.04   0.05   0.03   0.02   0.02   0.08   0.11   0.02   0.09   0.17   0.05   0.13   0.64   0.02   0.24   0.24   0.02   0.01   0.39   0.01   0.28   0.14   0.48   0.13   0.01   0.01   0.02   0.21   0.64   0.16   0.03   0.85   0.80   0.99   0.06   0.03   0.19   1.00   0.95   0.88   1.00   0.17   0.02   0.43   0.12   0.03   0.95   0.78   0.47   0.01   0.92   0.36   0.35   0.04   0.36   0.30   0.93   0.97   0.93   0.82   0.97   0.71   0.47   0.81   0.72   0.21   0.90   0.24   0.66   0.55   0.93   0.96   0.14   0.89   0.37   0.94   0.94   
0.50   0.50   0.35   0.50   0.50   0.30   0.50   0.50   0.96   0.50   0.50   0.50   0.50   0.50   0.50   0.50   0.50   0.50   0.50   0.24   0.50   0.23   0.05   0.02   0.06   0.50   0.50   0.50   0.90   0.31   0.50   0.36   0.50   0.50   0.50   0.50   0.35   0.50   0.50   0.50   0.50   0.50   0.50   0.69   0.93   0.50   0.50   0.50   0.50   0.65   0.27   0.50   0.14   0.05   0.50   0.73   0.38   0.35   0.01   0.51   0.85   0.50   0.93   0.94   0.40   0.91   0.72   0.76   0.43   0.48   0.89   0.56   0.50   0.50   0.72   0.89   0.80   0.39   
0.78   0.89   0.02   0.10   0.02   0.01   0.07   0.78   0.78   0.78   0.78   0.12   0.07   0.96   0.04   0.01   0.02   0.78   0.02   0.10   0.02   0.10   0.01   0.01   0.01   0.78   0.02   0.02   0.87   0.32   0.04   0.02   0.97   0.96   0.99   0.12   0.04   0.89   0.99   0.99   0.96   0.99   0.12   0.05   0.95   0.78   0.78   0.96   0.83   0.77   0.01   0.98   0.11   0.02   0.79   0.75   0.17   0.93   0.11   0.96   0.98   0.97   0.98   0.96   0.84   0.98   0.45   0.98   0.13   0.76   0.94   0.97   0.96   0.02   0.98   0.92   0.99   0.95   

5.00   5.00   5.00   5.00   5.00   5.00   5.00   5.00   5.00   5.00   5.00   5.00   5.00   5.00   5.00   5.00   5.00   5.00   5.00   5.00   5.00   5.00   5.00   5.00   5.00   5.00   5.00   5.00   5.00   5.00   5.00   5.00   5.00   5.00   5.00   5.00   5.00   5.00   5.00   5.00   5.00   5.00   5.00   5.00   5.00   5.00   5.00   5.00   5.00   5.00   5.00   5.00   5.00   5.00   5.00   5.00   5.00   5.00   5.00   5.00   5.00   5.00   5.00   5.00   5.00   5.00   5.00   5.00   5.00   5.00   5.00   5.00   5.00   5.00   5.00   5.00   5.00   5.00   
0.01   0.04   0.04   0.03   0.02   0.01   0.07   0.09   0.01   0.08   0.14   0.05   0.10   0.60   0.01   0.23   0.23   0.02   0.01   0.37   0.01   0.24   0.13   0.47   0.11   0.01   0.01   0.02   0.18   0.61   0.14   0.02   0.92   0.89   0.99   0.05   0.03   0.16   1.00   0.97   0.93   1.00   0.15   0.02   0.40   0.10   0.02   0.90   0.88   0.45   0.01   0.87   0.31   0.29   0.03   0.33   0.26   0.96   0.91   0.96   0.76   0.91   0.67   0.45   0.89   0.68   0.18   0.94   0.23   0.62   0.52   0.87   0.97   0.12   0.94   0.32   0.88   0.97   
0.01   0.04   0.04   0.03   0.02   0.01   0.07   0.09   0.01   0.08   0.14   0.05   0.10   0.60   0.01   0.23   0.23   0.02   0.01   0.37   0.01   0.24   0.13   0.47   0.11   0.01   0.01   0.02   0.18   0.61   0.14   0.02   0.92   0.89   0.99   0.05   0.03   0.16   1.00   0.97   0.93   1.00   0.15   0.02   0.40   0.10   0.02   0.90   0.88   0.45   0.01   0.87   0.31   0.29   0.03   0.33   0.26   0.96   0.91   0.96   0.76   0.91   0.67   0.45   0.89   0.68   0.18   0.94   0.23   0.62   0.52   0.87   0.97   0.12   0.94   0.32   0.88   0.97   
0.50   0.50   0.38   0.50   0.50   0.26   0.50   0.50   0.94   0.50   0.50   0.50   0.50   0.50   0.50   0.50   0.50   0.50   0.50   0.28   0.50   0.16   0.06   0.02   0.50   0.50   0.50   0.50   0.93   0.34   0.50   0.30   0.50   0.50   0.50   0.50   0.42   0.50   0.50   0.50   0.50   0.50   0.50   0.64   0.95   0.50   0.50   0.50   0.50   0.70   0.50   0.50   0.15   0.06   0.50   0.79   0.35   0.40   0.01   0.68   0.90   0.50   0.95   0.96   0.44   0.92   0.75   0.83   0.50   0.55   0.91   0.71   0.50   0.50   0.71   0.91   0.88   0.43   
0.81   0.90   0.02   0.09   0.02   0.01   0.05   0.81   0.67   0.81   0.81   0.10   0.06   0.96   0.03   0.01   0.02   0.81   0.02   0.10   0.02   0.06   0.01   0.01   0.07   0.81   0.02   0.02   0.90   0.31   0.03   0.02   0.98   0.96   0.99   0.10   0.04   0.90   0.99   0.99   0.96   0.99   0.10   0.04   0.96   0.81   0.81   0.97   0.84   0.80   0.01   0.99   0.10   0.02   0.80   0.79   0.13   0.97   0.08   0.99   0.98   0.98   0.99   0.98   0.93   0.98   0.47   1.00   0.14   0.79   0.94   0.97   0.97   0.02   0.99   0.93   0.99   0.98   

0.51   0.54   0.56   0.50   0.50   0.48   0.48   0.51   0.41   0.55   0.48   0.54   0.45   0.48   0.48   0.46   0.54   0.48   0.50   0.48   0.50   0.45   0.47   0.45   0.51   0.58   0.50   0.46   0.46   0.41   0.52   0.46   0.47   0.40   0.50   0.51   0.48   0.52   0.50   0.37   0.41   0.50   0.56   0.52   0.46   0.50   0.55   0.38   0.42   0.50   0.46   0.43   0.56   0.51   0.54   0.47   0.54   0.42   0.45   0.41   0.43   0.47   0.44   0.43   0.45   0.46   0.46   0.48   0.43   0.42   0.41   0.40   0.40   0.45   0.46   0.50   0.43   0.40   
0.02   0.04   0.05   0.03   0.02   0.01   0.06   0.07   0.01   0.09   0.11   0.05   0.07   0.64   0.01   0.20   0.16   0.01   0.01   0.34   0.01   0.14   0.20   0.52   0.10   0.01   0.01   0.01   0.11   0.32   0.11   0.02   0.88   0.72   0.99   0.05   0.03   0.12   1.00   0.83   0.88   1.00   0.13   0.01   0.22   0.08   0.03   0.81   0.80   0.39   0.01   0.80   0.37   0.24   0.04   0.34   0.32   0.92   0.80   0.91   0.71   0.80   0.38   0.22   0.77   0.55   0.11   0.84   0.11   0.32   0.36   0.79   0.94   0.07   0.89   0.32   0.81   0.93   
0.01   0.03   0.04   0.02   0.02   0.01   0.08   0.08   0.01   0.09   0.13   0.04   0.09   0.68   0.01   0.37   0.22   0.02   0.01   0.52   0.01   0.22   0.31   0.61   0.12   0.01   0.01   0.02   0.17   0.57   0.13   0.02   0.93   0.87   0.99   0.05   0.02   0.15   1.00   0.93   0.93   1.00   0.14   0.02   0.37   0.08   0.02   0.91   0.89   0.56   0.01   0.89   0.46   0.30   0.03   0.51   0.43   0.96   0.87   0.96   0.80   0.87   0.62   0.41   0.85   0.63   0.17   0.90   0.22   0.58   0.63   0.89   0.97   0.11   0.94   0.47   0.90   0.97   
0.50   0.50   0.49   0.50   0.50   0.31   0.50   0.50   0.95   0.50   0.50   0.50   0.50   0.50   0.50   0.50   0.50   0.50   0.50   0.31   0.50   0.25   0.05   0.02   0.50   0.50   0.50   0.50   0.95   0.41   0.50   0.41   0.50   0.50   0.50   0.50   0.48   0.50   0.50   0.50   0.50   0.50   0.50   0.66   0.96   0.50   0.50   0.50   0.50   0.71   0.50   0.50   0.20   0.08   0.50   0.85   0.44   0.47   0.01   0.75   0.93   0.50   0.98   0.98   0.47   0.96   0.83   0.50   0.58   0.72   0.95   0.82   0.50   0.50   0.81   0.94   0.93   0.53   
0.03   0.93   0.02   0.10   0.02   0.01   0.06   0.03   0.70   0.03   0.03   0.11   0.04   0.96   0.03   0.01   0.02   0.03   0.02   0.19   0.02   0.10   0.02   0.02   0.09   0.03   0.02   0.02   0.93   0.36   0.03   0.02   0.98   0.96   0.99   0.11   0.05   0.93   0.99   0.99   0.96   0.99   0.12   0.04   0.97   0.03   0.03   0.97   0.84   0.85   0.01   0.98   0.21   0.04   0.81   0.90   0.29   0.98   0.06   0.99   0.99   0.98   0.99   0.99   0.92   0.99   0.77   0.98   0.19   0.87   0.98   0.99   0.97   0.02   0.99   0.97   1.00   0.99   

0.55   0.53   0.64   0.52   0.52   0.43   0.51   0.54   0.31   0.66   0.40   0.54   0.36   0.41   0.45   0.42   0.62   0.45   0.50   0.43   0.50   0.44   0.34   0.40   0.47   0.67   0.50   0.35   0.35   0.26   0.63   0.38   0.37   0.24   0.50   0.43   0.46   0.52   0.50   0.14   0.20   0.50   0.56   0.52   0.33   0.47   0.58   0.14   0.26   0.46   0.50   0.27   0.65   0.41   0.59   0.39   0.57   0.26   0.31   0.22   0.25   0.41   0.30   0.24   0.34   0.42   0.31   0.46   0.31   0.26   0.29   0.19   0.19   0.31   0.43   0.54   0.27   0.20   
0.01   0.02   0.04   0.02   0.01   0.01   0.04   0.04   0.00   0.08   0.04   0.03   0.03   0.22   0.01   0.10   0.12   0.01   0.01   0.15   0.01   0.07   0.10   0.24   0.05   0.01   0.01   0.01   0.04   0.14   0.09   0.01   0.70   0.23   0.99   0.02   0.01   0.07   0.99   0.28   0.29   0.99   0.07   0.01   0.07   0.04   0.02   0.26   0.28   0.27   0.01   0.29   0.29   0.08   0.02   0.13   0.28   0.74   0.52   0.37   0.26   0.63   0.18   0.05   0.31   0.29   0.03   0.71   0.04   0.14   0.12   0.21   0.37   0.05   0.79   0.21   0.55   0.74   
0.01   0.03   0.04   0.02   0.02   0.01   0.07   0.07   0.01   0.09   0.12   0.04   0.08   0.63   0.01   0.34   0.20   0.02   0.01   0.48   0.01   0.21   0.44   0.68   0.12   0.01   0.01   0.02   0.15   0.64   0.12   0.02   0.94   0.84   0.99   0.05   0.02   0.14   1.00   0.94   0.90   1.00   0.13   0.02   0.33   0.08   0.02   0.92   0.85   0.64   0.01   0.86   0.45   0.28   0.03   0.49   0.54   0.96   0.89   0.93   0.83   0.89   0.69   0.37   0.81   0.70   0.15   0.91   0.20   0.66   0.59   0.86   0.95   0.25   0.95   0.46   0.91   0.97   
0.50   0.50   0.35   0.50   0.50   0.14   0.50   0.50   0.87   0.50   0.50   0.50   0.50   0.50   0.50   0.50   0.50   0.50   0.50   0.18   0.50   0.09   0.03   0.01   0.50   0.50   0.50   0.50   0.87   0.30   0.50   0.35   0.50   0.50   0.50   0.50   0.45   0.50   0.50   0.50   0.50   0.50   0.50   0.56   0.88   0.50   0.50   0.50   0.50   0.53   0.50   0.50   0.12   0.04   0.50   0.83   0.28   0.35   0.01   0.50   0.82   0.50   0.94   0.97   0.35   0.94   0.70   0.50   0.48   0.56   0.96   0.80   0.50   0.50   0.50   0.95   0.50   0.36   
0.03   0.91   0.01   0.09   0.02   0.00   0.05   0.03   0.08   0.03   0.03   0.10   0.04   0.95   0.02   0.01   0.02   0.03   0.01   0.08   0.02   0.02   0.01   0.01   0.08   0.03   0.02   0.02   0.73   0.28   0.02   0.01   0.97   0.94   0.99   0.10   0.03   0.91   0.99   0.99   0.95   0.99   0.13   0.02   0.85   0.03   0.03   0.96   0.80   0.72   0.01   0.98   0.08   0.01   0.76   0.83   0.22   0.95   0.04   0.97   0.97   0.97   0.98   0.97   0.75   0.98   0.27   0.97   0.10   0.76   0.97   0.96   0.96   0.01   0.96   0.95   0.92   0.96   

0.40   0.41   0.48   0.38   0.37   0.33   0.39   0.45   0.50   0.44   0.29   0.41   0.34   0.32   0.34   0.29   0.43   0.32   0.50   0.33   0.50   0.42   0.23   0.32   0.33   0.51   0.50   0.50   0.34   0.24   0.44   0.28   0.26   0.22   0.50   0.37   0.36   0.43   0.50   0.18   0.20   0.50   0.49   0.42   0.31   0.37   0.43   0.14   0.25   0.35   0.50   0.22   0.48   0.39   0.44   0.29   0.39   0.21   0.22   0.18   0.20   0.31   0.28   0.22   0.30   0.35   0.36   0.32   0.24   0.25   0.24   0.20   0.17   0.25   0.33   0.39   0.21   0.19   
0.00   0.01   0.02   0.01   0.01   0.00   0.02   0.02   0.01   0.02   0.02   0.01   0.02   0.09   0.00   0.03   0.04   0.00   0.00   0.06   0.00   0.04   0.04   0.10   0.02   0.00   0.00   0.01   0.02   0.07   0.03   0.00   0.26   0.10   0.98   0.01   0.01   0.03   0.99   0.18   0.18   0.99   0.06   0.01   0.04   0.02   0.01   0.15   0.18   0.13   0.00   0.12   0.11   0.06   0.01   0.06   0.09   0.27   0.16   0.16   0.14   0.23   0.09   0.03   0.15   0.12   0.03   0.30   0.02   0.07   0.06   0.11   0.18   0.02   0.37   0.10   0.18   0.29   
0.01   0.03   0.04   0.02   0.02   0.01   0.07   0.07   0.01   0.08   0.11   0.04   0.08   0.60   0.01   0.30   0.17   0.02   0.01   0.44   0.01   0.19   0.41   0.64   0.11   0.01   0.01   0.02   0.14   0.61   0.11   0.02   0.92   0.81   0.99   0.04   0.02   0.13   1.00   0.93   0.91   1.00   0.21   0.02   0.30   0.07   0.02   0.93   0.86   0.67   0.01   0.83   0.43   0.35   0.02   0.46   0.51   0.95   0.87   0.92   0.84   0.86   0.66   0.34   0.79   0.66   0.14   0.92   0.17   0.62   0.55   0.83   0.93   0.23   0.93   0.50   0.89   0.96   
0.50   0.50   0.36   0.50   0.50   0.50   0.50   0.50   0.89   0.50   0.50   0.50   0.50   0.50   0.50   0.50   0.50   0.50   0.50   0.25   0.50   0.13   0.03   0.01   0.50   0.50   0.50   0.50   0.91   0.38   0.50   0.36   0.50   0.50   0.50   0.50   0.56   0.50   0.50   0.50   0.50   0.50   0.50   0.55   0.91   0.50   0.50   0.50   0.50   0.52   0.50   0.50   0.17   0.05   0.50   0.83   0.28   0.25   0.01   0.50   0.80   0.50   0.97   0.98   0.37   0.95   0.81   0.50   0.57   0.61   0.97   0.82   0.50   0.50   0.50   0.95   0.50   0.32   
0.03   0.92   0.01   0.09   0.02   0.01   0.05   0.03   0.09   0.03   0.03   0.10   0.04   0.95   0.02   0.01   0.02   0.03   0.01   0.12   0.02   0.03   0.01   0.01   0.08   0.03   0.02   0.02   0.80   0.36   0.02   0.01   0.97   0.95   0.99   0.10   0.05   0.92   0.99   0.99   0.95   0.99   0.12   0.02   0.88   0.03   0.03   0.96   0.81   0.75   0.01   0.98   0.13   0.02   0.77   0.83   0.22   0.92   0.04   0.97   0.97   0.97   0.99   0.98   0.77   0.98   0.41   0.97   0.14   0.80   0.98   0.97   0.96   0.01   0.97   0.96   0.92   0.95   

0.50   0.18   0.16   0.18   0.50   0.50   0.19   0.17   0.50   0.16   0.20   0.17   0.19   0.20   0.50   0.21   0.16   0.50   0.50   0.21   0.50   0.18   0.23   0.20   0.20   0.50   0.50   0.50   0.21   0.24   0.16   0.50   0.23   0.25   0.50   0.17   0.20   0.17   0.50   0.27   0.27   0.50   0.16   0.50   0.21   0.17   0.17   0.30   0.23   0.19   0.50   0.24   0.17   0.18   0.15   0.21   0.19   0.22   0.22   0.24   0.25   0.20   0.21   0.24   0.21   0.20   0.19   0.20   0.24   0.23   0.24   0.25   0.26   0.21   0.20   0.18   0.23   0.23   
0.01   0.00   0.00   0.00   0.01   0.01   0.01   0.01   0.01   0.00   0.01   0.00   0.01   0.05   0.01   0.02   0.01   0.01   0.00   0.03   0.00   0.01   0.03   0.06   0.01   0.00   0.00   0.01   0.01   0.07   0.01   0.01   0.23   0.12   0.98   0.00   0.00   0.01   0.99   0.27   0.25   0.99   0.01   0.01   0.02   0.01   0.00   0.27   0.16   0.05   0.00   0.14   0.02   0.02   0.00   0.04   0.03   0.30   0.16   0.22   0.17   0.14   0.06   0.03   0.10   0.06   0.01   0.19   0.02   0.06   0.05   0.15   0.27   0.01   0.21   0.03   0.19   0.52   
0.02   0.02   0.02   0.03   0.02   0.02   0.08   0.08   0.02   0.06   0.14   0.05   0.10   0.64   0.02   0.33   0.20   0.01   0.01   0.47   0.01   0.22   0.42   0.67   0.08   0.01   0.01   0.01   0.17   0.64   0.13   0.03   0.93   0.83   0.99   0.06   0.03   0.14   1.00   0.94   0.92   1.00   0.22   0.01   0.34   0.09   0.01   0.91   0.88   0.64   0.01   0.86   0.38   0.38   0.04   0.48   0.47   0.96   0.88   0.93   0.86   0.88   0.68   0.37   0.81   0.69   0.17   0.93   0.20   0.65   0.58   0.85   0.94   0.20   0.94   0.47   0.90   0.97   
0.50   0.50   0.27   0.50   0.50   0.50   0.50   0.50   0.91   0.50   0.50   0.50   0.50   0.50   0.50   0.50   0.50   0.50   0.50   0.17   0.50   0.07   0.01   0.00   0.50   0.50   0.50   0.50   0.92   0.30   0.50   0.27   0.50   0.50   0.50   0.50   0.50   0.50   0.50   0.50   0.50   0.50   0.50   0.49   0.92   0.50   0.50   0.50   0.50   0.45   0.50   0.50   0.10   0.02   0.50   0.84   0.20   0.17   0.00   0.50   0.80   0.50   0.98   0.99   0.28   0.96   0.81   0.50   0.51   0.56   0.98   0.82   0.50   0.50   0.50   0.96   0.50   0.23   
0.03   0.90   0.00   0.10   0.02   0.02   0.06   0.03   0.56   0.03   0.03   0.12   0.05   0.95   0.03   0.01   0.02   0.03   0.01   0.09   0.02   0.02   0.01   0.00   0.09   0.03   0.02   0.02   0.85   0.30   0.03   0.02   0.97   0.94   0.99   0.12   0.07   0.90   0.99   0.99   0.95   0.99   0.13   0.01   0.92   0.03   0.03   0.96   0.80   0.46   0.01   0.98   0.05   0.01   0.77   0.84   0.11   0.87   0.01   0.97   0.97   0.97   0.99   0.99   0.69   0.99   0.67   0.97   0.15   0.76   0.99   0.97   0.96   0.01   0.96   0.96   0.91   0.93   

0.50   0.50   0.50   0.50   0.50   0.50   0.12   0.50   0.50   0.50   0.23   0.50   0.15   0.21   0.50   0.28   0.03   0.50   0.50   0.26   0.50   0.08   0.55   0.20   0.24   0.50   0.50   0.50   0.30   0.60   0.03   0.50   0.49   0.65   0.50   0.50   0.50   0.04   0.50   0.90   0.88   0.50   0.03   0.50   0.36   0.04   0.50   0.97   0.48   0.16   0.50   0.59   0.03   0.08   0.50   0.25   0.11   0.49   0.42   0.65   0.75   0.20   0.35   0.67   0.31   0.15   0.12   0.19   0.64   0.47   0.58   0.78   0.82   0.36   0.20   0.08   0.64   0.65   
0.01   0.01   0.02   0.03   0.01   0.01   0.01   0.06   0.01   0.04   0.03   0.04   0.01   0.16   0.01   0.08   0.00   0.01   0.01   0.12   0.01   0.01   0.28   0.16   0.02   0.01   0.01   0.01   0.04   0.62   0.00   0.02   0.87   0.83   0.99   0.04   0.03   0.00   1.00   0.98   0.98   1.00   0.00   0.01   0.11   0.00   0.01   0.99   0.77   0.11   0.01   0.83   0.01   0.02   0.03   0.12   0.04   0.93   0.75   0.93   0.91   0.38   0.30   0.36   0.41   0.13   0.01   0.47   0.19   0.38   0.44   0.92   0.98   0.06   0.68   0.03   0.90   0.97   
0.01   0.03   0.04   0.04   0.04   0.01   0.10   0.10   0.01   0.05   0.16   0.04   0.11   0.66   0.01   0.36   0.18   0.02   0.01   0.50   0.01   0.24   0.46   0.65   0.11   0.01   0.01   0.01   0.14   0.61   0.10   0.02   0.92   0.84   0.99   0.04   0.02   0.12   1.00   0.93   0.92   1.00   0.20   0.02   0.31   0.07   0.01   0.92   0.86   0.67   0.02   0.86   0.44   0.41   0.02   0.51   0.52   0.96   0.89   0.93   0.87   0.88   0.70   0.40   0.82   0.71   0.14   0.93   0.22   0.67   0.60   0.84   0.95   0.18   0.94   0.52   0.89   0.97   
0.50   0.50   0.50   0.50   0.50   0.50   0.50   0.50   0.81   0.50   0.50   0.50   0.50   0.50   0.50   0.50   0.50   0.50   0.50   0.18   0.50   0.10   0.50   0.50   0.50   0.50   0.50   0.50   0.82   0.33   0.50   0.32   0.50   0.50   0.50   0.50   0.51   0.50   0.50   0.50   0.50   0.50   0.50   0.49   0.82   0.50   0.50   0.50   0.50   0.30   0.50   0.50   0.06   0.02   0.50   0.74   0.19   0.27   0.01   0.50   0.75   0.50   0.88   0.97   0.27   0.92   0.50   0.50   0.48   0.58   0.96   0.83   0.50   0.50   0.50   0.92   0.50   0.33   
0.03   0.90   0.01   0.09   0.02   0.01   0.06   0.03   0.07   0.03   0.03   0.11   0.05   0.95   0.03   0.01   0.02   0.03   0.01   0.10   0.02   0.02   0.36   0.68   0.08   0.03   0.02   0.02   0.61   0.28   0.03   0.01   0.97   0.94   0.99   0.11   0.04   0.90   0.99   0.99   0.95   0.99   0.13   0.01   0.75   0.03   0.03   0.96   0.80   0.34   0.01   0.98   0.03   0.01   0.76   0.75   0.13   0.92   0.04   0.97   0.96   0.97   0.96   0.97   0.68   0.98   0.12   0.97   0.13   0.78   0.97   0.97   0.96   0.01   0.96   0.93   0.91   0.95   

0.50   0.50   0.50   0.50   0.50   0.50   0.12   0.50   0.50   0.50   0.17   0.50   0.14   0.17   0.50   0.17   0.50   0.50   0.50   0.19   0.50   0.11   0.27   0.15   0.17   0.50   0.50   0.50   0.22   0.26   0.50   0.50   0.26   0.29   0.50   0.50   0.50   0.50   0.50   0.46   0.55   0.50   0.50   0.50   0.24   0.50   0.50   0.50   0.27   0.14   0.50   0.29   0.07   0.12   0.50   0.22   0.13   0.24   0.23   0.31   0.40   0.16   0.25   0.29   0.21   0.15   0.13   0.18   0.30   0.24   0.28   0.37   0.38   0.19   0.15   0.10   0.32   0.29   
0.01   0.01   0.01   0.02   0.01   0.01   0.00   0.03   0.01   0.02   0.01   0.02   0.01   0.06   0.01   0.02   0.06   0.01   0.00   0.05   0.00   0.01   0.06   0.06   0.01   0.00   0.00   0.01   0.02   0.10   0.04   0.01   0.52   0.23   0.98   0.02   0.02   0.05   0.99   0.68   0.76   0.99   0.07   0.01   0.03   0.03   0.01   0.73   0.28   0.06   0.00   0.28   0.01   0.02   0.02   0.06   0.03   0.67   0.27   0.58   0.53   0.18   0.12   0.06   0.17   0.07   0.01   0.28   0.03   0.10   0.10   0.34   0.72   0.01   0.27   0.02   0.52   0.77   
0.01   0.03   0.04   0.05   0.04   0.01   0.11   0.11   0.01   0.05   0.17   0.04   0.12   0.66   0.01   0.36   0.19   0.02   0.01   0.53   0.01   0.26   0.49   0.67   0.12   0.01   0.01   0.01   0.15   0.64   0.11   0.02   0.93   0.85   0.99   0.04   0.02   0.11   1.00   0.93   0.92   1.00   0.19   0.02   0.31   0.08   0.01   0.93   0.87   0.69   0.02   0.87   0.44   0.43   0.03   0.54   0.54   0.96   0.90   0.94   0.88   0.89   0.72   0.42   0.83   0.73   0.13   0.94   0.24   0.69   0.62   0.85   0.95   0.19   0.95   0.52   0.90   0.97   
0.50   0.50   0.50   0.50   0.50   0.50   0.50   0.50   0.85   0.50   0.50   0.50   0.50   0.50   0.50   0.50   0.50   0.50   0.50   0.21   0.50   0.12   0.50   0.50   0.50   0.50   0.50   0.50   0.85   0.38   0.50   0.36   0.50   0.50   0.50   0.50   0.56   0.50   0.50   0.50   0.50   0.50   0.50   0.54   0.85   0.50   0.50   0.50   0.50   0.34   0.50   0.50   0.07   0.03   0.50   0.78   0.22   0.30   0.01   0.50   0.79   0.50   0.90   0.98   0.31   0.94   0.55   0.50   0.53   0.63   0.97   0.86   0.50   0.50   0.50   0.94   0.50   0.37   
0.03   0.90   0.01   0.10   0.02   0.02   0.06   0.03   0.12   0.03   0.03   0.11   0.05   0.95   0.03   0.01   0.02   0.03   0.02   0.13   0.02   0.03   0.37   0.70   0.09   0.03   0.02   0.02   0.68   0.35   0.03   0.02   0.97   0.94   0.99   0.11   0.07   0.90   0.99   0.99   0.95   0.99   0.13   0.03   0.77   0.03   0.03   0.96   0.81   0.41   0.01   0.98   0.03   0.01   0.78   0.81   0.15   0.94   0.05   0.97   0.97   0.97   0.97   0.98   0.74   0.98   0.13   0.97   0.18   0.83   0.98   0.97   0.96   0.02   0.96   0.93   0.92   0.96   

0.50   0.50   0.50   0.50   0.50   0.50   0.50   0.50   0.50   0.50   0.17   0.50   0.11   0.18   0.50   0.18   0.50   0.50   0.50   0.22   0.50   0.08   0.39   0.14   0.18   0.50   0.50   0.50   0.25   0.34   0.50   0.50   0.38   0.44   0.50   0.50   0.50   0.50   0.50   0.76   0.86   0.50   0.50   0.50   0.31   0.50   0.50   0.50   0.37   0.13   0.50   0.43   0.03   0.10   0.50   0.28   0.10   0.32   0.31   0.48   0.68   0.15   0.36   0.45   0.26   0.14   0.11   0.19   0.45   0.33   0.43   0.58   0.63   0.21   0.14   0.06   0.51   0.44   
0.01   0.01   0.02   0.02   0.01   0.01   0.07   0.05   0.01   0.04   0.02   0.03   0.01   0.16   0.01   0.04   0.10   0.01   0.01   0.15   0.01   0.01   0.15   0.09   0.04   0.01   0.01   0.01   0.03   0.31   0.06   0.02   0.83   0.71   0.99   0.04   0.02   0.07   1.00   0.95   0.98   1.00   0.10   0.01   0.07   0.05   0.01   0.86   0.71   0.07   0.01   0.74   0.01   0.03   0.03   0.18   0.03   0.88   0.69   0.75   0.89   0.33   0.24   0.16   0.40   0.09   0.01   0.48   0.09   0.20   0.39   0.83   0.95   0.02   0.42   0.01   0.85   0.94   
0.01   0.02   0.04   0.04   0.03   0.01   0.11   0.09   0.01   0.06   0.15   0.04   0.11   0.74   0.01   0.31   0.16   0.02   0.01   0.65   0.01   0.22   0.43   0.60   0.36   0.01   0.01   0.01   0.13   0.72   0.09   0.02   0.94   0.88   0.99   0.04   0.02   0.10   1.00   0.93   0.94   1.00   0.16   0.02   0.26   0.07   0.01   0.94   0.89   0.60   0.02   0.89   0.36   0.38   0.03   0.64   0.47   0.97   0.91   0.88   0.89   0.91   0.62   0.35   0.86   0.63   0.11   0.94   0.20   0.59   0.72   0.87   0.96   0.16   0.95   0.43   0.91   0.97   
0.50   0.50   0.50   0.50   0.50   0.50   0.50   0.50   0.84   0.50   0.50   0.50   0.50   0.50   0.50   0.50   0.50   0.50   0.50   0.16   0.50   0.09   0.50   0.50   0.50   0.50   0.50   0.50   0.85   0.33   0.50   0.31   0.50   0.50   0.50   0.50   0.52   0.50   0.50   0.50   0.50   0.50   0.50   0.50   0.85   0.50   0.50   0.50   0.50   0.29   0.50   0.50   0.05   0.02   0.50   0.77   0.18   0.25   0.00   0.50   0.78   0.50   0.91   0.98   0.26   0.94   0.52   0.50   0.49   0.60   0.97   0.86   0.50   0.50   0.50   0.94   0.50   0.32   
0.03   0.90   0.01   0.09   0.02   0.02   0.07   0.03   0.13   0.03   0.03   0.10   0.05   0.95   0.03   0.01   0.02   0.03   0.01   0.17   0.02   0.02   0.38   0.73   0.09   0.03   0.02   0.02   0.65   0.42   0.03   0.02   0.97   0.95   0.99   0.10   0.06   0.90   0.99   0.99   0.95   0.99   0.12   0.02   0.73   0.03   0.03   0.96   0.81   0.27   0.01   0.98   0.02   0.01   0.78   0.86   0.10   0.93   0.03   0.97   0.97   0.97   0.96   0.98   0.73   0.98   0.09   0.97   0.15   0.74   0.99   0.98   0.96   0.01   0.96   0.91   0.92   0.96   

0.50   0.50   0.50   0.50   0.50   0.50   0.50   0.50   0.50   0.50   0.19   0.50   0.15   0.19   0.50   0.20   0.50   0.50   0.50   0.22   0.50   0.13   0.29   0.17   0.19   0.50   0.50   0.50   0.23   0.27   0.50   0.50   0.29   0.32   0.50   0.50   0.50   0.50   0.50   0.48   0.57   0.50   0.50   0.50   0.26   0.50   0.50   0.50   0.29   0.16   0.50   0.31   0.50   0.15   0.50   0.24   0.14   0.26   0.26   0.34   0.43   0.18   0.28   0.32   0.24   0.17   0.15   0.20   0.32   0.27   0.31   0.38   0.40   0.21   0.17   0.11   0.35   0.32   
0.01   0.01   0.02   0.03   0.01   0.01   0.07   0.06   0.01   0.04   0.03   0.04   0.02   0.21   0.01   0.05   0.12   0.01   0.01   0.17   0.01   0.03   0.12   0.13   0.05   0.01   0.01   0.01   0.04   0.29   0.08   0.02   0.80   0.64   0.99   0.04   0.03   0.08   1.00   0.88   0.92   1.00   0.11   0.01   0.07   0.06   0.01   0.86   0.67   0.07   0.01   0.68   0.16   0.05   0.03   0.18   0.03   0.88   0.69   0.68   0.79   0.44   0.21   0.12   0.42   0.13   0.02   0.69   0.07   0.18   0.31   0.74   0.90   0.02   0.70   0.02   0.78   0.91   
0.02   0.02   0.03   0.05   0.04   0.02   0.12   0.10   0.02   0.06   0.16   0.04   0.12   0.76   0.02   0.32   0.18   0.02   0.01   0.67   0.01   0.23   0.44   0.62   0.37   0.01   0.01   0.00   0.13   0.74   0.10   0.02   0.95   0.89   0.99   0.03   0.03   0.10   1.00   0.94   0.95   1.00   0.12   0.02   0.27   0.07   0.01   0.94   0.90   0.57   0.03   0.90   0.32   0.39   0.03   0.65   0.43   0.97   0.92   0.88   0.90   0.92   0.63   0.37   0.87   0.64   0.12   0.94   0.22   0.60   0.73   0.89   0.96   0.13   0.95   0.39   0.92   0.98   
0.50   0.50   0.50   0.50   0.50   0.50   0.50   0.50   0.82   0.50   0.50   0.50   0.50   0.50   0.50   0.50   0.50   0.50   0.50   0.19   0.50   0.09   0.50   0.50   0.50   0.50   0.50   0.50   0.83   0.29   0.50   0.43   0.50   0.50   0.50   0.50   0.48   0.50   0.50   0.50   0.50   0.50   0.50   0.60   0.84   0.50   0.50   0.50   0.50   0.33   0.50   0.50   0.06   0.50   0.50   0.78   0.21   0.26   0.01   0.50   0.83   0.50   0.90   0.98   0.36   0.94   0.54   0.50   0.47   0.50   0.97   0.85   0.50   0.50   0.50   0.92   0.50   0.38   
0.03   0.88   0.01   0.10   0.02   0.02   0.07   0.03   0.23   0.03   0.03   0.12   0.05   0.95   0.03   0.01   0.02   0.03   0.01   0.20   0.02   0.03   0.36   0.74   0.09   0.03   0.02   0.02   0.66   0.40   0.03   0.05   0.97   0.94   0.99   0.12   0.09   0.88   0.99   0.99   0.95   0.99   0.13   0.04   0.73   0.03   0.03   0.96   0.81   0.20   0.01   0.98   0.01   0.27   0.78   0.87   0.06   0.94   0.06   0.97   0.98   0.97   0.95   0.98   0.82   0.97   0.12   0.96   0.16   0.61   0.99   0.98   0.96   0.01   0.96   0.76   0.92   0.97   

0.50   0.50   0.50   0.50   0.50   0.50   0.50   0.50   0.50   0.50   0.19   0.50   0.15   0.19   0.50   0.20   0.50   0.50   0.50   0.22   0.50   0.13   0.29   0.17   0.19   0.50   0.50   0.50   0.23   0.27   0.50   0.50   0.29   0.32   0.50   0.50   0.50   0.50   0.50   0.48   0.57   0.50   0.50   0.50   0.26   0.50   0.50   0.50   0.29   0.16   0.50   0.31   0.50   0.15   0.50   0.24   0.14   0.26   0.26   0.34   0.43   0.18   0.28   0.32   0.24   0.17   0.15   0.20   0.32   0.27   0.31   0.38   0.40   0.21   0.17   0.11   0.35   0.32   
0.01   0.01   0.02   0.03   0.01   0.01   0.07   0.06   0.01   0.04   0.03   0.04   0.02   0.21   0.01   0.05   0.12   0.01   0.01   0.17   0.01   0.03   0.12   0.13   0.05   0.01   0.01   0.01   0.04   0.29   0.08   0.02   0.80   0.64   0.99   0.04   0.03   0.08   1.00   0.88   0.92   1.00   0.11   0.01   0.07   0.06   0.01   0.86   0.67   0.07   0.01   0.68   0.16   0.05   0.03   0.18   0.03   0.88   0.69   0.68   0.79   0.44   0.21   0.12   0.42   0.13   0.02   0.69   0.07   0.18   0.31   0.74   0.90   0.02   0.70   0.02   0.78   0.91   
0.02   0.02   0.03   0.05   0.04   0.02   0.12   0.10   0.02   0.06   0.16   0.04   0.12   0.76   0.02   0.32   0.18   0.02   0.01   0.67   0.01   0.23   0.44   0.62   0.37   0.01   0.01   0.00   0.13   0.74   0.10   0.02   0.95   0.89   0.99   0.03   0.03   0.10   1.00   0.94   0.95   1.00   0.12   0.02   0.27   0.07   0.01   0.94   0.90   0.57   0.03   0.90   0.32   0.39   0.03   0.65   0.43   0.97   0.92   0.88   0.90   0.92   0.63   0.37   0.87   0.64   0.12   0.94   0.22   0.60   0.73   0.89   0.96   0.13   0.95   0.39   0.92   0.98   
0.50   0.50   0.50   0.50   0.50   0.50   0.50   0.50   0.84   0.50   0.50   0.50   0.50   0.50   0.50   0.50   0.50   0.50   0.50   0.24   0.50   0.13   0.50   0.50   0.50   0.50   0.50   0.50   0.85   0.35   0.50   0.49   0.50   0.50   0.50   0.50   0.54   0.50   0.50   0.50   0.50   0.50   0.50   0.64   0.85   0.50   0.50   0.50   0.50   0.39   0.50   0.50   0.08   0.50   0.50   0.81   0.26   0.32   0.01   0.50   0.85   0.50   0.91   0.98   0.42   0.94   0.59   0.50   0.53   0.56   0.97   0.87   0.50   0.50   0.50   0.93   0.50   0.44   
0.03   0.89   0.01   0.10   0.02   0.02   0.08   0.03   0.53   0.03   0.03   0.11   0.05   0.95   0.03   0.01   0.02   0.03   0.01   0.30   0.02   0.04   0.40   0.78   0.10   0.03   0.02   0.02   0.73   0.66   0.03   0.08   0.98   0.95   0.99   0.11   0.13   0.89   0.99   0.99   0.95   0.99   0.12   0.06   0.78   0.03   0.03   0.96   0.83   0.25   0.01   0.98   0.01   0.30   0.80   0.90   0.09   0.96   0.11   0.98   0.98   0.97   0.96   0.98   0.88   0.98   0.17   0.97   0.23   0.73   0.99   0.99   0.96   0.01   0.97   0.77   0.93   0.98   

0.00   0.00   0.00   0.00   0.00   0.00   0.00   0.00   0.00   0.00   0.00   0.00   0.00   0.00   0.00   0.00   0.00   0.00   0.00   0.00   0.00   0.00   0.00   0.00   0.00   0.00   0.00   0.00   0.00   1.00   0.00   0.00   1.00   1.00   1.00   0.00   0.00   0.00   1.00   1.00   1.00   1.00   0.00   0.00   0.00   0.00   0.00   1.00   1.00   1.00   0.00   1.00   0.00   0.00   0.00   1.00   1.00   1.00   1.00   1.00   1.00   1.00   1.00   1.00   1.00   1.00   0.00   1.00   1.00   1.00   1.00   1.00   1.00   1.00   1.00   1.00   1.00   1.00   