5.00   5.00   5.00   5.00   5.00   5.00   5.00   5.00   5.00   5.00   5.00   5.00   5.00   5.00   5.00   5.00   5.00   5.00   5.00   5.00   5.00   5.00   5.00   5.00   5.00   5.00   5.00   5.00   5.00   5.00   5.00   5.00   5.00   5.00   5.00   5.00   5.00   5.00   5.00   5.00   5.00   5.00   5.00   5.00   5.00   5.00   5.00   5.00   5.00   5.00   5.00   5.00   5.00   5.00   5.00   5.00   5.00   5.00   5.00   5.00   5.00   5.00   5.00   5.00   5.00   5.00   5.00   5.00   5.00   5.00   5.00   5.00   5.00   5.00   5.00   5.00   5.00   5.00   
0.02   0.36   0.36   0.36   0.36   0.02   0.36   0.36   0.02   0.36   0.02   0.36   0.36   0.36   0.02   0.96   0.02   0.02   0.36   0.36   0.36   0.36   0.96   0.73   0.36   0.02   0.02   0.02   0.02   0.02   0.02   0.73   0.73   0.36   0.96   0.02   0.02   0.96   0.02   0.96   0.36   0.02   0.36   0.73   0.02   0.96   0.36   0.96   0.36   0.96   0.96   0.96   0.96   0.96   0.36   0.96   0.96   0.96   0.36   0.36   0.36   0.36   0.36   0.36   0.02   0.36   0.36   0.36   0.36   0.96   0.73   0.96   0.96   0.02   0.96   0.96   0.73   0.96   
0.02   0.36   0.36   0.36   0.36   0.02   0.36   0.36   0.02   0.36   0.02   0.36   0.36   0.36   0.02   0.96   0.02   0.02   0.36   0.36   0.36   0.36   0.96   0.73   0.36   0.02   0.02   0.02   0.02   0.02   0.02   0.73   0.73   0.36   0.96   0.02   0.02   0.96   0.02   0.96   0.36   0.02   0.36   0.73   0.02   0.96   0.36   0.96   0.36   0.96   0.96   0.96   0.96   0.96   0.36   0.96   0.96   0.96   0.36   0.36   0.36   0.36   0.36   0.36   0.02   0.36   0.36   0.36   0.36   0.96   0.73   0.96   0.96   0.02   0.96   0.96   0.73   0.96   
0.27   0.22   0.30   0.30   0.31   0.29   0.35   0.30   0.32   0.29   0.26   0.28   0.29   0.27   0.34   0.31   0.30   0.28   0.25   0.27   0.28   0.26   0.30   0.26   0.27   0.26   0.29   0.26   0.29   0.25   0.31   0.29   0.34   0.34   0.36   0.26   0.31   0.37   0.37   0.30   0.42   0.23   0.30   0.28   0.24   0.35   0.31   0.39   0.30   0.31   0.31   0.34   0.31   0.29   0.28   0.35   0.31   0.36   0.33   0.36   0.32   0.38   0.29   0.35   0.30   0.36   0.40   0.35   0.30   0.36   0.39   0.38   0.36   0.30   0.38   0.37   0.37   0.31   
0.73   0.02   0.02   0.02   0.03   0.75   0.03   0.03   0.77   0.02   0.72   0.02   0.02   0.02   0.79   0.75   0.75   0.74   0.02   0.02   0.02   0.02   0.75   0.95   0.02   0.72   0.75   0.72   0.75   0.71   0.77   0.95   0.96   0.03   0.80   0.72   0.77   0.80   0.81   0.75   0.04   0.68   0.02   0.95   0.69   0.79   0.03   0.81   0.02   0.76   0.76   0.78   0.75   0.74   0.02   0.79   0.76   0.80   0.03   0.03   0.03   0.03   0.02   0.03   0.75   0.03   0.04   0.03   0.02   0.79   0.97   0.81   0.79   0.75   0.81   0.80   0.97   0.75   

5.00   5.00   5.00   5.00   5.00   5.00   5.00   5.00   5.00   5.00   5.00   5.00   5.00   5.00   5.00   5.00   5.00   5.00   5.00   5.00   5.00   5.00   5.00   5.00   5.00   5.00   5.00   5.00   5.00   5.00   5.00   5.00   5.00   5.00   5.00   5.00   5.00   5.00   5.00   5.00   5.00   5.00   5.00   5.00   5.00   5.00   5.00   5.00   5.00   5.00   5.00   5.00   5.00   5.00   5.00   5.00   5.00   5.00   5.00   5.00   5.00   5.00   5.00   5.00   5.00   5.00   5.00   5.00   5.00   5.00   5.00   5.00   5.00   5.00   5.00   5.00   5.00   5.00   
0.07   0.11   0.11   0.11   0.11   0.07   0.11   0.11   0.07   0.11   0.07   0.11   0.11   0.11   0.07   0.96   0.07   0.07   0.11   0.11   0.11   0.11   0.96   0.88   0.11   0.01   0.01   0.07   0.07   0.07   0.07   0.88   0.88   0.11   0.96   0.07   0.07   0.09   0.07   0.96   0.11   0.07   0.11   0.88   0.07   0.96   0.01   0.96   0.01   0.96   0.96   0.96   0.96   0.96   0.11   0.96   0.96   0.96   0.11   0.01   0.01   0.11   0.11   0.11   0.07   0.11   0.11   0.11   0.11   0.96   0.88   0.96   0.09   0.07   0.96   0.96   0.88   0.96   
0.07   0.11   0.11   0.11   0.11   0.07   0.11   0.11   0.07   0.11   0.07   0.11   0.11   0.11   0.07   0.96   0.07   0.07   0.11   0.11   0.11   0.11   0.96   0.88   0.11   0.01   0.01   0.07   0.07   0.07   0.07   0.88   0.88   0.11   0.96   0.07   0.07   0.09   0.07   0.96   0.11   0.07   0.11   0.88   0.07   0.96   0.01   0.96   0.01   0.96   0.96   0.96   0.96   0.96   0.11   0.96   0.96   0.96   0.11   0.01   0.01   0.11   0.11   0.11   0.07   0.11   0.11   0.11   0.11   0.96   0.88   0.96   0.09   0.07   0.96   0.96   0.88   0.96   
0.26   0.18   0.30   0.30   0.31   0.29   0.37   0.31   0.33   0.29   0.24   0.27   0.28   0.24   0.36   0.31   0.29   0.27   0.22   0.26   0.27   0.23   0.30   0.24   0.24   0.23   0.28   0.24   0.28   0.22   0.32   0.28   0.36   0.37   0.40   0.24   0.32   0.42   0.41   0.30   0.50   0.19   0.30   0.27   0.20   0.38   0.31   0.44   0.30   0.32   0.32   0.36   0.31   0.29   0.26   0.38   0.32   0.40   0.35   0.39   0.34   0.43   0.28   0.39   0.29   0.40   0.47   0.38   0.30   0.39   0.45   0.42   0.40   0.30   0.43   0.41   0.42   0.31   
0.71   0.02   0.04   0.04   0.04   0.74   0.72   0.04   0.78   0.04   0.69   0.03   0.03   0.03   0.80   0.95   0.75   0.72   0.02   0.03   0.03   0.03   0.95   0.96   0.03   0.03   0.04   0.69   0.74   0.67   0.77   0.97   0.98   0.72   0.96   0.69   0.77   0.94   0.83   0.95   0.81   0.62   0.04   0.97   0.64   0.96   0.00   0.97   0.00   0.95   0.95   0.96   0.95   0.94   0.03   0.96   0.95   0.96   0.70   0.01   0.01   0.77   0.03   0.73   0.75   0.74   0.79   0.73   0.04   0.96   0.99   0.97   0.93   0.75   0.97   0.97   0.98   0.95   

5.00   5.00   5.00   5.00   5.00   5.00   5.00   5.00   5.00   5.00   5.00   5.00   5.00   5.00   5.00   5.00   5.00   5.00   5.00   5.00   5.00   5.00   5.00   5.00   5.00   5.00   5.00   5.00   5.00   5.00   5.00   5.00   5.00   5.00   5.00   5.00   5.00   5.00   5.00   5.00   5.00   5.00   5.00   5.00   5.00   5.00   5.00   5.00   5.00   5.00   5.00   5.00   5.00   5.00   5.00   5.00   5.00   5.00   5.00   5.00   5.00   5.00   5.00   5.00   5.00   5.00   5.00   5.00   5.00   5.00   5.00   5.00   5.00   5.00   5.00   5.00   5.00   5.00   
0.02   0.46   0.46   0.46   0.46   0.02   0.46   0.46   0.02   0.46   0.02   0.46   0.86   0.46   0.02   0.85   0.02   0.02   0.46   0.46   0.46   0.46   0.85   0.76   0.46   0.02   0.02   0.02   0.02   0.02   0.02   0.92   0.92   0.86   0.98   0.02   0.02   0.97   0.78   0.98   0.86   0.02   0.46   0.76   0.02   0.98   0.39   0.98   0.39   0.85   0.98   0.85   0.98   0.85   0.86   0.98   0.85   0.98   0.86   0.85   0.39   0.46   0.46   0.46   0.02   0.86   0.86   0.46   0.46   0.85   0.92   0.98   0.97   0.02   0.98   0.98   0.92   0.98   
0.02   0.46   0.46   0.46   0.46   0.02   0.46   0.46   0.02   0.46   0.02   0.46   0.86   0.46   0.02   0.85   0.02   0.02   0.46   0.46   0.46   0.46   0.85   0.76   0.46   0.02   0.02   0.02   0.02   0.02   0.02   0.92   0.92   0.86   0.98   0.02   0.02   0.97   0.78   0.98   0.86   0.02   0.46   0.76   0.02   0.98   0.39   0.98   0.39   0.85   0.98   0.85   0.98   0.85   0.86   0.98   0.85   0.98   0.86   0.85   0.39   0.46   0.46   0.46   0.02   0.86   0.86   0.46   0.46   0.85   0.92   0.98   0.97   0.02   0.98   0.98   0.92   0.98   
0.20   0.07   0.25   0.32   0.34   0.25   0.46   0.30   0.36   0.28   0.17   0.25   0.26   0.15   0.38   0.31   0.29   0.17   0.14   0.19   0.20   0.12   0.28   0.14   0.18   0.16   0.22   0.16   0.24   0.12   0.32   0.30   0.45   0.40   0.53   0.13   0.33   0.48   0.45   0.25   0.64   0.07   0.25   0.22   0.09   0.37   0.50   0.56   0.50   0.28   0.32   0.45   0.31   0.21   0.22   0.40   0.30   0.49   0.40   0.53   0.50   0.53   0.22   0.45   0.18   0.50   0.57   0.48   0.24   0.49   0.62   0.52   0.48   0.30   0.61   0.52   0.50   0.23   
0.00   0.01   0.03   0.04   0.05   0.01   0.07   0.04   0.01   0.04   0.00   0.03   0.73   0.02   0.01   0.65   0.01   0.00   0.02   0.02   0.02   0.01   0.62   0.09   0.02   0.00   0.00   0.00   0.01   0.00   0.01   0.88   0.94   0.84   0.98   0.00   0.01   0.98   0.79   0.95   0.93   0.00   0.03   0.14   0.00   0.97   0.07   0.99   0.07   0.62   0.96   0.77   0.96   0.22   0.39   0.97   0.63   0.98   0.84   0.89   0.07   0.59   0.03   0.07   0.00   0.89   0.91   0.08   0.03   0.80   0.97   0.98   0.97   0.01   0.99   0.98   0.95   0.94   

5.00   5.00   5.00   5.00   5.00   5.00   5.00   5.00   5.00   5.00   5.00   5.00   5.00   5.00   5.00   5.00   5.00   5.00   5.00   5.00   5.00   5.00   5.00   5.00   5.00   5.00   5.00   5.00   5.00   5.00   5.00   5.00   5.00   5.00   5.00   5.00   5.00   5.00   5.00   5.00   5.00   5.00   5.00   5.00   5.00   5.00   5.00   5.00   5.00   5.00   5.00   5.00   5.00   5.00   5.00   5.00   5.00   5.00   5.00   5.00   5.00   5.00   5.00   5.00   5.00   5.00   5.00   5.00   5.00   5.00   5.00   5.00   5.00   5.00   5.00   5.00   5.00   5.00   
0.02   0.41   0.41   0.41   0.39   0.03   0.39   0.39   0.02   0.39   0.02   0.41   0.84   0.39   0.02   0.82   0.02   0.03   0.39   0.41   0.39   0.39   0.83   0.73   0.39   0.02   0.02   0.02   0.02   0.02   0.03   0.92   0.92   0.84   0.98   0.02   0.03   0.97   0.75   0.98   0.84   0.03   0.41   0.73   0.03   0.98   0.35   0.98   0.35   0.82   0.98   0.82   0.98   0.82   0.84   0.98   0.83   0.98   0.84   0.83   0.32   0.41   0.41   0.41   0.02   0.84   0.84   0.39   0.39   0.83   0.91   0.98   0.97   0.02   0.98   0.98   0.91   0.98   
0.02   0.41   0.41   0.41   0.39   0.03   0.39   0.39   0.02   0.39   0.02   0.41   0.84   0.39   0.02   0.82   0.02   0.03   0.39   0.41   0.39   0.39   0.83   0.73   0.39   0.02   0.02   0.02   0.02   0.02   0.03   0.92   0.92   0.84   0.98   0.02   0.03   0.97   0.75   0.98   0.84   0.03   0.41   0.73   0.03   0.98   0.35   0.98   0.35   0.82   0.98   0.82   0.98   0.82   0.84   0.98   0.83   0.98   0.84   0.83   0.32   0.41   0.41   0.41   0.02   0.84   0.84   0.39   0.39   0.83   0.91   0.98   0.97   0.02   0.98   0.98   0.91   0.98   
0.50   0.02   0.20   0.33   0.25   0.50   0.48   0.25   0.37   0.28   0.50   0.15   0.23   0.07   0.36   0.29   0.21   0.50   0.08   0.09   0.08   0.05   0.21   0.07   0.11   0.50   0.50   0.50   0.50   0.50   0.29   0.22   0.49   0.49   0.68   0.50   0.35   0.57   0.49   0.21   0.75   0.50   0.18   0.12   0.50   0.39   0.50   0.70   0.50   0.28   0.33   0.53   0.29   0.15   0.13   0.47   0.28   0.58   0.45   0.70   0.50   0.57   0.16   0.55   0.50   0.63   0.75   0.57   0.16   0.60   0.80   0.60   0.57   0.30   0.75   0.59   0.60   0.17   
0.61   0.00   0.03   0.06   0.02   0.61   0.05   0.02   0.03   0.02   0.61   0.02   0.72   0.00   0.03   0.47   0.01   0.61   0.00   0.01   0.01   0.00   0.61   0.14   0.01   0.01   0.01   0.61   0.61   0.61   0.05   0.94   0.98   0.89   0.99   0.61   0.07   0.96   0.88   0.92   0.96   0.61   0.03   0.23   0.61   0.98   0.01   0.99   0.01   0.45   0.95   0.86   0.94   0.28   0.35   0.98   0.70   0.99   0.87   0.94   0.01   0.71   0.02   0.70   0.61   0.94   0.96   0.07   0.01   0.90   0.99   0.98   0.96   0.02   0.99   0.98   0.98   0.93   

5.00   5.00   5.00   5.00   5.00   5.00   5.00   5.00   5.00   5.00   5.00   5.00   5.00   5.00   5.00   5.00   5.00   5.00   5.00   5.00   5.00   5.00   5.00   5.00   5.00   5.00   5.00   5.00   5.00   5.00   5.00   5.00   5.00   5.00   5.00   5.00   5.00   5.00   5.00   5.00   5.00   5.00   5.00   5.00   5.00   5.00   5.00   5.00   5.00   5.00   5.00   5.00   5.00   5.00   5.00   5.00   5.00   5.00   5.00   5.00   5.00   5.00   5.00   5.00   5.00   5.00   5.00   5.00   5.00   5.00   5.00   5.00   5.00   5.00   5.00   5.00   5.00   5.00   
0.02   0.37   0.66   0.37   0.33   0.03   0.33   0.33   0.02   0.33   0.02   0.66   0.84   0.33   0.02   0.79   0.02   0.03   0.33   0.37   0.33   0.64   0.79   0.67   0.33   0.02   0.02   0.02   0.02   0.02   0.03   0.94   0.90   0.83   0.96   0.02   0.03   0.99   0.74   0.99   0.89   0.03   0.37   0.67   0.03   0.96   0.65   0.96   0.35   0.79   0.96   0.79   0.96   0.79   0.89   0.99   0.86   0.96   0.83   0.83   0.30   0.37   0.37   0.37   0.02   0.84   0.89   0.33   0.33   0.79   0.90   0.96   0.96   0.02   0.96   0.96   0.90   0.96   
0.02   0.37   0.66   0.37   0.33   0.03   0.33   0.33   0.02   0.33   0.02   0.66   0.84   0.33   0.02   0.79   0.02   0.03   0.33   0.37   0.33   0.64   0.79   0.67   0.33   0.02   0.02   0.02   0.02   0.02   0.03   0.94   0.90   0.83   0.96   0.02   0.03   0.99   0.74   0.99   0.89   0.03   0.37   0.67   0.03   0.96   0.65   0.96   0.35   0.79   0.96   0.79   0.96   0.79   0.89   0.99   0.86   0.96   0.83   0.83   0.30   0.37   0.37   0.37   0.02   0.84   0.89   0.33   0.33   0.79   0.90   0.96   0.96   0.02   0.96   0.96   0.90   0.96   
0.50   0.50   0.16   0.32   0.29   0.50   0.57   0.23   0.37   0.30   0.50   0.14   0.25   0.50   0.41   0.33   0.22   0.50   0.50   0.07   0.50   0.50   0.22   0.05   0.50   0.50   0.50   0.50   0.50   0.50   0.30   0.27   0.58   0.55   0.75   0.50   0.38   0.62   0.51   0.25   0.78   0.50   0.13   0.10   0.50   0.40   0.50   0.77   0.50   0.26   0.37   0.56   0.36   0.13   0.13   0.53   0.29   0.70   0.51   0.80   0.50   0.64   0.13   0.59   0.50   0.72   0.81   0.64   0.19   0.70   0.50   0.74   0.64   0.31   0.50   0.66   0.66   0.16   
0.56   0.62   0.15   0.09   0.02   0.56   0.07   0.02   0.03   0.02   0.56   0.13   0.69   0.06   0.04   0.41   0.01   0.56   0.06   0.02   0.06   0.06   0.34   0.07   0.06   0.01   0.01   0.56   0.56   0.56   0.07   0.98   0.98   0.88   0.98   0.56   0.20   0.97   0.85   0.95   0.98   0.56   0.03   0.13   0.56   0.96   0.01   0.98   0.01   0.32   0.92   0.81   0.92   0.17   0.38   0.99   0.72   0.99   0.86   0.94   0.01   0.73   0.03   0.69   0.56   0.95   0.98   0.09   0.01   0.90   0.96   0.98   0.95   0.02   0.98   0.98   0.97   0.86   

5.00   5.00   5.00   5.00   5.00   5.00   5.00   5.00   5.00   5.00   5.00   5.00   5.00   5.00   5.00   5.00   5.00   5.00   5.00   5.00   5.00   5.00   5.00   5.00   5.00   5.00   5.00   5.00   5.00   5.00   5.00   5.00   5.00   5.00   5.00   5.00   5.00   5.00   5.00   5.00   5.00   5.00   5.00   5.00   5.00   5.00   5.00   5.00   5.00   5.00   5.00   5.00   5.00   5.00   5.00   5.00   5.00   5.00   5.00   5.00   5.00   5.00   5.00   5.00   5.00   5.00   5.00   5.00   5.00   5.00   5.00   5.00   5.00   5.00   5.00   5.00   5.00   5.00   
0.02   0.14   0.31   0.14   0.14   0.02   0.14   0.14   0.02   0.14   0.02   0.31   0.63   0.39   0.20   0.57   0.02   0.02   0.14   0.14   0.14   0.30   0.57   0.42   0.14   0.02   0.02   0.02   0.02   0.02   0.02   0.83   0.76   0.62   0.88   0.02   0.02   0.99   0.48   0.99   0.82   0.02   0.14   0.42   0.21   0.89   0.30   0.97   0.39   0.70   0.97   0.57   0.97   0.57   0.71   0.94   0.77   0.97   0.62   0.62   0.13   0.14   0.39   0.14   0.20   0.63   0.71   0.14   0.14   0.57   0.76   0.97   0.88   0.02   0.89   0.97   0.76   0.97   
0.02   0.14   0.31   0.14   0.14   0.02   0.14   0.14   0.02   0.14   0.02   0.31   0.63   0.39   0.20   0.57   0.02   0.02   0.14   0.14   0.14   0.30   0.57   0.42   0.14   0.02   0.02   0.02   0.02   0.02   0.02   0.83   0.76   0.62   0.88   0.02   0.02   0.99   0.48   0.99   0.82   0.02   0.14   0.42   0.21   0.89   0.30   0.97   0.39   0.70   0.97   0.57   0.97   0.57   0.71   0.94   0.77   0.97   0.62   0.62   0.13   0.14   0.39   0.14   0.20   0.63   0.71   0.14   0.14   0.57   0.76   0.97   0.88   0.02   0.89   0.97   0.76   0.97   
0.50   0.50   0.15   0.38   0.36   0.50   0.61   0.27   0.39   0.30   0.50   0.18   0.31   0.50   0.44   0.38   0.21   0.50   0.50   0.07   0.50   0.50   0.25   0.05   0.50   0.50   0.50   0.50   0.50   0.50   0.31   0.28   0.69   0.64   0.79   0.50   0.41   0.69   0.59   0.34   0.85   0.50   0.12   0.10   0.50   0.54   0.50   0.82   0.50   0.39   0.52   0.60   0.44   0.12   0.14   0.50   0.39   0.81   0.51   0.84   0.50   0.77   0.14   0.63   0.50   0.78   0.85   0.70   0.18   0.75   0.50   0.82   0.69   0.30   0.50   0.69   0.77   0.15   
0.02   0.55   0.06   0.07   0.04   0.02   0.12   0.03   0.01   0.03   0.02   0.07   0.38   0.08   0.66   0.30   0.00   0.02   0.08   0.01   0.08   0.08   0.22   0.02   0.08   0.01   0.01   0.02   0.02   0.02   0.01   0.79   0.93   0.87   0.97   0.02   0.02   0.99   0.77   0.98   0.99   0.02   0.02   0.04   0.02   0.93   0.06   1.00   0.06   0.83   0.98   0.79   0.98   0.09   0.23   0.99   0.88   1.00   0.79   0.94   0.06   0.76   0.21   0.63   0.02   0.94   0.97   0.16   0.02   0.89   0.92   1.00   0.95   0.01   0.98   0.99   0.95   0.92   

5.00   5.00   5.00   5.00   5.00   5.00   5.00   5.00   5.00   5.00   5.00   5.00   5.00   5.00   5.00   5.00   5.00   5.00   5.00   5.00   5.00   5.00   5.00   5.00   5.00   5.00   5.00   5.00   5.00   5.00   5.00   5.00   5.00   5.00   5.00   5.00   5.00   5.00   5.00   5.00   5.00   5.00   5.00   5.00   5.00   5.00   5.00   5.00   5.00   5.00   5.00   5.00   5.00   5.00   5.00   5.00   5.00   5.00   5.00   5.00   5.00   5.00   5.00   5.00   5.00   5.00   5.00   5.00   5.00   5.00   5.00   5.00   5.00   5.00   5.00   5.00   5.00   5.00   
0.01   0.11   0.23   0.11   0.10   0.01   0.10   0.17   0.01   0.10   0.01   0.23   0.52   0.29   0.14   0.45   0.01   0.01   0.10   0.11   0.10   0.22   0.46   0.31   0.10   0.02   0.02   0.01   0.01   0.04   0.01   0.76   0.67   0.52   0.83   0.01   0.01   1.00   0.38   0.99   0.80   0.04   0.11   0.31   0.15   0.89   0.30   0.98   0.30   0.60   0.95   0.45   0.95   0.45   0.62   0.92   0.68   0.96   0.52   0.52   0.10   0.11   0.30   0.11   0.14   0.52   0.62   0.10   0.10   0.52   0.66   0.95   0.83   0.01   0.84   0.95   0.66   0.96   
0.01   0.11   0.23   0.11   0.10   0.01   0.10   0.17   0.01   0.10   0.01   0.23   0.52   0.29   0.14   0.45   0.01   0.01   0.10   0.11   0.10   0.22   0.46   0.31   0.10   0.02   0.02   0.01   0.01   0.04   0.01   0.76   0.67   0.52   0.83   0.01   0.01   1.00   0.38   0.99   0.80   0.04   0.11   0.31   0.15   0.89   0.30   0.98   0.30   0.60   0.95   0.45   0.95   0.45   0.62   0.92   0.68   0.96   0.52   0.52   0.10   0.11   0.30   0.11   0.14   0.52   0.62   0.10   0.10   0.52   0.66   0.95   0.83   0.01   0.84   0.95   0.66   0.96   
0.50   0.50   0.11   0.39   0.34   0.50   0.73   0.29   0.46   0.31   0.50   0.20   0.38   0.50   0.45   0.43   0.50   0.50   0.50   0.08   0.50   0.50   0.37   0.04   0.50   0.50   0.50   0.50   0.50   0.50   0.27   0.32   0.84   0.77   0.90   0.50   0.45   0.50   0.82   0.59   0.96   0.50   0.17   0.11   0.50   0.77   0.50   0.50   0.50   0.52   0.65   0.72   0.63   0.11   0.18   0.50   0.72   0.50   0.61   0.90   0.50   0.93   0.17   0.64   0.50   0.87   0.92   0.84   0.23   0.84   0.50   0.50   0.87   0.50   0.50   0.79   0.86   0.18   
0.02   0.51   0.04   0.07   0.04   0.02   0.18   0.09   0.01   0.04   0.02   0.08   0.42   0.09   0.34   0.34   0.02   0.02   0.09   0.01   0.09   0.09   0.31   0.01   0.09   0.01   0.01   0.02   0.02   0.02   0.01   0.80   0.97   0.91   0.99   0.02   0.02   0.99   0.90   0.99   1.00   0.02   0.02   0.05   0.02   0.98   0.06   0.98   0.06   0.86   0.99   0.85   0.99   0.08   0.27   0.99   0.96   0.98   0.83   0.96   0.06   0.91   0.18   0.16   0.02   0.96   0.98   0.79   0.02   0.95   0.91   0.98   0.98   0.02   0.98   0.99   0.97   0.92   

5.00   5.00   5.00   5.00   5.00   5.00   5.00   5.00   5.00   5.00   5.00   5.00   5.00   5.00   5.00   5.00   5.00   5.00   5.00   5.00   5.00   5.00   5.00   5.00   5.00   5.00   5.00   5.00   5.00   5.00   5.00   5.00   5.00   5.00   5.00   5.00   5.00   5.00   5.00   5.00   5.00   5.00   5.00   5.00   5.00   5.00   5.00   5.00   5.00   5.00   5.00   5.00   5.00   5.00   5.00   5.00   5.00   5.00   5.00   5.00   5.00   5.00   5.00   5.00   5.00   5.00   5.00   5.00   5.00   5.00   5.00   5.00   5.00   5.00   5.00   5.00   5.00   5.00   
0.01   0.11   0.26   0.11   0.09   0.02   0.49   0.14   0.01   0.09   0.01   0.26   0.50   0.24   0.09   0.38   0.01   0.02   0.09   0.11   0.09   0.24   0.40   0.23   0.09   0.02   0.02   0.01   0.01   0.03   0.02   0.87   0.81   0.49   0.68   0.01   0.02   1.00   0.63   0.99   0.72   0.04   0.11   0.23   0.11   0.94   0.65   0.78   0.28   0.49   0.96   0.68   0.96   0.68   0.59   0.97   0.82   0.97   0.76   0.77   0.11   0.11   0.60   0.51   0.09   0.77   0.83   0.09   0.09   0.44   0.55   0.96   0.92   0.01   0.92   0.76   0.55   0.97   
0.01   0.11   0.26   0.11   0.09   0.02   0.49   0.14   0.01   0.09   0.01   0.26   0.50   0.24   0.09   0.38   0.01   0.02   0.09   0.11   0.09   0.24   0.40   0.23   0.09   0.02   0.02   0.01   0.01   0.03   0.02   0.87   0.81   0.49   0.68   0.01   0.02   1.00   0.63   0.99   0.72   0.04   0.11   0.23   0.11   0.94   0.65   0.78   0.28   0.49   0.96   0.68   0.96   0.68   0.59   0.97   0.82   0.97   0.76   0.77   0.11   0.11   0.60   0.51   0.09   0.77   0.83   0.09   0.09   0.44   0.55   0.96   0.92   0.01   0.92   0.76   0.55   0.97   
0.50   0.50   0.07   0.31   0.31   0.50   0.64   0.23   0.36   0.25   0.50   0.16   0.24   0.50   0.39   0.34   0.50   0.50   0.50   0.05   0.50   0.50   0.28   0.03   0.50   0.50   0.50   0.50   0.50   0.50   0.23   0.23   0.84   0.72   0.90   0.50   0.39   0.50   0.81   0.54   0.50   0.50   0.10   0.08   0.50   0.76   0.50   0.50   0.50   0.37   0.57   0.71   0.61   0.07   0.13   0.50   0.67   0.50   0.62   0.90   0.50   0.95   0.13   0.58   0.50   0.85   0.92   0.84   0.18   0.82   0.50   0.50   0.88   0.50   0.50   0.50   0.89   0.15   
0.02   0.53   0.02   0.04   0.03   0.02   0.77   0.04   0.01   0.02   0.02   0.04   0.18   0.08   0.17   0.16   0.01   0.02   0.08   0.00   0.08   0.08   0.14   0.01   0.08   0.01   0.01   0.02   0.02   0.02   0.01   0.76   0.97   0.80   0.96   0.02   0.01   0.99   0.93   0.99   0.97   0.02   0.01   0.02   0.02   0.98   0.06   0.98   0.06   0.38   0.98   0.89   0.99   0.10   0.12   0.99   0.95   0.99   0.89   0.98   0.06   0.91   0.22   0.73   0.02   0.97   0.99   0.27   0.01   0.87   0.91   0.98   0.99   0.01   0.98   0.98   0.94   0.91   

5.00   5.00   5.00   5.00   5.00   5.00   5.00   5.00   5.00   5.00   5.00   5.00   5.00   5.00   5.00   5.00   5.00   5.00   5.00   5.00   5.00   5.00   5.00   5.00   5.00   5.00   5.00   5.00   5.00   5.00   5.00   5.00   5.00   5.00   5.00   5.00   5.00   5.00   5.00   5.00   5.00   5.00   5.00   5.00   5.00   5.00   5.00   5.00   5.00   5.00   5.00   5.00   5.00   5.00   5.00   5.00   5.00   5.00   5.00   5.00   5.00   5.00   5.00   5.00   5.00   5.00   5.00   5.00   5.00   5.00   5.00   5.00   5.00   5.00   5.00   5.00   5.00   5.00   
0.01   0.11   0.28   0.11   0.09   0.02   0.49   0.15   0.01   0.09   0.01   0.28   0.51   0.25   0.10   0.42   0.01   0.02   0.09   0.11   0.09   0.25   0.53   0.38   0.09   0.03   0.03   0.01   0.01   0.03   0.02   0.88   0.87   0.49   0.76   0.01   0.02   1.00   0.70   0.98   0.79   0.05   0.11   0.28   0.12   0.93   0.73   0.85   0.42   0.62   0.95   0.70   0.95   0.76   0.60   0.95   0.84   0.96   0.74   0.76   0.11   0.11   0.61   0.51   0.10   0.76   0.81   0.09   0.09   0.58   0.59   0.95   0.91   0.01   0.91   0.78   0.59   0.96   
0.01   0.11   0.28   0.11   0.09   0.02   0.49   0.15   0.01   0.09   0.01   0.28   0.51   0.25   0.10   0.42   0.01   0.02   0.09   0.11   0.09   0.25   0.53   0.38   0.09   0.03   0.03   0.01   0.01   0.03   0.02   0.88   0.87   0.49   0.76   0.01   0.02   1.00   0.70   0.98   0.79   0.05   0.11   0.28   0.12   0.93   0.73   0.85   0.42   0.62   0.95   0.70   0.95   0.76   0.60   0.95   0.84   0.96   0.74   0.76   0.11   0.11   0.61   0.51   0.10   0.76   0.81   0.09   0.09   0.58   0.59   0.95   0.91   0.01   0.91   0.78   0.59   0.96   
0.50   0.50   0.06   0.25   0.24   0.50   0.67   0.21   0.31   0.24   0.50   0.10   0.24   0.50   0.37   0.30   0.50   0.50   0.50   0.50   0.50   0.50   0.20   0.50   0.50   0.50   0.50   0.50   0.50   0.50   0.50   0.22   0.86   0.73   0.91   0.50   0.34   0.50   0.87   0.60   0.50   0.50   0.06   0.04   0.50   0.83   0.50   0.50   0.50   0.38   0.60   0.73   0.52   0.06   0.07   0.50   0.72   0.50   0.62   0.93   0.50   0.96   0.11   0.60   0.50   0.89   0.96   0.87   0.15   0.89   0.50   0.50   0.90   0.50   0.50   0.50   0.92   0.11   
0.02   0.09   0.01   0.02   0.02   0.02   0.75   0.04   0.01   0.02   0.02   0.02   0.16   0.07   0.14   0.12   0.01   0.02   0.07   0.07   0.07   0.07   0.11   0.16   0.07   0.01   0.01   0.02   0.02   0.02   0.02   0.71   0.98   0.78   0.96   0.02   0.01   0.99   0.96   0.99   0.96   0.02   0.01   0.01   0.02   0.99   0.06   0.98   0.06   0.40   0.98   0.89   0.98   0.08   0.05   0.99   0.95   0.98   0.87   0.98   0.06   0.91   0.15   0.67   0.02   0.97   0.99   0.29   0.01   0.93   0.90   0.98   0.99   0.01   0.98   0.98   0.95   0.85   

5.00   5.00   5.00   5.00   5.00   5.00   5.00   5.00   5.00   5.00   5.00   5.00   5.00   5.00   5.00   5.00   5.00   5.00   5.00   5.00   5.00   5.00   5.00   5.00   5.00   5.00   5.00   5.00   5.00   5.00   5.00   5.00   5.00   5.00   5.00   5.00   5.00   5.00   5.00   5.00   5.00   5.00   5.00   5.00   5.00   5.00   5.00   5.00   5.00   5.00   5.00   5.00   5.00   5.00   5.00   5.00   5.00   5.00   5.00   5.00   5.00   5.00   5.00   5.00   5.00   5.00   5.00   5.00   5.00   5.00   5.00   5.00   5.00   5.00   5.00   5.00   5.00   5.00   
0.01   0.10   0.53   0.10   0.07   0.02   0.41   0.14   0.01   0.07   0.01   0.53   0.65   0.18   0.06   0.34   0.01   0.02   0.07   0.10   0.07   0.25   0.48   0.32   0.07   0.03   0.03   0.01   0.01   0.04   0.02   0.92   0.91   0.63   0.70   0.01   0.02   1.00   0.64   0.98   0.76   0.06   0.10   0.21   0.09   0.95   0.82   0.89   0.37   0.71   0.87   0.61   0.87   0.81   0.56   0.90   0.78   0.88   0.67   0.69   0.10   0.10   0.53   0.44   0.06   0.83   0.76   0.07   0.07   0.54   0.51   0.87   0.93   0.01   0.93   0.70   0.51   0.88   
0.01   0.10   0.53   0.10   0.07   0.02   0.41   0.14   0.01   0.07   0.01   0.53   0.65   0.18   0.06   0.34   0.01   0.02   0.07   0.10   0.07   0.25   0.48   0.32   0.07   0.03   0.03   0.01   0.01   0.04   0.02   0.92   0.91   0.63   0.70   0.01   0.02   1.00   0.64   0.98   0.76   0.06   0.10   0.21   0.09   0.95   0.82   0.89   0.37   0.71   0.87   0.61   0.87   0.81   0.56   0.90   0.78   0.88   0.67   0.69   0.10   0.10   0.53   0.44   0.06   0.83   0.76   0.07   0.07   0.54   0.51   0.87   0.93   0.01   0.93   0.70   0.51   0.88   
0.50   0.50   0.05   0.28   0.24   0.50   0.76   0.24   0.50   0.33   0.50   0.12   0.26   0.50   0.45   0.39   0.50   0.50   0.50   0.50   0.50   0.50   0.21   0.50   0.50   0.50   0.50   0.50   0.50   0.50   0.50   0.27   0.93   0.85   0.92   0.50   0.53   0.50   0.91   0.68   0.50   0.50   0.50   0.06   0.50   0.91   0.50   0.50   0.50   0.46   0.63   0.79   0.40   0.07   0.09   0.50   0.75   0.50   0.67   0.95   0.50   0.98   0.13   0.69   0.50   0.91   0.97   0.92   0.23   0.92   0.50   0.50   0.95   0.50   0.50   0.50   0.95   0.10   
0.02   0.11   0.03   0.03   0.02   0.02   0.83   0.05   0.01   0.03   0.02   0.08   0.29   0.08   0.19   0.18   0.01   0.02   0.08   0.09   0.08   0.08   0.13   0.18   0.08   0.01   0.01   0.02   0.02   0.02   0.02   0.83   0.99   0.92   0.97   0.02   0.02   0.99   0.97   1.00   0.97   0.02   0.08   0.01   0.02   1.00   0.07   0.98   0.07   0.74   0.97   0.91   0.92   0.16   0.08   0.99   0.95   0.98   0.89   0.98   0.07   0.95   0.19   0.78   0.02   0.99   0.99   0.84   0.02   0.95   0.90   0.98   1.00   0.01   0.98   0.97   0.97   0.43   

5.00   5.00   5.00   5.00   5.00   5.00   5.00   5.00   5.00   5.00   5.00   5.00   5.00   5.00   5.00   5.00   5.00   5.00   5.00   5.00   5.00   5.00   5.00   5.00   5.00   5.00   5.00   5.00   5.00   5.00   5.00   5.00   5.00   5.00   5.00   5.00   5.00   5.00   5.00   5.00   5.00   5.00   5.00   5.00   5.00   5.00   5.00   5.00   5.00   5.00   5.00   5.00   5.00   5.00   5.00   5.00   5.00   5.00   5.00   5.00   5.00   5.00   5.00   5.00   5.00   5.00   5.00   5.00   5.00   5.00   5.00   5.00   5.00   5.00   5.00   5.00   5.00   5.00   
0.01   0.08   0.47   0.08   0.06   0.02   0.42   0.11   0.01   0.06   0.01   0.47   0.58   0.16   0.05   0.28   0.01   0.02   0.06   0.08   0.06   0.21   0.44   0.27   0.06   0.02   0.02   0.01   0.01   0.03   0.02   0.84   0.94   0.78   0.82   0.01   0.02   1.00   0.81   0.98   0.70   0.04   0.08   0.16   0.07   0.87   0.89   0.81   0.35   0.65   0.80   0.58   0.92   0.89   0.50   0.94   0.74   0.93   0.64   0.65   0.08   0.08   0.76   0.45   0.05   0.90   0.72   0.06   0.06   0.49   0.44   0.92   0.85   0.01   0.95   0.63   0.44   0.93   
0.01   0.08   0.47   0.08   0.06   0.02   0.42   0.11   0.01   0.06   0.01   0.47   0.58   0.16   0.05   0.28   0.01   0.02   0.06   0.08   0.06   0.21   0.44   0.27   0.06   0.02   0.02   0.01   0.01   0.03   0.02   0.84   0.94   0.78   0.82   0.01   0.02   1.00   0.81   0.98   0.70   0.04   0.08   0.16   0.07   0.87   0.89   0.81   0.35   0.65   0.80   0.58   0.92   0.89   0.50   0.94   0.74   0.93   0.64   0.65   0.08   0.08   0.76   0.45   0.05   0.90   0.72   0.06   0.06   0.49   0.44   0.92   0.85   0.01   0.95   0.63   0.44   0.93   
0.50   0.50   0.06   0.28   0.18   0.50   0.73   0.22   0.50   0.29   0.50   0.13   0.21   0.50   0.37   0.36   0.50   0.50   0.50   0.50   0.50   0.50   0.19   0.50   0.50   0.50   0.50   0.50   0.50   0.50   0.50   0.26   0.50   0.85   0.88   0.50   0.49   0.50   0.93   0.50   0.50   0.50   0.50   0.07   0.50   0.50   0.50   0.50   0.50   0.46   0.52   0.68   0.36   0.12   0.10   0.50   0.66   0.50   0.55   0.90   0.50   0.94   0.14   0.65   0.50   0.86   0.50   0.93   0.31   0.89   0.50   0.50   0.50   0.50   0.50   0.50   0.92   0.12   
0.02   0.10   0.03   0.03   0.01   0.02   0.76   0.03   0.01   0.02   0.02   0.06   0.20   0.08   0.13   0.14   0.01   0.02   0.08   0.08   0.08   0.08   0.10   0.16   0.08   0.01   0.01   0.02   0.02   0.02   0.02   0.70   0.92   0.95   0.97   0.02   0.02   0.99   0.99   0.99   0.97   0.02   0.08   0.01   0.02   0.96   0.07   0.98   0.07   0.70   0.90   0.81   0.93   0.34   0.08   0.99   0.90   0.98   0.77   0.96   0.07   0.86   0.29   0.67   0.02   0.98   0.84   0.82   0.02   0.92   0.90   0.98   0.93   0.01   0.98   0.98   0.94   0.79   

5.00   5.00   5.00   5.00   5.00   5.00   5.00   5.00   5.00   5.00   5.00   5.00   5.00   5.00   5.00   5.00   5.00   5.00   5.00   5.00   5.00   5.00   5.00   5.00   5.00   5.00   5.00   5.00   5.00   5.00   5.00   5.00   5.00   5.00   5.00   5.00   5.00   5.00   5.00   5.00   5.00   5.00   5.00   5.00   5.00   5.00   5.00   5.00   5.00   5.00   5.00   5.00   5.00   5.00   5.00   5.00   5.00   5.00   5.00   5.00   5.00   5.00   5.00   5.00   5.00   5.00   5.00   5.00   5.00   5.00   5.00   5.00   5.00   5.00   5.00   5.00   5.00   5.00   
0.01   0.07   0.41   0.07   0.05   0.02   0.35   0.11   0.01   0.05   0.01   0.41   0.65   0.13   0.04   0.21   0.01   0.02   0.05   0.07   0.05   0.18   0.34   0.20   0.05   0.02   0.02   0.01   0.01   0.24   0.02   0.77   0.89   0.71   0.75   0.01   0.02   1.00   0.74   0.99   0.75   0.05   0.07   0.11   0.06   0.81   0.91   0.75   0.29   0.56   0.73   0.49   0.87   0.89   0.60   0.89   0.77   0.88   0.56   0.71   0.07   0.07   0.69   0.38   0.04   0.91   0.76   0.05   0.05   0.41   0.35   0.93   0.78   0.01   0.96   0.53   0.35   0.93   
0.01   0.07   0.41   0.07   0.05   0.02   0.35   0.11   0.01   0.05   0.01   0.41   0.65   0.13   0.04   0.21   0.01   0.02   0.05   0.07   0.05   0.18   0.34   0.20   0.05   0.02   0.02   0.01   0.01   0.24   0.02   0.77   0.89   0.71   0.75   0.01   0.02   1.00   0.74   0.99   0.75   0.05   0.07   0.11   0.06   0.81   0.91   0.75   0.29   0.56   0.73   0.49   0.87   0.89   0.60   0.89   0.77   0.88   0.56   0.71   0.07   0.07   0.69   0.38   0.04   0.91   0.76   0.05   0.05   0.41   0.35   0.93   0.78   0.01   0.96   0.53   0.35   0.93   
0.50   0.50   0.06   0.30   0.18   0.50   0.78   0.22   0.50   0.31   0.50   0.13   0.22   0.50   0.40   0.39   0.50   0.50   0.50   0.50   0.50   0.50   0.20   0.50   0.50   0.50   0.50   0.50   0.50   0.50   0.50   0.28   0.50   0.89   0.92   0.50   0.54   0.50   0.95   0.50   0.50   0.50   0.50   0.07   0.50   0.50   0.50   0.50   0.50   0.50   0.57   0.74   0.38   0.11   0.09   0.50   0.72   0.50   0.60   0.94   0.50   0.96   0.14   0.70   0.50   0.90   0.50   0.95   0.33   0.92   0.50   0.50   0.50   0.50   0.50   0.50   0.95   0.11   
0.02   0.11   0.03   0.03   0.01   0.02   0.82   0.04   0.01   0.03   0.02   0.07   0.34   0.08   0.14   0.15   0.01   0.02   0.08   0.09   0.08   0.08   0.10   0.15   0.08   0.01   0.01   0.02   0.02   0.02   0.02   0.70   0.93   0.97   0.98   0.02   0.02   0.99   0.99   0.99   0.97   0.02   0.08   0.01   0.02   0.96   0.08   0.98   0.08   0.72   0.90   0.85   0.91   0.42   0.14   0.99   0.95   0.98   0.81   0.99   0.08   0.92   0.29   0.76   0.02   0.99   0.86   0.88   0.03   0.94   0.90   0.98   0.93   0.01   0.98   0.98   0.96   0.84   

5.00   5.00   5.00   5.00   5.00   5.00   5.00   5.00   5.00   5.00   5.00   5.00   5.00   5.00   5.00   5.00   5.00   5.00   5.00   5.00   5.00   5.00   5.00   5.00   5.00   5.00   5.00   5.00   5.00   5.00   5.00   5.00   5.00   5.00   5.00   5.00   5.00   5.00   5.00   5.00   5.00   5.00   5.00   5.00   5.00   5.00   5.00   5.00   5.00   5.00   5.00   5.00   5.00   5.00   5.00   5.00   5.00   5.00   5.00   5.00   5.00   5.00   5.00   5.00   5.00   5.00   5.00   5.00   5.00   5.00   5.00   5.00   5.00   5.00   5.00   5.00   5.00   5.00   
0.01   0.06   0.37   0.06   0.05   0.01   0.27   0.10   0.01   0.05   0.01   0.37   0.75   0.12   0.04   0.19   0.01   0.01   0.05   0.06   0.05   0.16   0.31   0.19   0.05   0.02   0.02   0.01   0.01   0.21   0.01   0.83   0.92   0.80   0.83   0.01   0.01   1.00   0.81   0.99   0.83   0.05   0.06   0.10   0.06   0.86   0.93   0.83   0.26   0.71   0.79   0.40   0.90   0.92   0.71   0.92   0.82   0.80   0.46   0.61   0.06   0.06   0.77   0.29   0.04   0.93   0.67   0.05   0.34   0.61   0.31   0.94   0.84   0.01   0.88   0.47   0.54   0.95   
0.01   0.06   0.37   0.06   0.05   0.01   0.27   0.10   0.01   0.05   0.01   0.37   0.75   0.12   0.04   0.19   0.01   0.01   0.05   0.06   0.05   0.16   0.31   0.19   0.05   0.02   0.02   0.01   0.01   0.21   0.01   0.83   0.92   0.80   0.83   0.01   0.01   1.00   0.81   0.99   0.83   0.05   0.06   0.10   0.06   0.86   0.93   0.83   0.26   0.71   0.79   0.40   0.90   0.92   0.71   0.92   0.82   0.80   0.46   0.61   0.06   0.06   0.77   0.29   0.04   0.93   0.67   0.05   0.34   0.61   0.31   0.94   0.84   0.01   0.88   0.47   0.54   0.95   
0.50   0.50   0.04   0.24   0.14   0.50   0.72   0.18   0.50   0.25   0.50   0.10   0.17   0.50   0.34   0.32   0.50   0.50   0.50   0.50   0.50   0.50   0.15   0.50   0.50   0.50   0.50   0.50   0.50   0.50   0.50   0.22   0.50   0.86   0.89   0.50   0.46   0.50   0.94   0.50   0.50   0.50   0.50   0.05   0.50   0.50   0.50   0.50   0.50   0.43   0.50   0.67   0.31   0.09   0.07   0.50   0.65   0.50   0.53   0.91   0.50   0.95   0.11   0.64   0.50   0.87   0.50   0.93   0.26   0.90   0.50   0.50   0.50   0.50   0.50   0.50   0.93   0.09   
0.01   0.08   0.01   0.01   0.01   0.01   0.30   0.02   0.01   0.01   0.01   0.02   0.23   0.06   0.05   0.06   0.01   0.01   0.06   0.05   0.06   0.06   0.04   0.10   0.06   0.01   0.01   0.01   0.01   0.01   0.02   0.52   0.91   0.95   0.97   0.01   0.01   0.99   0.98   0.99   0.96   0.01   0.05   0.00   0.01   0.95   0.06   0.97   0.06   0.47   0.80   0.38   0.81   0.26   0.08   0.99   0.88   0.98   0.33   0.93   0.06   0.77   0.16   0.24   0.01   0.99   0.78   0.34   0.09   0.92   0.87   0.97   0.91   0.01   0.98   0.97   0.94   0.46   

5.00   5.00   5.00   5.00   5.00   5.00   5.00   5.00   5.00   5.00   5.00   5.00   5.00   5.00   5.00   5.00   5.00   5.00   5.00   5.00   5.00   5.00   5.00   5.00   5.00   5.00   5.00   5.00   5.00   5.00   5.00   5.00   5.00   5.00   5.00   5.00   5.00   5.00   5.00   5.00   5.00   5.00   5.00   5.00   5.00   5.00   5.00   5.00   5.00   5.00   5.00   5.00   5.00   5.00   5.00   5.00   5.00   5.00   5.00   5.00   5.00   5.00   5.00   5.00   5.00   5.00   5.00   5.00   5.00   5.00   5.00   5.00   5.00   5.00   5.00   5.00   5.00   5.00   
0.01   0.05   0.32   0.05   0.04   0.01   0.25   0.08   0.01   0.04   0.01   0.32   0.72   0.09   0.03   0.17   0.01   0.08   0.04   0.05   0.04   0.13   0.40   0.29   0.04   0.03   0.03   0.01   0.01   0.18   0.01   0.81   0.94   0.77   0.85   0.01   0.01   1.00   0.84   0.97   0.84   0.04   0.05   0.10   0.05   0.88   0.91   0.81   0.24   0.68   0.82   0.47   0.92   0.90   0.74   0.93   0.84   0.77   0.44   0.65   0.15   0.05   0.74   0.37   0.03   0.94   0.64   0.04   0.42   0.66   0.30   0.93   0.86   0.06   0.89   0.44   0.61   0.96   
0.01   0.05   0.32   0.05   0.04   0.01   0.25   0.08   0.01   0.04   0.01   0.32   0.72   0.09   0.03   0.17   0.01   0.08   0.04   0.05   0.04   0.13   0.40   0.29   0.04   0.03   0.03   0.01   0.01   0.18   0.01   0.81   0.94   0.77   0.85   0.01   0.01   1.00   0.84   0.97   0.84   0.04   0.05   0.10   0.05   0.88   0.91   0.81   0.24   0.68   0.82   0.47   0.92   0.90   0.74   0.93   0.84   0.77   0.44   0.65   0.15   0.05   0.74   0.37   0.03   0.94   0.64   0.04   0.42   0.66   0.30   0.93   0.86   0.06   0.89   0.44   0.61   0.96   
0.50   0.50   0.06   0.34   0.50   0.50   0.77   0.23   0.50   0.38   0.50   0.09   0.25   0.50   0.41   0.36   0.50   0.50   0.50   0.50   0.50   0.50   0.13   0.50   0.50   0.50   0.50   0.50   0.50   0.50   0.50   0.30   0.50   0.88   0.89   0.50   0.52   0.50   0.93   0.50   0.50   0.50   0.50   0.50   0.50   0.50   0.50   0.50   0.50   0.46   0.56   0.66   0.29   0.11   0.07   0.50   0.59   0.50   0.62   0.93   0.50   0.94   0.13   0.67   0.50   0.89   0.50   0.94   0.33   0.89   0.50   0.50   0.50   0.50   0.50   0.50   0.91   0.08   
0.01   0.08   0.01   0.02   0.03   0.01   0.32   0.02   0.01   0.02   0.01   0.02   0.26   0.06   0.05   0.06   0.01   0.01   0.06   0.05   0.06   0.06   0.05   0.10   0.06   0.01   0.01   0.01   0.01   0.01   0.02   0.53   0.91   0.93   0.97   0.01   0.01   0.99   0.98   0.99   0.96   0.01   0.05   0.07   0.01   0.96   0.06   0.98   0.06   0.43   0.86   0.46   0.82   0.24   0.10   0.99   0.87   0.98   0.38   0.95   0.06   0.72   0.15   0.38   0.01   0.99   0.79   0.32   0.16   0.92   0.88   0.98   0.92   0.01   0.98   0.97   0.94   0.49   

5.00   5.00   5.00   5.00   5.00   5.00   5.00   5.00   5.00   5.00   5.00   5.00   5.00   5.00   5.00   5.00   5.00   5.00   5.00   5.00   5.00   5.00   5.00   5.00   5.00   5.00   5.00   5.00   5.00   5.00   5.00   5.00   5.00   5.00   5.00   5.00   5.00   5.00   5.00   5.00   5.00   5.00   5.00   5.00   5.00   5.00   5.00   5.00   5.00   5.00   5.00   5.00   5.00   5.00   5.00   5.00   5.00   5.00   5.00   5.00   5.00   5.00   5.00   5.00   5.00   5.00   5.00   5.00   5.00   5.00   5.00   5.00   5.00   5.00   5.00   5.00   5.00   5.00   
0.01   0.03   0.37   0.06   0.05   0.02   0.29   0.10   0.01   0.05   0.01   0.37   0.76   0.11   0.04   0.14   0.01   0.09   0.05   0.06   0.05   0.16   0.46   0.34   0.05   0.03   0.03   0.00   0.00   0.21   0.02   0.84   0.95   0.80   0.88   0.01   0.02   1.00   0.84   0.97   0.87   0.02   0.06   0.11   0.05   0.90   0.93   0.84   0.28   0.72   0.85   0.53   0.93   0.92   0.78   0.94   0.86   0.80   0.49   0.70   0.18   0.06   0.78   0.42   0.02   0.95   0.68   0.05   0.47   0.70   0.34   0.94   0.88   0.08   0.90   0.49   0.66   0.96   
0.01   0.03   0.37   0.06   0.05   0.02   0.29   0.10   0.01   0.05   0.01   0.37   0.76   0.11   0.04   0.14   0.01   0.09   0.05   0.06   0.05   0.16   0.46   0.34   0.05   0.03   0.03   0.00   0.00   0.21   0.02   0.84   0.95   0.80   0.88   0.01   0.02   1.00   0.84   0.97   0.87   0.02   0.06   0.11   0.05   0.90   0.93   0.84   0.28   0.72   0.85   0.53   0.93   0.92   0.78   0.94   0.86   0.80   0.49   0.70   0.18   0.06   0.78   0.42   0.02   0.95   0.68   0.05   0.47   0.70   0.34   0.94   0.88   0.08   0.90   0.49   0.66   0.96   
0.50   0.50   0.06   0.32   0.50   0.50   0.78   0.21   0.50   0.36   0.50   0.08   0.23   0.50   0.40   0.34   0.50   0.50   0.50   0.50   0.50   0.50   0.11   0.50   0.50   0.50   0.50   0.50   0.50   0.50   0.50   0.29   0.50   0.89   0.90   0.50   0.52   0.50   0.94   0.50   0.50   0.50   0.50   0.50   0.50   0.50   0.50   0.50   0.50   0.45   0.56   0.67   0.27   0.09   0.06   0.50   0.59   0.50   0.62   0.94   0.50   0.95   0.12   0.67   0.50   0.90   0.50   0.95   0.31   0.90   0.50   0.50   0.50   0.50   0.50   0.50   0.92   0.07   
0.01   0.09   0.01   0.02   0.04   0.01   0.40   0.02   0.01   0.02   0.01   0.02   0.28   0.07   0.06   0.06   0.01   0.01   0.07   0.06   0.07   0.07   0.05   0.12   0.07   0.01   0.01   0.01   0.01   0.01   0.02   0.54   0.91   0.95   0.98   0.01   0.02   0.99   0.98   0.99   0.96   0.01   0.06   0.09   0.01   0.96   0.07   0.98   0.07   0.47   0.88   0.66   0.83   0.23   0.10   0.99   0.89   0.98   0.44   0.97   0.07   0.79   0.16   0.45   0.01   0.99   0.81   0.76   0.18   0.94   0.88   0.98   0.92   0.01   0.98   0.97   0.95   0.48   

5.00   5.00   5.00   5.00   5.00   5.00   5.00   5.00   5.00   5.00   5.00   5.00   5.00   5.00   5.00   5.00   5.00   5.00   5.00   5.00   5.00   5.00   5.00   5.00   5.00   5.00   5.00   5.00   5.00   5.00   5.00   5.00   5.00   5.00   5.00   5.00   5.00   5.00   5.00   5.00   5.00   5.00   5.00   5.00   5.00   5.00   5.00   5.00   5.00   5.00   5.00   5.00   5.00   5.00   5.00   5.00   5.00   5.00   5.00   5.00   5.00   5.00   5.00   5.00   5.00   5.00   5.00   5.00   5.00   5.00   5.00   5.00   5.00   5.00   5.00   5.00   5.00   5.00   
0.01   0.05   0.37   0.08   0.06   0.03   0.30   0.12   0.01   0.03   0.01   0.31   0.75   0.12   0.05   0.15   0.01   0.10   0.06   0.08   0.06   0.17   0.37   0.25   0.03   0.03   0.03   0.00   0.00   0.23   0.03   0.83   0.94   0.79   0.86   0.02   0.01   1.00   0.83   0.97   0.86   0.04   0.08   0.07   0.07   0.89   0.93   0.83   0.29   0.70   0.83   0.51   0.92   0.91   0.73   0.91   0.85   0.76   0.49   0.69   0.19   0.08   0.77   0.42   0.01   0.95   0.67   0.06   0.46   0.69   0.33   0.93   0.87   0.04   0.90   0.48   0.58   0.96   
0.01   0.05   0.37   0.08   0.06   0.03   0.30   0.12   0.01   0.03   0.01   0.31   0.75   0.12   0.05   0.15   0.01   0.10   0.06   0.08   0.06   0.17   0.37   0.25   0.03   0.03   0.03   0.00   0.00   0.23   0.03   0.83   0.94   0.79   0.86   0.02   0.01   1.00   0.83   0.97   0.86   0.04   0.08   0.07   0.07   0.89   0.93   0.83   0.29   0.70   0.83   0.51   0.92   0.91   0.73   0.91   0.85   0.76   0.49   0.69   0.19   0.08   0.77   0.42   0.01   0.95   0.67   0.06   0.46   0.69   0.33   0.93   0.87   0.04   0.90   0.48   0.58   0.96   
0.50   0.50   0.06   0.35   0.50   0.50   0.81   0.23   0.50   0.39   0.50   0.08   0.25   0.50   0.43   0.37   0.50   0.50   0.50   0.50   0.50   0.50   0.12   0.50   0.50   0.50   0.50   0.50   0.50   0.50   0.50   0.31   0.50   0.91   0.92   0.50   0.56   0.50   0.95   0.50   0.50   0.50   0.50   0.50   0.50   0.50   0.50   0.50   0.50   0.49   0.60   0.70   0.29   0.10   0.06   0.50   0.63   0.50   0.65   0.95   0.50   0.96   0.12   0.71   0.50   0.92   0.50   0.96   0.34   0.92   0.50   0.50   0.50   0.50   0.50   0.50   0.94   0.07   
0.02   0.10   0.02   0.04   0.05   0.02   0.75   0.04   0.01   0.02   0.02   0.02   0.38   0.08   0.13   0.10   0.01   0.02   0.08   0.08   0.08   0.08   0.06   0.15   0.08   0.01   0.01   0.02   0.02   0.02   0.02   0.68   0.93   0.97   0.99   0.02   0.01   0.99   0.99   0.99   0.97   0.02   0.07   0.11   0.02   0.97   0.07   0.98   0.07   0.71   0.94   0.79   0.90   0.33   0.12   0.99   0.94   0.99   0.72   0.98   0.07   0.89   0.25   0.74   0.02   1.00   0.86   0.87   0.27   0.97   0.91   0.98   0.94   0.01   0.98   0.98   0.97   0.82   

5.00   5.00   5.00   5.00   5.00   5.00   5.00   5.00   5.00   5.00   5.00   5.00   5.00   5.00   5.00   5.00   5.00   5.00   5.00   5.00   5.00   5.00   5.00   5.00   5.00   5.00   5.00   5.00   5.00   5.00   5.00   5.00   5.00   5.00   5.00   5.00   5.00   5.00   5.00   5.00   5.00   5.00   5.00   5.00   5.00   5.00   5.00   5.00   5.00   5.00   5.00   5.00   5.00   5.00   5.00   5.00   5.00   5.00   5.00   5.00   5.00   5.00   5.00   5.00   5.00   5.00   5.00   5.00   5.00   5.00   5.00   5.00   5.00   5.00   5.00   5.00   5.00   5.00   
0.01   0.03   0.31   0.05   0.12   0.01   0.23   0.18   0.01   0.07   0.01   0.36   0.77   0.19   0.11   0.21   0.01   0.14   0.04   0.05   0.12   0.23   0.42   0.32   0.07   0.03   0.03   0.00   0.00   0.30   0.01   0.83   0.94   0.80   0.87   0.01   0.01   1.00   0.83   0.97   0.87   0.02   0.05   0.13   0.05   0.89   0.93   0.84   0.35   0.73   0.78   0.44   0.92   0.92   0.75   0.87   0.86   0.78   0.52   0.72   0.24   0.13   0.77   0.44   0.05   0.95   0.70   0.04   0.38   0.61   0.39   0.94   0.88   0.03   0.90   0.53   0.53   0.96   
0.01   0.03   0.31   0.05   0.12   0.01   0.23   0.18   0.01   0.07   0.01   0.36   0.77   0.19   0.11   0.21   0.01   0.14   0.04   0.05   0.12   0.23   0.42   0.32   0.07   0.03   0.03   0.00   0.00   0.30   0.01   0.83   0.94   0.80   0.87   0.01   0.01   1.00   0.83   0.97   0.87   0.02   0.05   0.13   0.05   0.89   0.93   0.84   0.35   0.73   0.78   0.44   0.92   0.92   0.75   0.87   0.86   0.78   0.52   0.72   0.24   0.13   0.77   0.44   0.05   0.95   0.70   0.04   0.38   0.61   0.39   0.94   0.88   0.03   0.90   0.53   0.53   0.96   
0.50   0.50   0.07   0.26   0.50   0.50   0.69   0.20   0.50   0.32   0.50   0.07   0.29   0.50   0.35   0.31   0.50   0.50   0.50   0.50   0.50   0.50   0.09   0.50   0.50   0.50   0.50   0.50   0.50   0.50   0.50   0.31   0.50   0.86   0.86   0.50   0.51   0.50   0.94   0.50   0.50   0.50   0.50   0.50   0.50   0.50   0.50   0.50   0.50   0.59   0.50   0.65   0.21   0.10   0.05   0.50   0.66   0.50   0.65   0.93   0.50   0.96   0.14   0.73   0.50   0.50   0.50   0.93   0.34   0.88   0.50   0.50   0.50   0.50   0.50   0.50   0.93   0.08   
0.02   0.09   0.01   0.01   0.04   0.02   0.32   0.04   0.01   0.02   0.02   0.02   0.43   0.07   0.10   0.08   0.01   0.02   0.07   0.07   0.07   0.07   0.05   0.14   0.07   0.01   0.01   0.02   0.02   0.02   0.02   0.67   0.93   0.95   0.98   0.02   0.01   0.99   0.99   0.99   0.97   0.02   0.07   0.10   0.02   0.96   0.07   0.98   0.07   0.79   0.86   0.67   0.85   0.34   0.09   0.99   0.94   0.99   0.70   0.97   0.07   0.87   0.26   0.74   0.02   0.95   0.85   0.34   0.21   0.94   0.91   0.98   0.94   0.01   0.98   0.98   0.96   0.82   

5.00   5.00   5.00   5.00   5.00   5.00   5.00   5.00   5.00   5.00   5.00   5.00   5.00   5.00   5.00   5.00   5.00   5.00   5.00   5.00   5.00   5.00   5.00   5.00   5.00   5.00   5.00   5.00   5.00   5.00   5.00   5.00   5.00   5.00   5.00   5.00   5.00   5.00   5.00   5.00   5.00   5.00   5.00   5.00   5.00   5.00   5.00   5.00   5.00   5.00   5.00   5.00   5.00   5.00   5.00   5.00   5.00   5.00   5.00   5.00   5.00   5.00   5.00   5.00   5.00   5.00   5.00   5.00   5.00   5.00   5.00   5.00   5.00   5.00   5.00   5.00   5.00   5.00   
0.01   0.03   0.26   0.04   0.10   0.01   0.20   0.28   0.01   0.06   0.01   0.31   0.79   0.16   0.10   0.18   0.01   0.13   0.03   0.04   0.10   0.32   0.36   0.39   0.06   0.03   0.03   0.00   0.00   0.40   0.01   0.85   0.90   0.75   0.87   0.01   0.01   1.00   0.84   0.97   0.84   0.02   0.04   0.11   0.14   0.90   0.93   0.85   0.30   0.67   0.73   0.39   0.92   0.88   0.78   0.87   0.87   0.79   0.48   0.75   0.34   0.24   0.72   0.50   0.04   0.95   0.67   0.03   0.33   0.55   0.35   0.91   0.88   0.03   0.91   0.58   0.57   0.96   
0.01   0.03   0.26   0.04   0.10   0.01   0.20   0.28   0.01   0.06   0.01   0.31   0.79   0.16   0.10   0.18   0.01   0.13   0.03   0.04   0.10   0.32   0.36   0.39   0.06   0.03   0.03   0.00   0.00   0.40   0.01   0.85   0.90   0.75   0.87   0.01   0.01   1.00   0.84   0.97   0.84   0.02   0.04   0.11   0.14   0.90   0.93   0.85   0.30   0.67   0.73   0.39   0.92   0.88   0.78   0.87   0.87   0.79   0.48   0.75   0.34   0.24   0.72   0.50   0.04   0.95   0.67   0.03   0.33   0.55   0.35   0.91   0.88   0.03   0.91   0.58   0.57   0.96   
0.50   0.50   0.07   0.21   0.50   0.50   0.63   0.20   0.50   0.24   0.50   0.05   0.18   0.50   0.32   0.23   0.50   0.50   0.50   0.50   0.50   0.50   0.08   0.50   0.50   0.50   0.50   0.50   0.50   0.50   0.50   0.20   0.50   0.73   0.81   0.50   0.50   0.50   0.92   0.50   0.50   0.50   0.50   0.50   0.50   0.50   0.50   0.50   0.50   0.52   0.32   0.69   0.20   0.07   0.04   0.50   0.66   0.50   0.55   0.86   0.50   0.95   0.11   0.67   0.50   0.50   0.50   0.92   0.26   0.88   0.50   0.50   0.50   0.50   0.50   0.50   0.95   0.07   
0.01   0.08   0.01   0.01   0.03   0.01   0.15   0.06   0.01   0.01   0.01   0.01   0.25   0.06   0.05   0.04   0.01   0.01   0.06   0.05   0.06   0.06   0.02   0.09   0.06   0.01   0.01   0.01   0.01   0.01   0.02   0.32   0.91   0.81   0.96   0.01   0.01   0.99   0.98   0.99   0.97   0.01   0.05   0.07   0.01   0.96   0.06   0.98   0.06   0.43   0.38   0.40   0.74   0.12   0.06   0.99   0.91   0.98   0.32   0.93   0.06   0.87   0.11   0.63   0.01   0.92   0.80   0.21   0.08   0.87   0.88   0.98   0.91   0.01   0.98   0.97   0.96   0.47   

5.00   5.00   5.00   5.00   5.00   5.00   5.00   5.00   5.00   5.00   5.00   5.00   5.00   5.00   5.00   5.00   5.00   5.00   5.00   5.00   5.00   5.00   5.00   5.00   5.00   5.00   5.00   5.00   5.00   5.00   5.00   5.00   5.00   5.00   5.00   5.00   5.00   5.00   5.00   5.00   5.00   5.00   5.00   5.00   5.00   5.00   5.00   5.00   5.00   5.00   5.00   5.00   5.00   5.00   5.00   5.00   5.00   5.00   5.00   5.00   5.00   5.00   5.00   5.00   5.00   5.00   5.00   5.00   5.00   5.00   5.00   5.00   5.00   5.00   5.00   5.00   5.00   5.00   
0.01   0.01   0.20   0.06   0.13   0.03   0.22   0.23   0.01   0.09   0.01   0.34   0.81   0.21   0.14   0.22   0.01   0.09   0.02   0.02   0.13   0.36   0.41   0.44   0.04   0.04   0.04   0.00   0.00   0.44   0.03   0.86   0.92   0.78   0.89   0.02   0.01   1.00   0.87   0.98   0.86   0.04   0.02   0.14   0.18   0.87   0.94   0.87   0.35   0.70   0.76   0.33   0.94   0.90   0.80   0.89   0.88   0.82   0.51   0.77   0.38   0.28   0.75   0.53   0.07   0.95   0.63   0.05   0.37   0.59   0.40   0.92   0.89   0.02   0.92   0.63   0.61   0.97   
0.01   0.01   0.20   0.06   0.13   0.03   0.22   0.23   0.01   0.09   0.01   0.34   0.81   0.21   0.14   0.22   0.01   0.09   0.02   0.02   0.13   0.36   0.41   0.44   0.04   0.04   0.04   0.00   0.00   0.44   0.03   0.86   0.92   0.78   0.89   0.02   0.01   1.00   0.87   0.98   0.86   0.04   0.02   0.14   0.18   0.87   0.94   0.87   0.35   0.70   0.76   0.33   0.94   0.90   0.80   0.89   0.88   0.82   0.51   0.77   0.38   0.28   0.75   0.53   0.07   0.95   0.63   0.05   0.37   0.59   0.40   0.92   0.89   0.02   0.92   0.63   0.61   0.97   
0.50   0.50   0.08   0.24   0.50   0.50   0.68   0.23   0.50   0.27   0.50   0.06   0.21   0.50   0.36   0.27   0.50   0.50   0.50   0.50   0.50   0.50   0.09   0.50   0.50   0.50   0.50   0.50   0.50   0.50   0.50   0.23   0.50   0.77   0.85   0.50   0.50   0.50   0.94   0.50   0.50   0.50   0.50   0.50   0.50   0.50   0.50   0.50   0.50   0.57   0.36   0.73   0.23   0.07   0.04   0.50   0.71   0.50   0.60   0.89   0.50   0.96   0.12   0.71   0.50   0.50   0.50   0.94   0.29   0.90   0.50   0.50   0.50   0.50   0.50   0.50   0.96   0.08   
0.01   0.09   0.01   0.02   0.04   0.01   0.25   0.05   0.01   0.03   0.01   0.01   0.36   0.07   0.09   0.06   0.01   0.01   0.07   0.06   0.07   0.07   0.04   0.11   0.07   0.01   0.01   0.01   0.01   0.01   0.02   0.58   0.92   0.89   0.98   0.01   0.01   0.99   0.99   0.99   0.97   0.01   0.06   0.08   0.01   0.97   0.06   0.98   0.06   0.70   0.67   0.43   0.86   0.19   0.10   0.99   0.95   0.99   0.46   0.96   0.06   0.93   0.18   0.75   0.01   0.94   0.84   0.70   0.14   0.93   0.90   0.98   0.93   0.01   0.98   0.98   0.98   0.83   

5.00   5.00   5.00   5.00   5.00   5.00   5.00   5.00   5.00   5.00   5.00   5.00   5.00   5.00   5.00   5.00   5.00   5.00   5.00   5.00   5.00   5.00   5.00   5.00   5.00   5.00   5.00   5.00   5.00   5.00   5.00   5.00   5.00   5.00   5.00   5.00   5.00   5.00   5.00   5.00   5.00   5.00   5.00   5.00   5.00   5.00   5.00   5.00   5.00   5.00   5.00   5.00   5.00   5.00   5.00   5.00   5.00   5.00   5.00   5.00   5.00   5.00   5.00   5.00   5.00   5.00   5.00   5.00   5.00   5.00   5.00   5.00   5.00   5.00   5.00   5.00   5.00   5.00   
0.01   0.01   0.20   0.06   0.13   0.03   0.22   0.23   0.01   0.09   0.01   0.34   0.81   0.21   0.14   0.22   0.01   0.09   0.02   0.02   0.13   0.36   0.41   0.44   0.04   0.04   0.04   0.00   0.00   0.44   0.03   0.86   0.92   0.78   0.89   0.02   0.01   1.00   0.87   0.98   0.86   0.04   0.02   0.14   0.18   0.87   0.94   0.87   0.35   0.70   0.76   0.33   0.94   0.90   0.80   0.89   0.88   0.82   0.51   0.77   0.38   0.28   0.75   0.53   0.07   0.95   0.63   0.05   0.37   0.59   0.40   0.92   0.89   0.02   0.92   0.63   0.61   0.97   
0.01   0.01   0.20   0.06   0.13   0.03   0.22   0.23   0.01   0.09   0.01   0.34   0.81   0.21   0.14   0.22   0.01   0.09   0.02   0.02   0.13   0.36   0.41   0.44   0.04   0.04   0.04   0.00   0.00   0.44   0.03   0.86   0.92   0.78   0.89   0.02   0.01   1.00   0.87   0.98   0.86   0.04   0.02   0.14   0.18   0.87   0.94   0.87   0.35   0.70   0.76   0.33   0.94   0.90   0.80   0.89   0.88   0.82   0.51   0.77   0.38   0.28   0.75   0.53   0.07   0.95   0.63   0.05   0.37   0.59   0.40   0.92   0.89   0.02   0.92   0.63   0.61   0.97   
0.50   0.50   0.50   0.20   0.50   0.50   0.76   0.19   0.50   0.26   0.50   0.07   0.22   0.50   0.38   0.27   0.50   0.50   0.50   0.50   0.50   0.50   0.09   0.50   0.50   0.50   0.50   0.50   0.50   0.50   0.50   0.22   0.50   0.79   0.92   0.50   0.50   0.50   0.97   0.50   0.50   0.50   0.50   0.50   0.50   0.50   0.50   0.50   0.50   0.58   0.36   0.75   0.24   0.06   0.04   0.50   0.76   0.50   0.64   0.95   0.50   0.98   0.12   0.77   0.50   0.50   0.50   0.96   0.19   0.95   0.50   0.50   0.50   0.50   0.50   0.50   0.97   0.05   
0.01   0.09   0.08   0.02   0.04   0.01   0.36   0.05   0.01   0.03   0.01   0.02   0.39   0.07   0.10   0.07   0.01   0.01   0.07   0.07   0.07   0.07   0.04   0.12   0.07   0.01   0.01   0.01   0.01   0.01   0.02   0.56   0.92   0.91   0.99   0.01   0.01   0.99   0.99   0.99   0.97   0.01   0.06   0.09   0.01   0.97   0.07   0.98   0.07   0.72   0.68   0.47   0.86   0.17   0.09   0.99   0.96   0.98   0.64   0.98   0.07   0.97   0.18   0.80   0.01   0.94   0.85   0.81   0.09   0.96   0.90   0.98   0.93   0.01   0.98   0.98   0.98   0.68   

0.00   0.00   0.00   0.00   0.00   0.00   0.00   0.00   0.00   0.00   0.00   0.00   0.00   0.00   0.00   0.00   0.00   0.00   0.00   0.00   0.00   0.00   0.00   0.00   0.00   0.00   0.00   0.00   0.00   0.00   0.00   0.00   1.00   1.00   1.00   0.00   0.00   1.00   1.00   1.00   1.00   0.00   0.00   0.00   0.00   1.00   1.00   1.00   1.00   1.00   1.00   1.00   1.00   1.00   1.00   1.00   1.00   1.00   1.00   1.00   1.00   1.00   1.00   1.00   0.00   1.00   1.00   1.00   1.00   1.00   1.00   1.00   1.00   1.00   1.00   1.00   1.00   1.00   