5.00   5.00   5.00   5.00   5.00   5.00   5.00   5.00   5.00   5.00   5.00   5.00   5.00   5.00   5.00   5.00   5.00   5.00   5.00   5.00   5.00   5.00   5.00   5.00   5.00   5.00   5.00   5.00   5.00   5.00   5.00   5.00   5.00   5.00   5.00   5.00   5.00   5.00   5.00   5.00   5.00   5.00   5.00   5.00   5.00   5.00   5.00   5.00   5.00   5.00   5.00   5.00   5.00   5.00   5.00   5.00   5.00   5.00   5.00   5.00   5.00   5.00   5.00   5.00   5.00   5.00   5.00   5.00   5.00   5.00   5.00   5.00   5.00   5.00   5.00   5.00   5.00   5.00   
0.02   0.38   0.38   0.38   0.02   0.38   0.02   0.38   0.02   0.76   0.96   0.38   0.38   0.96   0.02   0.38   0.38   0.96   0.38   0.38   0.38   0.76   0.96   0.02   0.02   0.02   0.02   0.02   0.76   0.76   0.96   0.02   0.02   0.02   0.96   0.02   0.96   0.02   0.02   0.02   0.96   0.76   0.96   0.96   0.38   0.38   0.38   0.38   0.96   0.02   0.96   0.38   0.96   0.38   0.96   0.96   0.96   0.96   0.96   0.38   0.38   0.38   0.96   0.02   0.38   0.38   0.38   0.96   0.38   0.96   0.76   0.96   0.02   0.38   0.96   0.38   0.76   0.96   
0.02   0.38   0.38   0.38   0.02   0.38   0.02   0.38   0.02   0.76   0.96   0.38   0.38   0.96   0.02   0.38   0.38   0.96   0.38   0.38   0.38   0.76   0.96   0.02   0.02   0.02   0.02   0.02   0.76   0.76   0.96   0.02   0.02   0.02   0.96   0.02   0.96   0.02   0.02   0.02   0.96   0.76   0.96   0.96   0.38   0.38   0.38   0.38   0.96   0.02   0.96   0.38   0.96   0.38   0.96   0.96   0.96   0.96   0.96   0.38   0.38   0.38   0.96   0.02   0.38   0.38   0.38   0.96   0.38   0.96   0.76   0.96   0.02   0.38   0.96   0.38   0.76   0.96   
0.07   0.17   0.38   0.11   0.28   0.48   0.21   0.06   0.64   0.04   0.64   0.25   0.08   0.38   0.47   0.06   0.27   0.34   0.12   0.09   0.16   0.06   0.33   0.15   0.08   0.16   0.14   0.34   0.42   0.76   0.73   0.04   0.62   0.04   0.89   0.78   0.48   0.10   0.27   0.04   0.78   0.91   0.61   0.62   0.43   0.30   0.71   0.58   0.28   0.02   0.58   0.49   0.09   0.48   0.12   0.53   0.22   0.61   0.58   0.55   0.72   0.44   0.34   0.44   0.68   0.93   0.65   0.54   0.43   0.90   0.74   0.73   0.37   0.79   0.54   0.46   0.33   0.18   
0.00   0.01   0.04   0.01   0.01   0.05   0.01   0.00   0.82   0.21   0.99   0.02   0.01   0.96   0.69   0.00   0.02   0.96   0.01   0.01   0.01   0.64   0.95   0.01   0.00   0.01   0.00   0.56   0.95   0.99   0.99   0.00   0.80   0.00   1.00   0.90   0.97   0.00   0.01   0.00   0.99   1.00   0.99   0.99   0.04   0.02   0.89   0.81   0.94   0.00   0.98   0.06   0.44   0.05   0.86   0.98   0.92   0.98   0.98   0.79   0.89   0.05   0.96   0.66   0.87   0.98   0.85   0.98   0.04   1.00   0.99   0.99   0.59   0.92   0.98   0.05   0.93   0.90   

5.00   5.00   5.00   5.00   5.00   5.00   5.00   5.00   5.00   5.00   5.00   5.00   5.00   5.00   5.00   5.00   5.00   5.00   5.00   5.00   5.00   5.00   5.00   5.00   5.00   5.00   5.00   5.00   5.00   5.00   5.00   5.00   5.00   5.00   5.00   5.00   5.00   5.00   5.00   5.00   5.00   5.00   5.00   5.00   5.00   5.00   5.00   5.00   5.00   5.00   5.00   5.00   5.00   5.00   5.00   5.00   5.00   5.00   5.00   5.00   5.00   5.00   5.00   5.00   5.00   5.00   5.00   5.00   5.00   5.00   5.00   5.00   5.00   5.00   5.00   5.00   5.00   5.00   
0.02   0.22   0.22   0.22   0.02   0.22   0.02   0.22   0.02   0.59   0.97   0.22   0.22   0.73   0.02   0.22   0.22   0.73   0.22   0.22   0.22   0.59   0.73   0.02   0.02   0.02   0.02   0.02   0.88   0.88   0.97   0.02   0.02   0.02   0.97   0.61   0.97   0.02   0.02   0.02   0.97   0.88   0.97   0.97   0.22   0.22   0.72   0.22   0.73   0.02   0.97   0.72   0.97   0.72   0.97   0.97   0.97   0.73   0.73   0.22   0.22   0.22   0.97   0.02   0.72   0.22   0.22   0.97   0.72   0.97   0.59   0.97   0.02   0.22   0.73   0.22   0.88   0.97   
0.02   0.22   0.22   0.22   0.02   0.22   0.02   0.22   0.02   0.59   0.97   0.22   0.22   0.73   0.02   0.22   0.22   0.73   0.22   0.22   0.22   0.59   0.73   0.02   0.02   0.02   0.02   0.02   0.88   0.88   0.97   0.02   0.02   0.02   0.97   0.61   0.97   0.02   0.02   0.02   0.97   0.88   0.97   0.97   0.22   0.22   0.72   0.22   0.73   0.02   0.97   0.72   0.97   0.72   0.97   0.97   0.97   0.73   0.73   0.22   0.22   0.22   0.97   0.02   0.72   0.22   0.22   0.97   0.72   0.97   0.59   0.97   0.02   0.22   0.73   0.22   0.88   0.97   
0.50   0.06   0.23   0.02   0.12   0.57   0.08   0.50   0.79   0.00   0.73   0.17   0.50   0.35   0.40   0.50   0.12   0.25   0.02   0.50   0.07   0.01   0.18   0.50   0.50   0.50   0.50   0.29   0.31   0.86   0.89   0.50   0.66   0.50   0.50   0.93   0.77   0.50   0.20   0.50   0.50   0.50   0.75   0.83   0.37   0.18   0.88   0.52   0.19   0.50   0.71   0.46   0.02   0.52   0.04   0.63   0.18   0.74   0.60   0.68   0.76   0.42   0.33   0.32   0.86   1.00   0.74   0.60   0.36   0.50   0.89   0.87   0.24   0.92   0.56   0.41   0.24   0.07   
0.72   0.00   0.01   0.00   0.01   0.05   0.00   0.04   0.86   0.00   0.99   0.01   0.04   0.77   0.53   0.04   0.01   0.43   0.00   0.04   0.00   0.01   0.34   0.72   0.72   0.72   0.72   0.02   0.96   1.00   1.00   0.72   0.77   0.72   0.98   0.99   0.99   0.72   0.01   0.72   0.98   0.98   0.99   1.00   0.02   0.01   0.98   0.04   0.36   0.72   0.99   0.88   0.18   0.91   0.33   0.99   0.92   0.95   0.90   0.08   0.84   0.03   0.96   0.02   0.98   1.00   0.83   0.99   0.83   0.98   0.98   1.00   0.01   0.95   0.89   0.03   0.94   0.45   

5.00   5.00   5.00   5.00   5.00   5.00   5.00   5.00   5.00   5.00   5.00   5.00   5.00   5.00   5.00   5.00   5.00   5.00   5.00   5.00   5.00   5.00   5.00   5.00   5.00   5.00   5.00   5.00   5.00   5.00   5.00   5.00   5.00   5.00   5.00   5.00   5.00   5.00   5.00   5.00   5.00   5.00   5.00   5.00   5.00   5.00   5.00   5.00   5.00   5.00   5.00   5.00   5.00   5.00   5.00   5.00   5.00   5.00   5.00   5.00   5.00   5.00   5.00   5.00   5.00   5.00   5.00   5.00   5.00   5.00   5.00   5.00   5.00   5.00   5.00   5.00   5.00   5.00   
0.07   0.06   0.38   0.38   0.07   0.38   0.07   0.38   0.07   0.71   0.97   0.38   0.38   0.69   0.07   0.38   0.38   0.80   0.38   0.38   0.38   0.71   0.80   0.07   0.01   0.01   0.01   0.01   0.91   0.91   0.97   0.07   0.07   0.01   0.89   0.59   0.89   0.01   0.01   0.07   0.97   0.91   0.97   0.97   0.38   0.38   0.79   0.06   0.80   0.07   0.97   0.79   0.97   0.79   0.97   0.97   0.97   0.80   0.80   0.38   0.38   0.38   0.97   0.01   0.79   0.38   0.38   0.97   0.79   0.97   0.71   0.97   0.07   0.38   0.80   0.06   0.91   0.97   
0.07   0.06   0.38   0.38   0.07   0.38   0.07   0.38   0.07   0.71   0.97   0.38   0.38   0.69   0.07   0.38   0.38   0.80   0.38   0.38   0.38   0.71   0.80   0.07   0.01   0.01   0.01   0.01   0.91   0.91   0.97   0.07   0.07   0.01   0.89   0.59   0.89   0.01   0.01   0.07   0.97   0.91   0.97   0.97   0.38   0.38   0.79   0.06   0.80   0.07   0.97   0.79   0.97   0.79   0.97   0.97   0.97   0.80   0.80   0.38   0.38   0.38   0.97   0.01   0.79   0.38   0.38   0.97   0.79   0.97   0.71   0.97   0.07   0.38   0.80   0.06   0.91   0.97   
0.50   0.50   0.16   0.50   0.50   0.65   0.50   0.50   0.84   0.50   0.73   0.11   0.50   0.29   0.28   0.50   0.50   0.34   0.50   0.50   0.50   0.00   0.10   0.50   0.50   0.50   0.50   0.09   0.34   0.50   0.50   0.50   0.65   0.50   0.50   0.97   0.50   0.50   0.23   0.50   0.50   0.50   0.50   0.50   0.27   0.19   0.89   0.41   0.31   0.50   0.65   0.55   0.05   0.75   0.04   0.64   0.28   0.88   0.61   0.67   0.86   0.29   0.23   0.27   0.76   0.50   0.77   0.69   0.49   0.50   0.91   0.50   0.25   0.93   0.61   0.56   0.29   0.11   
0.73   0.04   0.04   0.04   0.66   0.79   0.66   0.04   0.92   0.90   0.99   0.03   0.04   0.41   0.09   0.04   0.04   0.82   0.04   0.04   0.04   0.02   0.29   0.73   0.73   0.73   0.73   0.00   0.97   0.98   0.98   0.73   0.80   0.73   0.98   0.99   0.98   0.73   0.01   0.73   0.98   0.98   0.98   0.98   0.08   0.05   0.99   0.01   0.80   0.73   0.99   0.91   0.41   0.96   0.34   0.99   0.95   0.98   0.93   0.81   0.93   0.09   0.94   0.01   0.96   0.04   0.88   0.99   0.89   0.98   0.99   0.98   0.08   0.97   0.93   0.02   0.96   0.87   

5.00   5.00   5.00   5.00   5.00   5.00   5.00   5.00   5.00   5.00   5.00   5.00   5.00   5.00   5.00   5.00   5.00   5.00   5.00   5.00   5.00   5.00   5.00   5.00   5.00   5.00   5.00   5.00   5.00   5.00   5.00   5.00   5.00   5.00   5.00   5.00   5.00   5.00   5.00   5.00   5.00   5.00   5.00   5.00   5.00   5.00   5.00   5.00   5.00   5.00   5.00   5.00   5.00   5.00   5.00   5.00   5.00   5.00   5.00   5.00   5.00   5.00   5.00   5.00   5.00   5.00   5.00   5.00   5.00   5.00   5.00   5.00   5.00   5.00   5.00   5.00   5.00   5.00   
0.05   0.06   0.29   0.29   0.05   0.29   0.05   0.29   0.05   0.59   0.90   0.29   0.29   0.59   0.05   0.29   0.29   0.70   0.29   0.29   0.29   0.59   0.70   0.05   0.01   0.01   0.01   0.01   0.85   0.95   0.98   0.05   0.05   0.01   0.95   0.81   0.95   0.01   0.01   0.05   0.90   0.95   0.98   0.98   0.29   0.29   0.77   0.06   0.70   0.05   0.90   0.77   0.98   0.90   0.90   0.98   0.90   0.86   0.70   0.29   0.29   0.29   0.98   0.01   0.90   0.29   0.29   0.98   0.77   0.90   0.59   0.98   0.05   0.75   0.70   0.06   0.85   0.98   
0.05   0.06   0.29   0.29   0.05   0.29   0.05   0.29   0.05   0.59   0.90   0.29   0.29   0.59   0.05   0.29   0.29   0.70   0.29   0.29   0.29   0.59   0.70   0.05   0.01   0.01   0.01   0.01   0.85   0.95   0.98   0.05   0.05   0.01   0.95   0.81   0.95   0.01   0.01   0.05   0.90   0.95   0.98   0.98   0.29   0.29   0.77   0.06   0.70   0.05   0.90   0.77   0.98   0.90   0.90   0.98   0.90   0.86   0.70   0.29   0.29   0.29   0.98   0.01   0.90   0.29   0.29   0.98   0.77   0.90   0.59   0.98   0.05   0.75   0.70   0.06   0.85   0.98   
0.50   0.50   0.12   0.50   0.50   0.67   0.50   0.50   0.86   0.50   0.68   0.10   0.50   0.25   0.30   0.50   0.50   0.26   0.50   0.50   0.50   0.01   0.09   0.50   0.50   0.50   0.50   0.50   0.29   0.50   0.50   0.50   0.57   0.50   0.50   0.98   0.50   0.50   0.50   0.50   0.50   0.50   0.50   0.50   0.26   0.20   0.89   0.34   0.30   0.50   0.64   0.58   0.06   0.77   0.03   0.54   0.27   0.90   0.62   0.61   0.83   0.35   0.21   0.24   0.80   0.50   0.81   0.65   0.54   0.50   0.94   0.50   0.25   0.93   0.67   0.62   0.42   0.14   
0.75   0.04   0.02   0.04   0.61   0.75   0.61   0.04   0.90   0.83   0.97   0.02   0.04   0.11   0.06   0.04   0.04   0.31   0.04   0.04   0.04   0.01   0.11   0.75   0.75   0.75   0.75   0.01   0.88   0.98   0.98   0.75   0.68   0.75   0.98   1.00   0.98   0.75   0.01   0.75   0.98   0.98   0.98   0.98   0.05   0.03   0.98   0.01   0.36   0.75   0.97   0.92   0.86   0.99   0.18   0.99   0.87   0.99   0.87   0.18   0.88   0.07   0.96   0.00   0.99   0.04   0.86   0.99   0.90   0.98   0.99   0.98   0.05   0.99   0.90   0.02   0.93   0.94   

5.00   5.00   5.00   5.00   5.00   5.00   5.00   5.00   5.00   5.00   5.00   5.00   5.00   5.00   5.00   5.00   5.00   5.00   5.00   5.00   5.00   5.00   5.00   5.00   5.00   5.00   5.00   5.00   5.00   5.00   5.00   5.00   5.00   5.00   5.00   5.00   5.00   5.00   5.00   5.00   5.00   5.00   5.00   5.00   5.00   5.00   5.00   5.00   5.00   5.00   5.00   5.00   5.00   5.00   5.00   5.00   5.00   5.00   5.00   5.00   5.00   5.00   5.00   5.00   5.00   5.00   5.00   5.00   5.00   5.00   5.00   5.00   5.00   5.00   5.00   5.00   5.00   5.00   
0.04   0.05   0.20   0.20   0.04   0.20   0.04   0.20   0.04   0.48   0.86   0.20   0.20   0.49   0.04   0.20   0.20   0.60   0.20   0.20   0.20   0.48   0.60   0.04   0.01   0.01   0.01   0.01   0.80   0.93   0.98   0.04   0.04   0.01   0.96   0.75   0.94   0.05   0.01   0.04   0.90   0.93   0.98   0.99   0.20   0.20   0.75   0.05   0.60   0.04   0.86   0.70   0.98   0.87   0.86   0.98   0.86   0.82   0.60   0.20   0.20   0.20   0.98   0.01   0.87   0.20   0.20   0.98   0.70   0.86   0.48   0.98   0.04   0.67   0.60   0.05   0.80   0.98   
0.04   0.05   0.20   0.20   0.04   0.20   0.04   0.20   0.04   0.48   0.86   0.20   0.20   0.49   0.04   0.20   0.20   0.60   0.20   0.20   0.20   0.48   0.60   0.04   0.01   0.01   0.01   0.01   0.80   0.93   0.98   0.04   0.04   0.01   0.96   0.75   0.94   0.05   0.01   0.04   0.90   0.93   0.98   0.99   0.20   0.20   0.75   0.05   0.60   0.04   0.86   0.70   0.98   0.87   0.86   0.98   0.86   0.82   0.60   0.20   0.20   0.20   0.98   0.01   0.87   0.20   0.20   0.98   0.70   0.86   0.48   0.98   0.04   0.67   0.60   0.05   0.80   0.98   
0.50   0.50   0.06   0.50   0.50   0.70   0.50   0.50   0.82   0.50   0.71   0.11   0.50   0.25   0.22   0.50   0.50   0.44   0.50   0.50   0.50   0.01   0.09   0.50   0.50   0.50   0.50   0.50   0.37   0.50   0.50   0.50   0.59   0.50   0.50   0.50   0.50   0.50   0.50   0.50   0.50   0.50   0.50   0.50   0.21   0.19   0.88   0.50   0.24   0.50   0.65   0.53   0.04   0.73   0.03   0.54   0.44   0.92   0.70   0.39   0.83   0.25   0.31   0.50   0.84   0.50   0.82   0.50   0.44   0.50   0.96   0.50   0.18   0.94   0.65   0.64   0.49   0.12   
0.78   0.04   0.01   0.04   0.64   0.21   0.64   0.04   0.89   0.84   0.98   0.01   0.04   0.10   0.03   0.04   0.04   0.49   0.04   0.04   0.04   0.01   0.11   0.78   0.78   0.78   0.78   0.01   0.92   0.98   0.98   0.78   0.71   0.78   0.98   0.91   0.98   0.78   0.01   0.78   0.98   0.98   0.98   0.98   0.03   0.03   0.99   0.01   0.28   0.78   0.97   0.91   0.48   0.99   0.17   0.99   0.94   0.99   0.91   0.07   0.89   0.04   0.98   0.01   0.99   0.04   0.88   0.99   0.88   0.98   0.99   0.98   0.03   0.99   0.89   0.02   0.95   0.93   

5.00   5.00   5.00   5.00   5.00   5.00   5.00   5.00   5.00   5.00   5.00   5.00   5.00   5.00   5.00   5.00   5.00   5.00   5.00   5.00   5.00   5.00   5.00   5.00   5.00   5.00   5.00   5.00   5.00   5.00   5.00   5.00   5.00   5.00   5.00   5.00   5.00   5.00   5.00   5.00   5.00   5.00   5.00   5.00   5.00   5.00   5.00   5.00   5.00   5.00   5.00   5.00   5.00   5.00   5.00   5.00   5.00   5.00   5.00   5.00   5.00   5.00   5.00   5.00   5.00   5.00   5.00   5.00   5.00   5.00   5.00   5.00   5.00   5.00   5.00   5.00   5.00   5.00   
0.03   0.04   0.09   0.09   0.38   0.49   0.03   0.09   0.03   0.22   0.90   0.09   0.09   0.62   0.03   0.09   0.09   0.69   0.09   0.09   0.09   0.61   0.31   0.03   0.01   0.01   0.01   0.01   0.86   0.96   0.98   0.03   0.03   0.01   0.98   0.88   0.97   0.05   0.29   0.03   0.92   0.96   0.98   0.99   0.49   0.09   0.85   0.04   0.31   0.03   0.65   0.81   0.98   0.94   0.90   0.98   0.90   0.88   0.69   0.49   0.49   0.49   0.98   0.01   0.94   0.49   0.49   0.98   0.81   0.90   0.61   0.98   0.03   0.81   0.69   0.04   0.86   0.98   
0.03   0.04   0.09   0.09   0.38   0.49   0.03   0.09   0.03   0.22   0.90   0.09   0.09   0.62   0.03   0.09   0.09   0.69   0.09   0.09   0.09   0.61   0.31   0.03   0.01   0.01   0.01   0.01   0.86   0.96   0.98   0.03   0.03   0.01   0.98   0.88   0.97   0.05   0.29   0.03   0.92   0.96   0.98   0.99   0.49   0.09   0.85   0.04   0.31   0.03   0.65   0.81   0.98   0.94   0.90   0.98   0.90   0.88   0.69   0.49   0.49   0.49   0.98   0.01   0.94   0.49   0.49   0.98   0.81   0.90   0.61   0.98   0.03   0.81   0.69   0.04   0.86   0.98   
0.50   0.50   0.05   0.50   0.50   0.65   0.50   0.50   0.78   0.50   0.65   0.09   0.50   0.21   0.19   0.50   0.50   0.39   0.50   0.50   0.50   0.01   0.08   0.50   0.50   0.50   0.50   0.50   0.33   0.50   0.50   0.50   0.53   0.50   0.50   0.50   0.50   0.50   0.50   0.50   0.50   0.50   0.50   0.50   0.18   0.16   0.85   0.50   0.21   0.50   0.59   0.47   0.04   0.67   0.02   0.49   0.38   0.89   0.64   0.35   0.79   0.22   0.27   0.50   0.80   0.50   0.78   0.50   0.39   0.50   0.95   0.50   0.15   0.92   0.59   0.58   0.44   0.11   
0.75   0.04   0.00   0.04   0.59   0.78   0.59   0.04   0.60   0.81   0.97   0.01   0.04   0.15   0.01   0.04   0.04   0.48   0.04   0.04   0.04   0.01   0.03   0.75   0.75   0.75   0.75   0.01   0.88   0.98   0.98   0.75   0.06   0.75   0.98   0.91   0.98   0.75   0.01   0.75   0.98   0.98   0.98   0.98   0.10   0.01   0.99   0.01   0.09   0.75   0.86   0.87   0.42   0.98   0.13   0.99   0.91   0.99   0.88   0.21   0.88   0.13   0.97   0.01   0.99   0.04   0.87   0.99   0.83   0.98   0.99   0.98   0.01   0.99   0.85   0.01   0.92   0.91   

5.00   5.00   5.00   5.00   5.00   5.00   5.00   5.00   5.00   5.00   5.00   5.00   5.00   5.00   5.00   5.00   5.00   5.00   5.00   5.00   5.00   5.00   5.00   5.00   5.00   5.00   5.00   5.00   5.00   5.00   5.00   5.00   5.00   5.00   5.00   5.00   5.00   5.00   5.00   5.00   5.00   5.00   5.00   5.00   5.00   5.00   5.00   5.00   5.00   5.00   5.00   5.00   5.00   5.00   5.00   5.00   5.00   5.00   5.00   5.00   5.00   5.00   5.00   5.00   5.00   5.00   5.00   5.00   5.00   5.00   5.00   5.00   5.00   5.00   5.00   5.00   5.00   5.00   
0.03   0.04   0.09   0.09   0.38   0.49   0.03   0.09   0.03   0.22   0.90   0.09   0.09   0.62   0.03   0.09   0.09   0.69   0.09   0.09   0.09   0.61   0.30   0.03   0.01   0.01   0.01   0.01   0.86   0.96   0.98   0.03   0.03   0.01   0.98   0.88   0.97   0.04   0.28   0.03   0.92   0.96   0.98   0.99   0.48   0.09   0.85   0.04   0.30   0.03   0.64   0.80   0.98   0.93   0.90   0.98   0.90   0.88   0.69   0.48   0.48   0.49   0.98   0.01   0.93   0.48   0.48   0.98   0.80   0.90   0.61   0.98   0.03   0.81   0.69   0.04   0.86   0.98   
0.03   0.04   0.09   0.09   0.38   0.49   0.03   0.09   0.03   0.22   0.90   0.09   0.09   0.62   0.03   0.09   0.09   0.69   0.09   0.09   0.09   0.61   0.30   0.03   0.01   0.01   0.01   0.01   0.86   0.96   0.98   0.03   0.03   0.01   0.98   0.88   0.97   0.04   0.28   0.03   0.92   0.96   0.98   0.99   0.48   0.09   0.85   0.04   0.30   0.03   0.64   0.80   0.98   0.93   0.90   0.98   0.90   0.88   0.69   0.48   0.48   0.49   0.98   0.01   0.93   0.48   0.48   0.98   0.80   0.90   0.61   0.98   0.03   0.81   0.69   0.04   0.86   0.98   
0.50   0.50   0.50   0.50   0.50   0.70   0.50   0.50   0.82   0.50   0.67   0.50   0.50   0.20   0.14   0.50   0.50   0.39   0.50   0.50   0.50   0.00   0.07   0.50   0.50   0.50   0.50   0.50   0.33   0.50   0.50   0.50   0.54   0.50   0.50   0.50   0.50   0.50   0.50   0.50   0.50   0.50   0.50   0.50   0.16   0.16   0.84   0.50   0.19   0.50   0.61   0.51   0.04   0.71   0.02   0.52   0.40   0.91   0.65   0.27   0.82   0.20   0.24   0.50   0.83   0.50   0.81   0.50   0.41   0.50   0.96   0.50   0.16   0.93   0.65   0.64   0.43   0.09   
0.73   0.05   0.08   0.05   0.61   0.87   0.61   0.79   0.74   0.85   0.98   0.08   0.79   0.23   0.01   0.79   0.05   0.78   0.05   0.79   0.05   0.01   0.04   0.73   0.73   0.73   0.73   0.01   0.90   0.98   0.99   0.73   0.09   0.73   0.98   0.93   0.99   0.73   0.01   0.73   0.98   0.97   0.99   0.99   0.11   0.01   0.99   0.01   0.12   0.73   0.91   0.91   0.84   0.98   0.15   0.99   0.94   0.99   0.91   0.19   0.92   0.17   0.98   0.01   0.99   0.05   0.91   0.99   0.87   0.98   0.99   0.99   0.01   0.99   0.92   0.02   0.93   0.93   

5.00   5.00   5.00   5.00   5.00   5.00   5.00   5.00   5.00   5.00   5.00   5.00   5.00   5.00   5.00   5.00   5.00   5.00   5.00   5.00   5.00   5.00   5.00   5.00   5.00   5.00   5.00   5.00   5.00   5.00   5.00   5.00   5.00   5.00   5.00   5.00   5.00   5.00   5.00   5.00   5.00   5.00   5.00   5.00   5.00   5.00   5.00   5.00   5.00   5.00   5.00   5.00   5.00   5.00   5.00   5.00   5.00   5.00   5.00   5.00   5.00   5.00   5.00   5.00   5.00   5.00   5.00   5.00   5.00   5.00   5.00   5.00   5.00   5.00   5.00   5.00   5.00   5.00   
0.02   0.07   0.07   0.07   0.44   0.54   0.02   0.07   0.02   0.20   0.91   0.07   0.07   0.66   0.02   0.07   0.07   0.71   0.07   0.07   0.13   0.65   0.33   0.06   0.01   0.01   0.01   0.01   0.84   0.96   0.99   0.06   0.06   0.02   0.99   0.89   0.97   0.08   0.34   0.02   0.93   0.96   0.99   0.99   0.52   0.07   0.84   0.03   0.27   0.06   0.62   0.79   0.98   0.94   0.91   0.99   0.91   0.87   0.71   0.52   0.52   0.54   0.99   0.02   0.94   0.52   0.45   0.99   0.79   0.88   0.59   0.99   0.02   0.80   0.67   0.03   0.84   0.98   
0.02   0.07   0.07   0.07   0.44   0.54   0.02   0.07   0.02   0.20   0.91   0.07   0.07   0.66   0.02   0.07   0.07   0.71   0.07   0.07   0.13   0.65   0.33   0.06   0.01   0.01   0.01   0.01   0.84   0.96   0.99   0.06   0.06   0.02   0.99   0.89   0.97   0.08   0.34   0.02   0.93   0.96   0.99   0.99   0.52   0.07   0.84   0.03   0.27   0.06   0.62   0.79   0.98   0.94   0.91   0.99   0.91   0.87   0.71   0.52   0.52   0.54   0.99   0.02   0.94   0.52   0.45   0.99   0.79   0.88   0.59   0.99   0.02   0.80   0.67   0.03   0.84   0.98   
0.50   0.50   0.50   0.50   0.50   0.58   0.50   0.50   0.70   0.50   0.55   0.50   0.50   0.19   0.14   0.50   0.50   0.30   0.50   0.50   0.50   0.01   0.09   0.50   0.50   0.50   0.50   0.50   0.30   0.50   0.50   0.50   0.43   0.50   0.50   0.50   0.50   0.50   0.50   0.50   0.50   0.50   0.50   0.50   0.16   0.14   0.78   0.50   0.22   0.50   0.58   0.43   0.07   0.60   0.03   0.49   0.43   0.50   0.57   0.25   0.80   0.22   0.25   0.50   0.75   0.50   0.70   0.50   0.42   0.50   0.92   0.50   0.16   0.87   0.55   0.51   0.50   0.10   
0.70   0.05   0.06   0.05   0.54   0.75   0.54   0.76   0.12   0.80   0.96   0.06   0.76   0.18   0.01   0.76   0.05   0.40   0.05   0.76   0.05   0.01   0.04   0.70   0.70   0.70   0.70   0.01   0.82   0.98   0.98   0.70   0.07   0.70   0.98   0.90   0.98   0.70   0.01   0.70   0.98   0.97   0.98   0.98   0.10   0.01   0.97   0.01   0.08   0.70   0.82   0.81   0.74   0.97   0.16   0.99   0.93   0.91   0.84   0.16   0.88   0.17   0.97   0.01   0.98   0.05   0.48   0.99   0.80   0.98   0.97   0.98   0.01   0.97   0.82   0.01   0.91   0.87   

5.00   5.00   5.00   5.00   5.00   5.00   5.00   5.00   5.00   5.00   5.00   5.00   5.00   5.00   5.00   5.00   5.00   5.00   5.00   5.00   5.00   5.00   5.00   5.00   5.00   5.00   5.00   5.00   5.00   5.00   5.00   5.00   5.00   5.00   5.00   5.00   5.00   5.00   5.00   5.00   5.00   5.00   5.00   5.00   5.00   5.00   5.00   5.00   5.00   5.00   5.00   5.00   5.00   5.00   5.00   5.00   5.00   5.00   5.00   5.00   5.00   5.00   5.00   5.00   5.00   5.00   5.00   5.00   5.00   5.00   5.00   5.00   5.00   5.00   5.00   5.00   5.00   5.00   
0.02   0.28   0.06   0.06   0.28   0.63   0.02   0.06   0.02   0.36   0.76   0.06   0.06   0.48   0.02   0.06   0.06   0.76   0.06   0.06   0.09   0.70   0.25   0.04   0.01   0.01   0.01   0.01   0.68   0.96   0.99   0.04   0.04   0.02   0.99   0.91   0.98   0.07   0.24   0.02   0.93   0.96   0.99   0.99   0.36   0.06   0.85   0.24   0.44   0.04   0.69   0.82   0.98   0.95   0.91   0.99   0.91   0.89   0.76   0.63   0.63   0.63   0.99   0.02   0.95   0.63   0.58   0.99   0.82   0.90   0.40   0.99   0.02   0.83   0.73   0.24   0.86   0.98   
0.02   0.28   0.06   0.06   0.28   0.63   0.02   0.06   0.02   0.36   0.76   0.06   0.06   0.48   0.02   0.06   0.06   0.76   0.06   0.06   0.09   0.70   0.25   0.04   0.01   0.01   0.01   0.01   0.68   0.96   0.99   0.04   0.04   0.02   0.99   0.91   0.98   0.07   0.24   0.02   0.93   0.96   0.99   0.99   0.36   0.06   0.85   0.24   0.44   0.04   0.69   0.82   0.98   0.95   0.91   0.99   0.91   0.89   0.76   0.63   0.63   0.63   0.99   0.02   0.95   0.63   0.58   0.99   0.82   0.90   0.40   0.99   0.02   0.83   0.73   0.24   0.86   0.98   
0.50   0.50   0.50   0.50   0.50   0.72   0.50   0.50   0.84   0.50   0.69   0.50   0.50   0.22   0.15   0.50   0.50   0.38   0.50   0.50   0.50   0.00   0.08   0.50   0.50   0.50   0.50   0.50   0.38   0.50   0.50   0.50   0.55   0.50   0.50   0.50   0.50   0.50   0.50   0.50   0.50   0.50   0.50   0.50   0.19   0.15   0.90   0.50   0.27   0.50   0.72   0.55   0.06   0.74   0.02   0.63   0.55   0.50   0.72   0.31   0.91   0.27   0.31   0.50   0.87   0.50   0.83   0.50   0.54   0.50   0.97   0.50   0.18   0.95   0.69   0.64   0.63   0.10   
0.69   0.05   0.08   0.05   0.57   0.90   0.57   0.79   0.60   0.83   0.96   0.08   0.79   0.18   0.01   0.79   0.05   0.79   0.05   0.79   0.05   0.01   0.03   0.69   0.69   0.69   0.69   0.01   0.81   0.98   0.99   0.69   0.08   0.69   0.98   0.92   0.99   0.69   0.01   0.69   0.98   0.97   0.99   0.99   0.09   0.01   0.99   0.02   0.20   0.69   0.93   0.91   0.82   0.99   0.16   0.99   0.96   0.93   0.94   0.33   0.97   0.32   0.98   0.01   0.99   0.05   0.93   0.99   0.91   0.98   0.99   0.99   0.01   0.99   0.93   0.14   0.96   0.90   

5.00   5.00   5.00   5.00   5.00   5.00   5.00   5.00   5.00   5.00   5.00   5.00   5.00   5.00   5.00   5.00   5.00   5.00   5.00   5.00   5.00   5.00   5.00   5.00   5.00   5.00   5.00   5.00   5.00   5.00   5.00   5.00   5.00   5.00   5.00   5.00   5.00   5.00   5.00   5.00   5.00   5.00   5.00   5.00   5.00   5.00   5.00   5.00   5.00   5.00   5.00   5.00   5.00   5.00   5.00   5.00   5.00   5.00   5.00   5.00   5.00   5.00   5.00   5.00   5.00   5.00   5.00   5.00   5.00   5.00   5.00   5.00   5.00   5.00   5.00   5.00   5.00   5.00   
0.02   0.27   0.06   0.06   0.26   0.57   0.02   0.06   0.02   0.37   0.74   0.06   0.06   0.62   0.02   0.06   0.06   0.82   0.06   0.06   0.09   0.78   0.26   0.04   0.01   0.01   0.01   0.01   0.76   0.97   0.99   0.04   0.04   0.02   0.99   0.87   0.98   0.06   0.22   0.02   0.94   0.97   0.99   0.96   0.52   0.06   0.88   0.41   0.44   0.04   0.78   0.86   0.98   0.95   0.87   0.99   0.93   0.91   0.72   0.57   0.57   0.57   0.95   0.02   0.91   0.57   0.53   0.99   0.77   0.92   0.56   0.99   0.02   0.86   0.80   0.41   0.89   0.98   
0.02   0.27   0.06   0.06   0.26   0.57   0.02   0.06   0.02   0.37   0.74   0.06   0.06   0.62   0.02   0.06   0.06   0.82   0.06   0.06   0.09   0.78   0.26   0.04   0.01   0.01   0.01   0.01   0.76   0.97   0.99   0.04   0.04   0.02   0.99   0.87   0.98   0.06   0.22   0.02   0.94   0.97   0.99   0.96   0.52   0.06   0.88   0.41   0.44   0.04   0.78   0.86   0.98   0.95   0.87   0.99   0.93   0.91   0.72   0.57   0.57   0.57   0.95   0.02   0.91   0.57   0.53   0.99   0.77   0.92   0.56   0.99   0.02   0.86   0.80   0.41   0.89   0.98   
0.50   0.50   0.50   0.50   0.50   0.77   0.50   0.50   0.78   0.50   0.82   0.50   0.50   0.27   0.21   0.50   0.50   0.41   0.50   0.50   0.50   0.00   0.08   0.50   0.50   0.50   0.50   0.50   0.37   0.50   0.50   0.50   0.64   0.50   0.50   0.50   0.50   0.50   0.50   0.50   0.50   0.50   0.50   0.50   0.19   0.18   0.94   0.50   0.20   0.50   0.87   0.75   0.05   0.67   0.01   0.50   0.56   0.50   0.76   0.54   0.95   0.46   0.30   0.50   0.50   0.50   0.89   0.50   0.43   0.50   0.98   0.50   0.11   0.50   0.77   0.81   0.67   0.06   
0.71   0.06   0.08   0.06   0.61   0.92   0.61   0.81   0.10   0.86   0.98   0.08   0.81   0.38   0.01   0.81   0.06   0.88   0.06   0.81   0.06   0.01   0.04   0.71   0.71   0.71   0.71   0.01   0.86   0.98   0.99   0.71   0.09   0.71   0.98   0.95   0.99   0.71   0.01   0.71   0.98   0.97   0.99   0.99   0.19   0.01   1.00   0.02   0.19   0.71   0.98   0.98   0.87   0.99   0.11   0.99   0.98   0.95   0.95   0.79   0.99   0.75   0.96   0.01   0.97   0.06   0.96   0.99   0.87   0.98   1.00   0.99   0.00   0.92   0.97   0.83   0.98   0.89   

5.00   5.00   5.00   5.00   5.00   5.00   5.00   5.00   5.00   5.00   5.00   5.00   5.00   5.00   5.00   5.00   5.00   5.00   5.00   5.00   5.00   5.00   5.00   5.00   5.00   5.00   5.00   5.00   5.00   5.00   5.00   5.00   5.00   5.00   5.00   5.00   5.00   5.00   5.00   5.00   5.00   5.00   5.00   5.00   5.00   5.00   5.00   5.00   5.00   5.00   5.00   5.00   5.00   5.00   5.00   5.00   5.00   5.00   5.00   5.00   5.00   5.00   5.00   5.00   5.00   5.00   5.00   5.00   5.00   5.00   5.00   5.00   5.00   5.00   5.00   5.00   5.00   5.00   
0.02   0.26   0.05   0.05   0.23   0.55   0.02   0.05   0.02   0.36   0.71   0.05   0.05   0.59   0.02   0.05   0.05   0.80   0.05   0.05   0.08   0.82   0.24   0.03   0.01   0.01   0.01   0.01   0.74   0.98   0.99   0.03   0.03   0.02   1.00   0.90   0.97   0.07   0.19   0.02   0.93   0.96   0.98   0.97   0.48   0.05   0.91   0.40   0.57   0.03   0.83   0.84   0.97   0.97   0.85   0.98   0.91   0.90   0.69   0.55   0.55   0.55   0.94   0.02   0.90   0.55   0.50   0.98   0.75   0.90   0.53   0.98   0.02   0.84   0.77   0.40   0.87   0.97   
0.02   0.26   0.05   0.05   0.23   0.55   0.02   0.05   0.02   0.36   0.71   0.05   0.05   0.59   0.02   0.05   0.05   0.80   0.05   0.05   0.08   0.82   0.24   0.03   0.01   0.01   0.01   0.01   0.74   0.98   0.99   0.03   0.03   0.02   1.00   0.90   0.97   0.07   0.19   0.02   0.93   0.96   0.98   0.97   0.48   0.05   0.91   0.40   0.57   0.03   0.83   0.84   0.97   0.97   0.85   0.98   0.91   0.90   0.69   0.55   0.55   0.55   0.94   0.02   0.90   0.55   0.50   0.98   0.75   0.90   0.53   0.98   0.02   0.84   0.77   0.40   0.87   0.97   
0.50   0.50   0.50   0.50   0.50   0.85   0.50   0.50   0.74   0.50   0.86   0.50   0.50   0.28   0.18   0.50   0.50   0.54   0.50   0.50   0.50   0.00   0.06   0.50   0.50   0.50   0.50   0.50   0.32   0.50   0.50   0.50   0.66   0.50   0.50   0.50   0.50   0.50   0.50   0.50   0.50   0.50   0.50   0.50   0.21   0.17   0.50   0.50   0.27   0.50   0.90   0.80   0.04   0.64   0.01   0.50   0.69   0.50   0.80   0.61   0.95   0.46   0.35   0.50   0.50   0.50   0.89   0.50   0.30   0.50   0.50   0.50   0.50   0.50   0.76   0.84   0.68   0.06   
0.66   0.07   0.08   0.07   0.02   0.94   0.02   0.80   0.07   0.83   0.98   0.08   0.80   0.34   0.01   0.80   0.07   0.90   0.07   0.80   0.07   0.01   0.03   0.66   0.66   0.66   0.66   0.01   0.78   0.97   0.99   0.66   0.08   0.66   0.98   0.93   0.99   0.66   0.01   0.66   0.98   0.96   0.99   0.99   0.19   0.01   0.95   0.02   0.30   0.66   0.99   0.98   0.71   0.99   0.07   0.99   0.98   0.94   0.95   0.81   0.98   0.48   0.95   0.01   0.97   0.07   0.95   0.99   0.74   0.98   0.76   0.99   0.03   0.90   0.96   0.85   0.97   0.84   

0.44   0.28   0.31   0.43   0.36   0.54   0.43   0.44   0.54   0.35   0.44   0.48   0.37   0.43   0.47   0.47   0.45   0.38   0.34   0.28   0.46   0.42   0.40   0.35   0.50   0.50   0.50   0.36   0.41   0.45   0.50   0.37   0.49   0.37   0.50   0.52   0.47   0.24   0.44   0.38   0.39   0.51   0.39   0.52   0.42   0.52   0.48   0.37   0.46   0.41   0.37   0.49   0.48   0.45   0.42   0.42   0.38   0.42   0.42   0.35   0.37   0.41   0.41   0.39   0.46   0.60   0.52   0.38   0.47   0.53   0.51   0.51   0.49   0.53   0.46   0.46   0.42   0.47   
0.01   0.06   0.01   0.02   0.08   0.35   0.01   0.02   0.02   0.11   0.38   0.03   0.02   0.28   0.01   0.03   0.03   0.41   0.02   0.01   0.04   0.63   0.08   0.02   0.01   0.01   0.01   0.00   0.37   0.96   0.99   0.02   0.03   0.01   0.99   0.88   0.96   0.02   0.10   0.01   0.76   0.94   0.85   0.96   0.20   0.03   0.88   0.13   0.27   0.02   0.42   0.81   0.96   0.94   0.65   0.96   0.83   0.72   0.34   0.36   0.21   0.24   0.89   0.01   0.85   0.40   0.30   0.85   0.43   0.79   0.29   0.97   0.01   0.84   0.74   0.18   0.80   0.87   
0.01   0.22   0.04   0.04   0.20   0.50   0.01   0.04   0.01   0.29   0.64   0.04   0.04   0.51   0.01   0.04   0.04   0.74   0.04   0.04   0.06   0.77   0.18   0.03   0.01   0.01   0.01   0.01   0.66   0.98   0.99   0.03   0.03   0.02   1.00   0.93   0.98   0.06   0.17   0.01   0.89   0.96   0.94   0.98   0.41   0.04   0.93   0.34   0.50   0.03   0.77   0.89   0.98   0.97   0.80   0.98   0.93   0.86   0.63   0.73   0.50   0.50   0.96   0.02   0.93   0.50   0.46   0.94   0.70   0.85   0.45   0.98   0.01   0.89   0.84   0.34   0.91   0.93   
0.50   0.50   0.50   0.50   0.50   0.85   0.50   0.50   0.76   0.50   0.85   0.50   0.50   0.29   0.50   0.50   0.50   0.53   0.50   0.50   0.50   0.00   0.06   0.50   0.50   0.50   0.50   0.50   0.25   0.50   0.50   0.50   0.66   0.50   0.50   0.50   0.50   0.50   0.50   0.50   0.50   0.50   0.50   0.50   0.16   0.17   0.50   0.50   0.30   0.50   0.92   0.79   0.04   0.58   0.01   0.50   0.73   0.50   0.73   0.53   0.95   0.47   0.33   0.50   0.50   0.50   0.88   0.50   0.31   0.50   0.50   0.50   0.50   0.50   0.76   0.80   0.71   0.07   
0.73   0.06   0.06   0.06   0.57   0.93   0.57   0.84   0.07   0.84   0.96   0.06   0.84   0.24   0.02   0.84   0.06   0.86   0.06   0.84   0.06   0.01   0.01   0.73   0.73   0.73   0.73   0.01   0.43   0.98   0.99   0.73   0.07   0.73   0.99   0.94   0.99   0.73   0.01   0.73   0.99   0.97   0.99   0.99   0.10   0.01   0.95   0.02   0.21   0.73   0.98   0.98   0.84   0.99   0.03   0.99   0.99   0.95   0.91   0.87   0.98   0.43   0.97   0.01   0.98   0.06   0.93   0.99   0.49   0.99   0.71   0.99   0.02   0.91   0.97   0.48   0.98   0.50   

0.53   0.04   0.12   0.47   0.21   0.84   0.49   0.55   0.84   0.15   0.52   0.66   0.22   0.46   0.63   0.63   0.58   0.24   0.19   0.07   0.51   0.44   0.40   0.23   0.50   0.50   0.50   0.50   0.40   0.57   0.50   0.28   0.69   0.23   0.50   0.80   0.61   0.03   0.53   0.32   0.28   0.74   0.31   0.79   0.46   0.80   0.65   0.26   0.57   0.40   0.19   0.71   0.71   0.58   0.44   0.36   0.21   0.43   0.42   0.17   0.24   0.38   0.33   0.32   0.55   0.93   0.82   0.25   0.59   0.80   0.72   0.77   0.69   0.83   0.60   0.59   0.41   0.63   
0.01   0.01   0.00   0.02   0.03   0.82   0.01   0.03   0.06   0.03   0.69   0.05   0.01   0.29   0.02   0.04   0.04   0.27   0.01   0.00   0.04   0.65   0.07   0.01   0.01   0.01   0.01   0.01   0.37   0.96   0.99   0.01   0.05   0.00   0.99   0.98   0.97   0.00   0.12   0.01   0.75   0.99   0.80   0.99   0.22   0.10   0.96   0.13   0.49   0.01   0.25   0.95   0.99   0.98   0.77   0.97   0.79   0.82   0.45   0.28   0.13   0.33   0.92   0.01   0.95   0.95   0.79   0.83   0.80   0.94   0.74   0.99   0.02   0.98   0.90   0.38   0.88   0.96   
0.01   0.21   0.04   0.04   0.18   0.46   0.01   0.04   0.01   0.28   0.71   0.04   0.04   0.48   0.01   0.04   0.04   0.70   0.04   0.04   0.06   0.74   0.17   0.03   0.01   0.01   0.01   0.01   0.64   0.96   0.99   0.03   0.03   0.02   1.00   0.94   0.95   0.05   0.15   0.01   0.90   0.97   0.91   0.96   0.39   0.04   0.94   0.48   0.61   0.03   0.75   0.91   0.98   0.98   0.83   0.98   0.94   0.88   0.70   0.79   0.46   0.61   0.96   0.02   0.94   0.61   0.42   0.94   0.76   0.81   0.55   0.98   0.01   0.91   0.87   0.48   0.92   0.94   
0.50   0.50   0.50   0.50   0.50   0.87   0.50   0.50   0.78   0.50   0.87   0.50   0.50   0.31   0.50   0.50   0.50   0.56   0.50   0.50   0.50   0.00   0.06   0.50   0.50   0.50   0.50   0.50   0.27   0.50   0.50   0.50   0.69   0.50   0.50   0.50   0.50   0.50   0.50   0.50   0.50   0.50   0.50   0.50   0.17   0.18   0.50   0.50   0.32   0.50   0.94   0.82   0.05   0.62   0.01   0.50   0.76   0.50   0.76   0.56   0.96   0.50   0.36   0.50   0.50   0.50   0.90   0.50   0.34   0.50   0.50   0.50   0.50   0.50   0.78   0.82   0.74   0.08   
0.74   0.06   0.07   0.06   0.62   0.94   0.62   0.86   0.09   0.86   0.98   0.07   0.86   0.27   0.03   0.86   0.06   0.86   0.06   0.86   0.06   0.01   0.02   0.74   0.74   0.74   0.74   0.01   0.46   0.98   0.99   0.74   0.08   0.74   0.99   0.96   0.99   0.74   0.01   0.74   0.99   0.97   0.99   0.99   0.11   0.01   0.97   0.02   0.50   0.74   0.99   0.99   0.89   0.99   0.07   0.99   0.99   0.96   0.96   0.93   0.98   0.83   0.98   0.01   0.98   0.06   0.95   0.99   0.83   0.99   0.75   0.99   0.02   0.94   0.99   0.91   0.99   0.79   

0.37   0.50   0.50   0.45   0.16   0.89   0.45   0.20   0.79   0.05   0.47   0.43   0.07   0.30   0.49   0.42   0.43   0.15   0.50   0.50   0.43   0.26   0.30   0.50   0.50   0.50   0.50   0.50   0.40   0.66   0.50   0.09   0.65   0.50   0.50   0.86   0.68   0.50   0.36   0.50   0.25   0.72   0.20   0.73   0.30   0.82   0.70   0.13   0.40   0.09   0.14   0.69   0.73   0.43   0.47   0.36   0.15   0.49   0.31   0.08   0.32   0.24   0.27   0.50   0.54   0.95   0.85   0.21   0.52   0.91   0.73   0.50   0.68   0.91   0.62   0.57   0.34   0.65   
0.01   0.13   0.03   0.03   0.02   0.85   0.02   0.01   0.07   0.01   0.61   0.03   0.00   0.17   0.02   0.02   0.03   0.16   0.03   0.03   0.04   0.31   0.05   0.02   0.01   0.01   0.01   0.01   0.36   0.97   0.99   0.00   0.03   0.01   0.99   0.98   0.97   0.04   0.07   0.01   0.68   0.98   0.63   0.98   0.11   0.15   0.96   0.06   0.32   0.00   0.17   0.93   0.99   0.96   0.76   0.94   0.66   0.83   0.34   0.14   0.18   0.19   0.87   0.02   0.93   0.96   0.78   0.76   0.69   0.96   0.74   0.98   0.02   0.99   0.89   0.34   0.77   0.95   
0.01   0.18   0.03   0.05   0.16   0.43   0.02   0.03   0.02   0.25   0.72   0.05   0.05   0.51   0.02   0.03   0.05   0.71   0.03   0.05   0.07   0.75   0.19   0.04   0.01   0.01   0.01   0.00   0.65   0.96   0.99   0.02   0.02   0.02   1.00   0.94   0.96   0.04   0.17   0.02   0.90   0.97   0.92   0.96   0.36   0.05   0.94   0.44   0.62   0.04   0.76   0.90   0.98   0.98   0.84   0.98   0.95   0.88   0.72   0.80   0.48   0.63   0.96   0.03   0.94   0.63   0.39   0.95   0.74   0.80   0.58   0.98   0.01   0.91   0.88   0.44   0.91   0.94   
0.50   0.50   0.50   0.50   0.50   0.85   0.50   0.50   0.85   0.50   0.87   0.50   0.50   0.58   0.50   0.50   0.50   0.68   0.50   0.50   0.50   0.00   0.09   0.50   0.50   0.50   0.50   0.50   0.22   0.50   0.50   0.50   0.69   0.50   0.50   0.50   0.50   0.50   0.50   0.50   0.50   0.50   0.50   0.50   0.17   0.16   0.50   0.50   0.30   0.50   0.96   0.76   0.07   0.50   0.02   0.50   0.50   0.50   0.80   0.54   0.94   0.41   0.58   0.50   0.50   0.50   0.84   0.50   0.30   0.50   0.50   0.50   0.50   0.50   0.71   0.88   0.66   0.07   
0.68   0.07   0.07   0.07   0.02   0.92   0.02   0.84   0.16   0.84   0.98   0.07   0.84   0.73   0.02   0.84   0.07   0.91   0.07   0.84   0.07   0.01   0.03   0.68   0.68   0.68   0.68   0.01   0.39   0.98   0.99   0.68   0.07   0.68   0.99   0.95   0.99   0.68   0.01   0.68   0.99   0.96   0.99   0.99   0.10   0.01   0.96   0.02   0.47   0.68   0.99   0.99   0.92   0.99   0.13   0.99   0.98   0.96   0.97   0.92   0.97   0.77   0.99   0.01   0.98   0.07   0.90   0.99   0.76   0.99   0.74   0.99   0.02   0.93   0.98   0.93   0.98   0.76   

0.50   0.50   0.50   0.31   0.18   0.81   0.45   0.50   0.78   0.05   0.50   0.30   0.50   0.34   0.38   0.28   0.37   0.20   0.50   0.50   0.40   0.18   0.33   0.50   0.50   0.50   0.50   0.50   0.48   0.65   0.50   0.50   0.52   0.50   0.50   0.79   0.79   0.50   0.43   0.50   0.39   0.68   0.23   0.73   0.35   0.70   0.63   0.13   0.28   0.50   0.17   0.59   0.62   0.45   0.35   0.41   0.21   0.47   0.35   0.14   0.31   0.25   0.26   0.50   0.50   0.92   0.78   0.31   0.45   0.85   0.73   0.50   0.58   0.86   0.48   0.55   0.26   0.42   
0.01   0.12   0.03   0.02   0.03   0.74   0.01   0.02   0.08   0.01   0.62   0.02   0.04   0.19   0.02   0.01   0.02   0.20   0.03   0.03   0.04   0.19   0.05   0.02   0.01   0.01   0.01   0.01   0.42   0.96   0.99   0.02   0.01   0.01   0.99   0.97   0.98   0.04   0.07   0.01   0.79   0.98   0.67   0.97   0.13   0.06   0.95   0.05   0.20   0.03   0.19   0.88   0.98   0.96   0.62   0.93   0.73   0.79   0.36   0.21   0.16   0.20   0.85   0.01   0.91   0.94   0.68   0.83   0.48   0.93   0.73   0.97   0.01   0.98   0.81   0.30   0.65   0.88   
0.01   0.19   0.04   0.06   0.16   0.44   0.01   0.04   0.03   0.21   0.72   0.06   0.06   0.50   0.03   0.04   0.06   0.71   0.04   0.06   0.08   0.72   0.15   0.04   0.01   0.01   0.01   0.00   0.65   0.96   0.99   0.02   0.01   0.03   1.00   0.94   0.96   0.04   0.14   0.01   0.90   0.97   0.91   0.96   0.37   0.04   0.94   0.45   0.62   0.03   0.76   0.90   0.98   0.98   0.82   0.97   0.94   0.87   0.72   0.80   0.49   0.63   0.96   0.02   0.94   0.63   0.40   0.94   0.74   0.80   0.57   0.98   0.01   0.91   0.88   0.45   0.90   0.94   
0.50   0.50   0.50   0.50   0.50   0.85   0.50   0.50   0.84   0.50   0.86   0.50   0.50   0.57   0.50   0.50   0.50   0.67   0.50   0.50   0.50   0.00   0.09   0.50   0.50   0.50   0.50   0.50   0.21   0.50   0.50   0.50   0.68   0.50   0.50   0.50   0.50   0.50   0.50   0.50   0.50   0.50   0.50   0.50   0.15   0.15   0.50   0.50   0.29   0.50   0.95   0.75   0.06   0.50   0.02   0.50   0.50   0.50   0.79   0.52   0.94   0.40   0.56   0.50   0.50   0.50   0.84   0.50   0.29   0.50   0.50   0.50   0.50   0.50   0.70   0.88   0.65   0.07   
0.70   0.08   0.08   0.08   0.02   0.93   0.02   0.86   0.21   0.86   0.98   0.08   0.86   0.74   0.03   0.86   0.08   0.92   0.08   0.86   0.08   0.01   0.02   0.70   0.70   0.70   0.70   0.01   0.40   0.98   0.99   0.70   0.04   0.70   0.99   0.96   0.99   0.70   0.01   0.70   0.99   0.96   0.99   0.99   0.11   0.01   0.96   0.03   0.49   0.70   0.99   0.99   0.93   0.99   0.11   0.99   0.98   0.97   0.97   0.93   0.98   0.78   0.99   0.01   0.98   0.08   0.91   0.99   0.78   0.99   0.76   0.99   0.02   0.94   0.98   0.94   0.98   0.78   

0.50   0.50   0.50   0.23   0.10   0.89   0.36   0.50   0.86   0.01   0.38   0.23   0.50   0.20   0.34   0.06   0.23   0.13   0.50   0.50   0.44   0.09   0.21   0.50   0.50   0.50   0.50   0.50   0.27   0.62   0.50   0.50   0.48   0.50   0.50   0.88   0.91   0.50   0.42   0.50   0.39   0.72   0.16   0.86   0.27   0.79   0.64   0.04   0.19   0.50   0.07   0.55   0.55   0.41   0.24   0.36   0.13   0.40   0.21   0.09   0.21   0.15   0.19   0.50   0.48   0.97   0.86   0.25   0.25   0.92   0.70   0.50   0.50   0.93   0.37   0.50   0.14   0.29   
0.01   0.12   0.03   0.01   0.01   0.81   0.01   0.02   0.13   0.00   0.33   0.02   0.04   0.10   0.02   0.00   0.01   0.10   0.03   0.03   0.04   0.07   0.02   0.02   0.01   0.01   0.01   0.01   0.18   0.94   0.99   0.02   0.01   0.01   0.99   0.98   0.99   0.03   0.08   0.01   0.74   0.98   0.36   0.98   0.08   0.14   0.94   0.01   0.13   0.03   0.07   0.84   0.97   0.93   0.30   0.88   0.43   0.70   0.18   0.11   0.09   0.11   0.76   0.01   0.87   0.97   0.74   0.76   0.22   0.95   0.64   0.97   0.00   0.99   0.70   0.23   0.27   0.77   
0.01   0.17   0.03   0.05   0.15   0.40   0.01   0.03   0.03   0.19   0.69   0.07   0.07   0.50   0.04   0.03   0.05   0.69   0.03   0.05   0.07   0.70   0.14   0.04   0.01   0.01   0.01   0.00   0.62   0.95   0.99   0.02   0.01   0.04   1.00   0.93   0.96   0.04   0.15   0.02   0.89   0.97   0.90   0.95   0.33   0.05   0.94   0.41   0.61   0.02   0.75   0.89   0.98   0.98   0.80   0.97   0.94   0.86   0.69   0.78   0.45   0.63   0.96   0.03   0.93   0.60   0.36   0.94   0.71   0.77   0.54   0.99   0.00   0.90   0.88   0.41   0.88   0.94   
0.50   0.50   0.50   0.50   0.50   0.84   0.50   0.50   0.83   0.50   0.85   0.50   0.50   0.56   0.50   0.50   0.50   0.66   0.50   0.50   0.50   0.00   0.09   0.50   0.50   0.50   0.50   0.50   0.22   0.50   0.50   0.50   0.67   0.50   0.50   0.50   0.50   0.50   0.50   0.50   0.50   0.50   0.50   0.50   0.16   0.16   0.50   0.50   0.29   0.50   0.95   0.74   0.07   0.50   0.02   0.50   0.50   0.50   0.78   0.52   0.93   0.40   0.56   0.50   0.50   0.50   0.82   0.50   0.29   0.50   0.50   0.50   0.50   0.50   0.69   0.86   0.64   0.07   
0.68   0.08   0.08   0.08   0.02   0.90   0.02   0.85   0.21   0.85   0.97   0.08   0.85   0.77   0.03   0.85   0.08   0.90   0.08   0.85   0.08   0.01   0.03   0.68   0.68   0.68   0.68   0.01   0.37   0.98   0.99   0.68   0.03   0.68   0.99   0.95   0.99   0.68   0.01   0.68   0.99   0.96   0.99   0.99   0.09   0.03   0.96   0.03   0.70   0.68   0.99   0.99   0.94   0.99   0.11   0.99   0.98   0.97   0.96   0.91   0.97   0.81   0.99   0.01   0.98   0.08   0.88   0.99   0.74   0.99   0.75   0.99   0.02   0.94   0.98   0.93   0.97   0.82   

0.50   0.50   0.50   0.26   0.16   0.78   0.36   0.50   0.75   0.50   0.40   0.28   0.50   0.26   0.36   0.50   0.28   0.20   0.50   0.50   0.41   0.15   0.27   0.50   0.50   0.50   0.50   0.50   0.32   0.54   0.50   0.50   0.45   0.50   0.50   0.77   0.80   0.50   0.42   0.50   0.40   0.63   0.23   0.73   0.30   0.66   0.56   0.09   0.26   0.50   0.14   0.50   0.47   0.42   0.28   0.37   0.20   0.40   0.27   0.16   0.26   0.22   0.26   0.50   0.46   0.90   0.73   0.31   0.28   0.81   0.60   0.50   0.50   0.83   0.37   0.46   0.20   0.30   
0.01   0.12   0.03   0.01   0.02   0.63   0.01   0.02   0.06   0.11   0.35   0.02   0.04   0.14   0.02   0.02   0.02   0.16   0.03   0.03   0.04   0.12   0.03   0.02   0.01   0.01   0.01   0.01   0.22   0.92   0.99   0.02   0.01   0.01   0.99   0.95   0.98   0.04   0.08   0.01   0.75   0.96   0.48   0.96   0.10   0.07   0.91   0.03   0.18   0.03   0.13   0.80   0.96   0.92   0.34   0.89   0.70   0.71   0.23   0.18   0.12   0.17   0.83   0.01   0.86   0.89   0.40   0.79   0.24   0.88   0.52   0.97   0.00   0.96   0.68   0.20   0.35   0.79   
0.01   0.18   0.03   0.05   0.16   0.39   0.01   0.03   0.02   0.18   0.70   0.07   0.07   0.51   0.04   0.03   0.06   0.68   0.03   0.05   0.07   0.69   0.13   0.05   0.01   0.01   0.01   0.00   0.62   0.96   0.99   0.02   0.01   0.04   1.00   0.93   0.95   0.04   0.15   0.03   0.89   0.97   0.91   0.95   0.34   0.05   0.94   0.42   0.62   0.02   0.74   0.89   0.98   0.97   0.80   0.97   0.94   0.87   0.68   0.77   0.46   0.63   0.96   0.02   0.93   0.59   0.35   0.94   0.70   0.77   0.54   0.98   0.00   0.90   0.87   0.41   0.88   0.94   
0.50   0.50   0.50   0.50   0.50   0.88   0.50   0.50   0.85   0.50   0.91   0.50   0.50   0.66   0.50   0.50   0.50   0.60   0.50   0.50   0.50   0.00   0.08   0.50   0.50   0.50   0.50   0.50   0.20   0.50   0.50   0.50   0.61   0.50   0.50   0.50   0.50   0.50   0.50   0.50   0.50   0.50   0.50   0.50   0.14   0.13   0.50   0.50   0.28   0.50   0.98   0.75   0.07   0.50   0.03   0.50   0.50   0.50   0.80   0.53   0.96   0.43   0.50   0.50   0.50   0.50   0.84   0.50   0.20   0.50   0.50   0.50   0.50   0.50   0.71   0.85   0.64   0.06   
0.74   0.05   0.05   0.05   0.58   0.90   0.58   0.05   0.23   0.85   0.98   0.05   0.05   0.79   0.03   0.05   0.05   0.84   0.05   0.05   0.05   0.01   0.02   0.74   0.74   0.74   0.74   0.01   0.30   0.98   0.99   0.74   0.02   0.74   0.98   0.95   0.99   0.74   0.01   0.74   0.98   0.97   0.99   0.99   0.06   0.02   0.95   0.01   0.44   0.74   0.99   0.98   0.93   0.99   0.11   0.99   0.97   0.95   0.95   0.88   0.97   0.78   0.99   0.01   0.97   0.05   0.86   0.99   0.41   0.98   0.72   0.99   0.02   0.92   0.98   0.89   0.97   0.71   

0.50   0.50   0.50   0.26   0.16   0.78   0.36   0.50   0.75   0.50   0.40   0.28   0.50   0.26   0.36   0.50   0.28   0.20   0.50   0.50   0.41   0.15   0.27   0.50   0.50   0.50   0.50   0.50   0.32   0.54   0.50   0.50   0.45   0.50   0.50   0.77   0.80   0.50   0.42   0.50   0.40   0.63   0.23   0.73   0.30   0.66   0.56   0.09   0.26   0.50   0.14   0.50   0.47   0.42   0.28   0.37   0.20   0.40   0.27   0.16   0.26   0.22   0.26   0.50   0.46   0.90   0.73   0.31   0.28   0.81   0.60   0.50   0.50   0.83   0.37   0.46   0.20   0.30   
0.01   0.10   0.03   0.01   0.02   0.61   0.01   0.02   0.06   0.10   0.54   0.02   0.03   0.20   0.02   0.02   0.02   0.15   0.03   0.03   0.03   0.11   0.03   0.02   0.01   0.01   0.01   0.01   0.31   0.94   0.99   0.01   0.01   0.01   0.99   0.94   0.98   0.04   0.07   0.01   0.79   0.97   0.65   0.97   0.09   0.07   0.92   0.03   0.17   0.03   0.17   0.76   0.92   0.93   0.31   0.84   0.63   0.66   0.21   0.16   0.11   0.15   0.76   0.01   0.88   0.87   0.37   0.74   0.22   0.87   0.51   0.96   0.00   0.96   0.62   0.18   0.32   0.74   
0.01   0.16   0.11   0.05   0.14   0.36   0.01   0.03   0.02   0.16   0.74   0.06   0.06   0.59   0.03   0.03   0.06   0.65   0.03   0.05   0.06   0.66   0.12   0.04   0.01   0.01   0.01   0.00   0.68   0.96   0.99   0.02   0.01   0.03   1.00   0.92   0.96   0.04   0.13   0.02   0.90   0.97   0.92   0.96   0.33   0.04   0.95   0.39   0.59   0.02   0.77   0.87   0.97   0.98   0.77   0.95   0.93   0.84   0.65   0.74   0.43   0.59   0.95   0.02   0.94   0.55   0.32   0.93   0.67   0.75   0.51   0.97   0.00   0.91   0.85   0.37   0.86   0.93   
0.50   0.50   0.50   0.50   0.50   0.89   0.50   0.50   0.89   0.50   0.92   0.50   0.50   0.68   0.50   0.50   0.50   0.67   0.50   0.50   0.50   0.50   0.09   0.50   0.50   0.50   0.50   0.50   0.18   0.50   0.50   0.50   0.65   0.50   0.50   0.50   0.50   0.50   0.50   0.50   0.50   0.50   0.50   0.50   0.14   0.19   0.50   0.50   0.34   0.50   0.50   0.78   0.07   0.50   0.02   0.50   0.50   0.50   0.79   0.63   0.96   0.45   0.50   0.50   0.50   0.50   0.83   0.50   0.22   0.50   0.50   0.50   0.50   0.50   0.68   0.85   0.65   0.06   
0.74   0.05   0.06   0.05   0.60   0.93   0.60   0.05   0.73   0.87   0.99   0.06   0.05   0.87   0.03   0.05   0.05   0.90   0.05   0.05   0.05   0.82   0.03   0.74   0.74   0.74   0.74   0.01   0.37   0.98   0.99   0.74   0.04   0.74   0.98   0.95   0.99   0.74   0.01   0.74   0.98   0.97   0.99   0.99   0.07   0.04   0.96   0.02   0.73   0.74   0.88   0.99   0.92   0.99   0.13   0.99   0.98   0.96   0.96   0.93   0.98   0.82   0.99   0.01   0.97   0.05   0.87   0.99   0.48   0.98   0.78   0.99   0.03   0.93   0.98   0.91   0.97   0.75   

0.50   0.50   0.50   0.18   0.14   0.72   0.50   0.50   0.65   0.50   0.29   0.25   0.50   0.15   0.31   0.50   0.25   0.18   0.50   0.50   0.36   0.11   0.20   0.50   0.50   0.50   0.50   0.50   0.26   0.49   0.50   0.50   0.42   0.50   0.50   0.77   0.77   0.50   0.36   0.50   0.40   0.55   0.23   0.73   0.20   0.57   0.46   0.08   0.22   0.50   0.09   0.37   0.32   0.39   0.22   0.27   0.15   0.33   0.21   0.15   0.28   0.09   0.20   0.50   0.35   0.86   0.68   0.31   0.28   0.77   0.55   0.50   0.50   0.78   0.34   0.38   0.18   0.23   
0.01   0.11   0.03   0.01   0.02   0.41   0.01   0.02   0.04   0.10   0.32   0.02   0.04   0.12   0.02   0.02   0.02   0.14   0.03   0.03   0.03   0.09   0.02   0.02   0.01   0.01   0.01   0.01   0.24   0.92   0.99   0.02   0.01   0.01   0.99   0.94   0.98   0.04   0.06   0.01   0.78   0.95   0.64   0.97   0.06   0.05   0.88   0.02   0.14   0.03   0.12   0.63   0.86   0.92   0.24   0.74   0.42   0.59   0.16   0.14   0.12   0.06   0.69   0.01   0.80   0.83   0.32   0.73   0.22   0.83   0.36   0.96   0.00   0.95   0.59   0.13   0.28   0.66   
0.01   0.17   0.12   0.05   0.15   0.38   0.01   0.03   0.02   0.17   0.75   0.06   0.06   0.60   0.04   0.03   0.06   0.66   0.03   0.04   0.07   0.68   0.13   0.05   0.01   0.01   0.01   0.00   0.70   0.97   0.99   0.02   0.01   0.03   1.00   0.92   0.96   0.05   0.14   0.03   0.91   0.97   0.92   0.96   0.33   0.04   0.95   0.39   0.60   0.02   0.78   0.87   0.97   0.98   0.78   0.96   0.93   0.85   0.66   0.75   0.45   0.60   0.96   0.02   0.94   0.56   0.34   0.93   0.69   0.76   0.53   0.97   0.00   0.91   0.86   0.38   0.87   0.93   
0.50   0.50   0.50   0.50   0.50   0.91   0.50   0.50   0.91   0.50   0.94   0.50   0.50   0.72   0.50   0.50   0.50   0.71   0.50   0.50   0.50   0.50   0.09   0.50   0.50   0.50   0.50   0.50   0.18   0.50   0.50   0.50   0.68   0.50   0.50   0.50   0.50   0.50   0.50   0.50   0.50   0.50   0.50   0.50   0.14   0.19   0.50   0.50   0.36   0.50   0.50   0.82   0.07   0.50   0.02   0.50   0.50   0.50   0.82   0.66   0.97   0.48   0.50   0.50   0.50   0.50   0.86   0.50   0.22   0.50   0.50   0.50   0.50   0.50   0.71   0.88   0.68   0.06   
0.67   0.08   0.09   0.08   0.02   0.95   0.02   0.83   0.80   0.86   0.99   0.09   0.83   0.90   0.03   0.83   0.08   0.93   0.08   0.83   0.08   0.83   0.04   0.67   0.67   0.67   0.67   0.01   0.38   0.98   0.99   0.67   0.04   0.67   0.99   0.95   0.99   0.67   0.01   0.67   0.99   0.96   0.99   0.99   0.09   0.06   0.96   0.03   0.78   0.67   0.89   0.99   0.93   0.99   0.13   0.99   0.98   0.97   0.97   0.95   0.99   0.86   0.99   0.01   0.98   0.08   0.91   0.99   0.65   0.99   0.79   0.99   0.03   0.94   0.98   0.94   0.98   0.77   

0.50   0.50   0.50   0.18   0.14   0.72   0.50   0.50   0.65   0.50   0.29   0.25   0.50   0.15   0.31   0.50   0.25   0.18   0.50   0.50   0.36   0.11   0.20   0.50   0.50   0.50   0.50   0.50   0.26   0.49   0.50   0.50   0.42   0.50   0.50   0.77   0.77   0.50   0.36   0.50   0.40   0.55   0.23   0.73   0.20   0.57   0.46   0.08   0.22   0.50   0.09   0.37   0.32   0.39   0.22   0.27   0.15   0.33   0.21   0.15   0.28   0.09   0.20   0.50   0.35   0.86   0.68   0.31   0.28   0.77   0.55   0.50   0.50   0.78   0.34   0.38   0.18   0.23   
0.01   0.11   0.03   0.01   0.02   0.41   0.01   0.02   0.04   0.10   0.32   0.02   0.04   0.12   0.02   0.02   0.02   0.14   0.03   0.03   0.03   0.09   0.02   0.02   0.01   0.01   0.01   0.01   0.24   0.92   0.99   0.02   0.01   0.01   0.99   0.94   0.98   0.04   0.06   0.01   0.78   0.95   0.64   0.97   0.06   0.05   0.88   0.02   0.14   0.03   0.12   0.63   0.86   0.92   0.24   0.74   0.42   0.59   0.16   0.14   0.12   0.06   0.69   0.01   0.80   0.83   0.32   0.73   0.22   0.83   0.36   0.96   0.00   0.95   0.59   0.13   0.28   0.66   
0.01   0.17   0.12   0.05   0.15   0.38   0.01   0.03   0.02   0.17   0.75   0.06   0.06   0.60   0.04   0.03   0.06   0.66   0.03   0.04   0.07   0.68   0.13   0.05   0.01   0.01   0.01   0.00   0.70   0.97   0.99   0.02   0.01   0.03   1.00   0.92   0.96   0.05   0.14   0.03   0.91   0.97   0.92   0.96   0.33   0.04   0.95   0.39   0.60   0.02   0.78   0.87   0.97   0.98   0.78   0.96   0.93   0.85   0.66   0.75   0.45   0.60   0.96   0.02   0.94   0.56   0.34   0.93   0.69   0.76   0.53   0.97   0.00   0.91   0.86   0.38   0.87   0.93   
0.50   0.50   0.50   0.50   0.50   0.86   0.50   0.50   0.86   0.50   0.90   0.50   0.50   0.61   0.50   0.50   0.50   0.59   0.50   0.50   0.50   0.50   0.06   0.50   0.50   0.50   0.50   0.50   0.12   0.50   0.50   0.50   0.56   0.50   0.50   0.50   0.50   0.50   0.50   0.50   0.50   0.50   0.50   0.50   0.09   0.13   0.50   0.50   0.25   0.50   0.50   0.72   0.04   0.50   0.01   0.50   0.50   0.50   0.73   0.54   0.95   0.36   0.50   0.50   0.50   0.50   0.79   0.50   0.15   0.50   0.50   0.50   0.50   0.50   0.60   0.82   0.57   0.04   
0.67   0.07   0.07   0.07   0.02   0.91   0.02   0.83   0.25   0.85   0.98   0.07   0.83   0.81   0.03   0.83   0.07   0.86   0.07   0.83   0.07   0.80   0.02   0.67   0.67   0.67   0.67   0.01   0.23   0.98   0.99   0.67   0.02   0.67   0.99   0.94   0.99   0.67   0.01   0.67   0.99   0.96   0.99   0.99   0.05   0.02   0.96   0.03   0.46   0.67   0.86   0.98   0.89   0.99   0.07   0.99   0.98   0.96   0.94   0.91   0.97   0.74   0.99   0.01   0.98   0.07   0.84   0.99   0.36   0.99   0.75   0.99   0.02   0.93   0.97   0.88   0.96   0.46   

0.00   0.00   0.00   0.00   0.00   0.00   0.00   0.00   0.00   0.00   0.00   0.00   0.00   0.00   0.00   0.00   0.00   0.00   0.00   0.00   0.00   0.00   0.00   0.00   0.00   0.00   0.00   0.00   0.00   1.00   1.00   0.00   0.00   0.00   1.00   1.00   1.00   0.00   0.00   0.00   1.00   1.00   1.00   1.00   1.00   0.00   1.00   0.00   1.00   0.00   1.00   1.00   1.00   1.00   1.00   1.00   1.00   1.00   1.00   1.00   1.00   1.00   1.00   0.00   1.00   1.00   1.00   1.00   1.00   1.00   1.00   1.00   1.00   1.00   1.00   1.00   1.00   1.00   