5.00   5.00   5.00   5.00   5.00   5.00   5.00   5.00   5.00   5.00   5.00   5.00   5.00   5.00   5.00   5.00   5.00   5.00   5.00   5.00   5.00   5.00   5.00   5.00   5.00   5.00   5.00   5.00   5.00   5.00   5.00   5.00   5.00   5.00   5.00   5.00   5.00   5.00   5.00   5.00   5.00   5.00   5.00   5.00   5.00   5.00   5.00   5.00   5.00   5.00   5.00   5.00   5.00   5.00   5.00   5.00   5.00   5.00   5.00   5.00   5.00   5.00   5.00   5.00   5.00   5.00   5.00   5.00   5.00   5.00   5.00   5.00   5.00   5.00   5.00   5.00   5.00   5.00   
0.01   0.01   0.13   0.95   0.01   0.13   0.13   0.59   0.13   0.95   0.13   0.13   0.13   0.95   0.13   0.95   0.59   0.13   0.13   0.01   0.13   0.13   0.95   0.01   0.13   0.95   0.95   0.59   0.59   0.59   0.95   0.95   0.95   0.95   0.95   0.13   0.95   0.95   0.95   0.95   0.01   0.95   0.95   0.95   0.01   0.95   0.95   0.13   0.01   0.13   0.13   0.01   0.13   0.95   0.13   0.01   0.13   0.13   0.13   0.13   0.13   0.13   0.13   0.13   0.13   0.13   0.95   0.13   0.13   0.13   0.95   0.13   0.59   0.13   0.13   0.01   0.95   0.13   
0.01   0.01   0.13   0.95   0.01   0.13   0.13   0.59   0.13   0.95   0.13   0.13   0.13   0.95   0.13   0.95   0.59   0.13   0.13   0.01   0.13   0.13   0.95   0.01   0.13   0.95   0.95   0.59   0.59   0.59   0.95   0.95   0.95   0.95   0.95   0.13   0.95   0.95   0.95   0.95   0.01   0.95   0.95   0.95   0.01   0.95   0.95   0.13   0.01   0.13   0.13   0.01   0.13   0.95   0.13   0.01   0.13   0.13   0.13   0.13   0.13   0.13   0.13   0.13   0.13   0.13   0.95   0.13   0.13   0.13   0.95   0.13   0.59   0.13   0.13   0.01   0.95   0.13   
0.21   0.28   0.23   0.35   0.36   0.31   0.13   0.18   0.57   0.23   0.42   0.18   0.38   0.36   0.50   0.21   0.43   0.76   0.41   0.20   0.15   0.37   0.44   0.31   0.85   0.43   0.21   0.14   0.55   0.30   0.55   0.59   0.21   0.44   0.78   0.46   0.44   0.22   0.87   0.17   0.41   0.48   0.22   0.21   0.94   0.42   0.63   0.90   0.26   0.46   0.61   0.24   0.71   0.14   0.39   0.28   0.44   0.76   0.71   0.82   0.87   0.57   0.47   0.71   0.42   0.68   0.36   0.61   0.76   0.83   0.86   0.73   0.30   0.56   0.65   0.42   0.76   0.77   
0.01   0.02   0.67   0.97   0.02   0.75   0.14   0.80   0.90   0.95   0.83   0.60   0.81   0.97   0.87   0.94   0.93   0.95   0.82   0.01   0.16   0.80   0.98   0.02   0.97   0.98   0.94   0.74   0.96   0.89   0.99   0.99   0.94   0.98   1.00   0.85   0.98   0.94   1.00   0.92   0.03   0.98   0.94   0.94   0.95   0.98   0.99   0.98   0.01   0.85   0.91   0.01   0.94   0.90   0.81   0.01   0.84   0.96   0.94   0.97   0.98   0.90   0.86   0.94   0.83   0.94   0.97   0.91   0.95   0.97   1.00   0.95   0.89   0.89   0.93   0.03   0.99   0.96   

5.00   5.00   5.00   5.00   5.00   5.00   5.00   5.00   5.00   5.00   5.00   5.00   5.00   5.00   5.00   5.00   5.00   5.00   5.00   5.00   5.00   5.00   5.00   5.00   5.00   5.00   5.00   5.00   5.00   5.00   5.00   5.00   5.00   5.00   5.00   5.00   5.00   5.00   5.00   5.00   5.00   5.00   5.00   5.00   5.00   5.00   5.00   5.00   5.00   5.00   5.00   5.00   5.00   5.00   5.00   5.00   5.00   5.00   5.00   5.00   5.00   5.00   5.00   5.00   5.00   5.00   5.00   5.00   5.00   5.00   5.00   5.00   5.00   5.00   5.00   5.00   5.00   5.00   
0.74   0.11   0.17   0.03   0.11   0.17   0.17   0.36   0.17   0.03   0.17   0.17   0.17   0.03   0.17   0.03   0.01   0.96   0.96   0.11   0.17   0.17   0.46   0.11   0.96   0.03   0.03   0.01   0.01   0.01   0.03   0.46   0.03   0.03   0.46   0.96   0.03   0.03   0.46   0.03   0.11   0.03   0.46   0.03   0.74   0.03   0.46   0.96   0.11   0.17   0.96   0.74   0.96   0.03   0.96   0.74   0.96   0.96   0.96   0.96   0.96   0.96   0.96   0.96   0.96   0.96   0.03   0.96   0.96   0.96   0.03   0.96   0.01   0.96   0.96   0.74   0.46   0.96   
0.74   0.11   0.17   0.03   0.11   0.17   0.17   0.36   0.17   0.03   0.17   0.17   0.17   0.03   0.17   0.03   0.01   0.96   0.96   0.11   0.17   0.17   0.46   0.11   0.96   0.03   0.03   0.01   0.01   0.01   0.03   0.46   0.03   0.03   0.46   0.96   0.03   0.03   0.46   0.03   0.11   0.03   0.46   0.03   0.74   0.03   0.46   0.96   0.11   0.17   0.96   0.74   0.96   0.03   0.96   0.74   0.96   0.96   0.96   0.96   0.96   0.96   0.96   0.96   0.96   0.96   0.03   0.96   0.96   0.96   0.03   0.96   0.01   0.96   0.96   0.74   0.46   0.96   
0.10   0.21   0.15   0.34   0.32   0.22   0.05   0.11   0.62   0.12   0.41   0.10   0.35   0.28   0.56   0.13   0.42   0.86   0.38   0.12   0.06   0.31   0.45   0.25   0.96   0.46   0.12   0.06   0.62   0.24   0.60   0.64   0.11   0.48   0.50   0.47   0.42   0.13   0.50   0.08   0.39   0.47   0.13   0.12   0.99   0.42   0.72   0.98   0.18   0.42   0.71   0.14   0.86   0.06   0.36   0.21   0.43   0.89   0.83   0.93   0.97   0.67   0.47   0.78   0.42   0.78   0.27   0.70   0.90   0.92   0.50   0.85   0.26   0.61   0.78   0.43   0.50   0.90   
0.07   0.01   0.02   0.02   0.02   0.03   0.01   0.04   0.22   0.00   0.08   0.01   0.06   0.01   0.13   0.01   0.01   1.00   0.95   0.01   0.01   0.05   0.77   0.02   1.00   0.03   0.01   0.00   0.01   0.00   0.05   0.88   0.00   0.03   0.76   0.97   0.03   0.01   0.76   0.00   0.03   0.03   0.08   0.01   1.00   0.03   0.92   1.00   0.01   0.08   0.99   0.10   1.00   0.00   0.95   0.15   0.96   1.00   0.99   1.00   1.00   0.99   0.97   0.99   0.96   0.99   0.01   0.99   1.00   1.00   0.76   0.99   0.00   0.98   0.99   0.79   0.76   1.00   

5.00   5.00   5.00   5.00   5.00   5.00   5.00   5.00   5.00   5.00   5.00   5.00   5.00   5.00   5.00   5.00   5.00   5.00   5.00   5.00   5.00   5.00   5.00   5.00   5.00   5.00   5.00   5.00   5.00   5.00   5.00   5.00   5.00   5.00   5.00   5.00   5.00   5.00   5.00   5.00   5.00   5.00   5.00   5.00   5.00   5.00   5.00   5.00   5.00   5.00   5.00   5.00   5.00   5.00   5.00   5.00   5.00   5.00   5.00   5.00   5.00   5.00   5.00   5.00   5.00   5.00   5.00   5.00   5.00   5.00   5.00   5.00   5.00   5.00   5.00   5.00   5.00   5.00   
0.74   0.17   0.31   0.04   0.17   0.73   0.31   0.87   0.73   0.04   0.31   0.31   0.73   0.04   0.31   0.04   0.01   0.98   0.98   0.17   0.31   0.31   0.90   0.68   0.98   0.04   0.04   0.01   0.01   0.01   0.04   0.90   0.04   0.62   0.90   0.98   0.04   0.04   0.67   0.04   0.17   0.04   0.67   0.04   0.95   0.04   0.90   0.98   0.17   0.31   0.79   0.74   0.98   0.04   0.79   0.95   0.79   0.79   0.98   0.98   0.98   0.98   0.98   0.79   0.79   0.98   0.04   0.79   0.79   0.98   0.62   0.98   0.01   0.79   0.98   0.74   0.90   0.98   
0.74   0.17   0.31   0.04   0.17   0.73   0.31   0.87   0.73   0.04   0.31   0.31   0.73   0.04   0.31   0.04   0.01   0.98   0.98   0.17   0.31   0.31   0.90   0.68   0.98   0.04   0.04   0.01   0.01   0.01   0.04   0.90   0.04   0.62   0.90   0.98   0.04   0.04   0.67   0.04   0.17   0.04   0.67   0.04   0.95   0.04   0.90   0.98   0.17   0.31   0.79   0.74   0.98   0.04   0.79   0.95   0.79   0.79   0.98   0.98   0.98   0.98   0.98   0.79   0.79   0.98   0.04   0.79   0.79   0.98   0.62   0.98   0.01   0.79   0.98   0.74   0.90   0.98   
0.02   0.09   0.04   0.24   0.17   0.06   0.50   0.03   0.53   0.50   0.18   0.02   0.33   0.14   0.48   0.50   0.50   0.50   0.35   0.05   0.01   0.13   0.47   0.09   0.50   0.38   0.50   0.50   0.64   0.50   0.61   0.53   0.50   0.33   0.50   0.50   0.32   0.50   0.50   0.50   0.39   0.55   0.06   0.50   0.50   0.30   0.85   0.50   0.08   0.18   0.81   0.05   0.50   0.50   0.26   0.09   0.33   0.50   0.50   0.50   0.50   0.61   0.29   0.92   0.41   0.83   0.21   0.71   0.50   0.50   0.50   0.50   0.50   0.51   0.87   0.39   0.50   0.50   
0.00   0.00   0.01   0.06   0.01   0.04   0.77   0.01   0.90   0.66   0.05   0.00   0.80   0.03   0.18   0.66   0.02   0.98   0.98   0.00   0.00   0.03   0.98   0.01   0.98   0.11   0.66   0.02   0.03   0.02   0.66   0.98   0.66   0.72   0.92   0.99   0.09   0.66   0.92   0.66   0.02   0.60   0.04   0.66   0.10   0.08   1.00   0.98   0.00   0.05   0.98   0.00   0.98   0.66   0.81   0.02   0.86   0.98   0.98   0.98   0.98   0.99   0.97   0.99   0.90   1.00   0.05   0.97   0.98   0.98   0.92   0.98   0.02   0.93   1.00   0.06   0.92   0.98   

5.00   5.00   5.00   5.00   5.00   5.00   5.00   5.00   5.00   5.00   5.00   5.00   5.00   5.00   5.00   5.00   5.00   5.00   5.00   5.00   5.00   5.00   5.00   5.00   5.00   5.00   5.00   5.00   5.00   5.00   5.00   5.00   5.00   5.00   5.00   5.00   5.00   5.00   5.00   5.00   5.00   5.00   5.00   5.00   5.00   5.00   5.00   5.00   5.00   5.00   5.00   5.00   5.00   5.00   5.00   5.00   5.00   5.00   5.00   5.00   5.00   5.00   5.00   5.00   5.00   5.00   5.00   5.00   5.00   5.00   5.00   5.00   5.00   5.00   5.00   5.00   5.00   5.00   
0.70   0.18   0.26   0.03   0.18   0.56   0.26   0.74   0.56   0.03   0.26   0.26   0.56   0.03   0.26   0.03   0.01   0.85   0.85   0.18   0.26   0.26   0.77   0.52   0.98   0.03   0.03   0.01   0.01   0.01   0.03   0.77   0.03   0.74   0.93   0.85   0.03   0.03   0.85   0.03   0.18   0.03   0.61   0.03   0.97   0.03   0.93   0.98   0.69   0.71   0.74   0.91   0.85   0.03   0.92   0.97   0.92   0.92   0.98   0.98   0.98   0.98   0.98   0.74   0.74   0.98   0.03   0.92   0.74   0.98   0.39   0.98   0.01   0.92   0.85   0.91   0.77   0.98   
0.70   0.18   0.26   0.03   0.18   0.56   0.26   0.74   0.56   0.03   0.26   0.26   0.56   0.03   0.26   0.03   0.01   0.85   0.85   0.18   0.26   0.26   0.77   0.52   0.98   0.03   0.03   0.01   0.01   0.01   0.03   0.77   0.03   0.74   0.93   0.85   0.03   0.03   0.85   0.03   0.18   0.03   0.61   0.03   0.97   0.03   0.93   0.98   0.69   0.71   0.74   0.91   0.85   0.03   0.92   0.97   0.92   0.92   0.98   0.98   0.98   0.98   0.98   0.74   0.74   0.98   0.03   0.92   0.74   0.98   0.39   0.98   0.01   0.92   0.85   0.91   0.77   0.98   
0.50   0.50   0.03   0.32   0.50   0.04   0.50   0.50   0.69   0.50   0.10   0.50   0.38   0.11   0.51   0.50   0.50   0.50   0.40   0.50   0.50   0.07   0.44   0.10   0.50   0.17   0.50   0.50   0.69   0.50   0.64   0.49   0.50   0.41   0.50   0.58   0.37   0.50   0.50   0.50   0.40   0.59   0.08   0.50   0.50   0.32   0.50   0.50   0.50   0.09   0.89   0.50   0.50   0.50   0.29   0.06   0.32   0.50   0.50   0.50   0.50   0.78   0.32   0.93   0.48   0.50   0.22   0.78   0.50   0.50   0.50   0.50   0.50   0.53   0.50   0.36   0.50   0.50   
0.88   0.03   0.01   0.04   0.03   0.04   0.72   0.92   0.88   0.65   0.02   0.16   0.67   0.01   0.16   0.65   0.01   0.98   0.93   0.03   0.16   0.01   0.92   0.05   0.98   0.02   0.65   0.01   0.03   0.01   0.68   0.93   0.65   0.79   0.92   0.97   0.05   0.65   0.92   0.65   0.02   0.62   0.19   0.65   0.92   0.04   0.97   0.98   0.03   0.12   0.99   0.88   0.98   0.65   0.91   0.34   0.92   0.98   0.98   0.98   0.98   1.00   0.98   0.99   0.90   0.99   0.02   0.99   0.98   0.98   0.92   0.98   0.01   0.97   0.99   0.87   0.92   0.98   

5.00   5.00   5.00   5.00   5.00   5.00   5.00   5.00   5.00   5.00   5.00   5.00   5.00   5.00   5.00   5.00   5.00   5.00   5.00   5.00   5.00   5.00   5.00   5.00   5.00   5.00   5.00   5.00   5.00   5.00   5.00   5.00   5.00   5.00   5.00   5.00   5.00   5.00   5.00   5.00   5.00   5.00   5.00   5.00   5.00   5.00   5.00   5.00   5.00   5.00   5.00   5.00   5.00   5.00   5.00   5.00   5.00   5.00   5.00   5.00   5.00   5.00   5.00   5.00   5.00   5.00   5.00   5.00   5.00   5.00   5.00   5.00   5.00   5.00   5.00   5.00   5.00   5.00   
0.57   0.11   0.18   0.03   0.11   0.44   0.18   0.61   0.64   0.03   0.18   0.18   0.64   0.03   0.18   0.03   0.01   0.77   0.77   0.11   0.18   0.18   0.66   0.38   0.99   0.03   0.03   0.01   0.01   0.01   0.34   0.66   0.03   0.66   0.89   0.77   0.03   0.03   0.79   0.03   0.11   0.03   0.49   0.03   0.93   0.03   0.95   0.95   0.59   0.63   0.62   0.84   0.77   0.03   0.87   0.93   0.94   0.87   0.95   0.99   0.95   0.95   0.99   0.62   0.62   0.95   0.03   0.94   0.62   0.95   0.28   0.99   0.01   0.94   0.77   0.84   0.66   0.99   
0.57   0.11   0.18   0.03   0.11   0.44   0.18   0.61   0.64   0.03   0.18   0.18   0.64   0.03   0.18   0.03   0.01   0.77   0.77   0.11   0.18   0.18   0.66   0.38   0.99   0.03   0.03   0.01   0.01   0.01   0.34   0.66   0.03   0.66   0.89   0.77   0.03   0.03   0.79   0.03   0.11   0.03   0.49   0.03   0.93   0.03   0.95   0.95   0.59   0.63   0.62   0.84   0.77   0.03   0.87   0.93   0.94   0.87   0.95   0.99   0.95   0.95   0.99   0.62   0.62   0.95   0.03   0.94   0.62   0.95   0.28   0.99   0.01   0.94   0.77   0.84   0.66   0.99   
0.50   0.50   0.50   0.22   0.50   0.04   0.50   0.50   0.89   0.50   0.12   0.50   0.60   0.11   0.51   0.50   0.50   0.50   0.33   0.50   0.50   0.06   0.42   0.10   0.50   0.19   0.50   0.50   0.72   0.50   0.63   0.59   0.50   0.57   0.50   0.68   0.45   0.50   0.50   0.50   0.31   0.65   0.06   0.50   0.50   0.21   0.50   0.50   0.50   0.10   0.96   0.50   0.50   0.50   0.34   0.07   0.29   0.50   0.50   0.50   0.50   0.50   0.43   0.93   0.39   0.50   0.18   0.84   0.50   0.50   0.50   0.50   0.50   0.60   0.50   0.41   0.50   0.50   
0.85   0.03   0.15   0.02   0.03   0.03   0.71   0.90   0.98   0.61   0.02   0.16   0.90   0.01   0.15   0.61   0.01   0.98   0.84   0.03   0.16   0.01   0.85   0.03   0.98   0.02   0.61   0.01   0.03   0.01   0.85   0.92   0.61   0.86   0.91   0.96   0.06   0.61   0.91   0.61   0.01   0.62   0.10   0.61   0.89   0.02   0.97   0.98   0.03   0.13   0.99   0.85   0.98   0.61   0.88   0.28   0.95   0.98   0.98   0.98   0.98   0.99   0.99   0.99   0.79   0.99   0.02   1.00   0.98   0.98   0.91   0.98   0.01   0.99   0.99   0.84   0.91   0.98   

5.00   5.00   5.00   5.00   5.00   5.00   5.00   5.00   5.00   5.00   5.00   5.00   5.00   5.00   5.00   5.00   5.00   5.00   5.00   5.00   5.00   5.00   5.00   5.00   5.00   5.00   5.00   5.00   5.00   5.00   5.00   5.00   5.00   5.00   5.00   5.00   5.00   5.00   5.00   5.00   5.00   5.00   5.00   5.00   5.00   5.00   5.00   5.00   5.00   5.00   5.00   5.00   5.00   5.00   5.00   5.00   5.00   5.00   5.00   5.00   5.00   5.00   5.00   5.00   5.00   5.00   5.00   5.00   5.00   5.00   5.00   5.00   5.00   5.00   5.00   5.00   5.00   5.00   
0.39   0.06   0.13   0.03   0.06   0.29   0.13   0.42   0.69   0.03   0.13   0.13   0.45   0.03   0.49   0.03   0.01   0.57   0.57   0.06   0.13   0.13   0.76   0.22   0.99   0.03   0.03   0.01   0.01   0.01   0.23   0.76   0.03   0.42   0.90   0.84   0.03   0.03   0.81   0.03   0.06   0.03   0.36   0.03   0.93   0.03   0.96   0.96   0.33   0.39   0.74   0.59   0.84   0.03   0.89   0.68   0.96   0.89   0.96   0.99   0.96   0.96   0.99   0.74   0.74   0.96   0.03   0.96   0.74   0.96   0.18   0.99   0.01   0.96   0.84   0.84   0.76   0.99   
0.39   0.06   0.13   0.03   0.06   0.29   0.13   0.42   0.69   0.03   0.13   0.13   0.45   0.03   0.49   0.03   0.01   0.57   0.57   0.06   0.13   0.13   0.76   0.22   0.99   0.03   0.03   0.01   0.01   0.01   0.23   0.76   0.03   0.42   0.90   0.84   0.03   0.03   0.81   0.03   0.06   0.03   0.36   0.03   0.93   0.03   0.96   0.96   0.33   0.39   0.74   0.59   0.84   0.03   0.89   0.68   0.96   0.89   0.96   0.99   0.96   0.96   0.99   0.74   0.74   0.96   0.03   0.96   0.74   0.96   0.18   0.99   0.01   0.96   0.84   0.84   0.76   0.99   
0.50   0.50   0.50   0.29   0.50   0.06   0.50   0.50   0.91   0.50   0.15   0.50   0.68   0.12   0.55   0.50   0.50   0.50   0.38   0.50   0.50   0.10   0.50   0.14   0.50   0.24   0.50   0.50   0.77   0.50   0.70   0.55   0.50   0.62   0.50   0.69   0.50   0.50   0.50   0.50   0.41   0.68   0.08   0.50   0.50   0.29   0.50   0.50   0.50   0.13   0.96   0.50   0.50   0.50   0.43   0.11   0.34   0.50   0.50   0.50   0.50   0.50   0.51   0.95   0.52   0.50   0.20   0.50   0.50   0.50   0.50   0.50   0.50   0.61   0.50   0.51   0.50   0.50   
0.86   0.03   0.15   0.03   0.03   0.03   0.71   0.89   0.99   0.61   0.03   0.17   0.87   0.01   0.81   0.61   0.01   0.98   0.76   0.03   0.17   0.02   0.93   0.03   0.98   0.02   0.61   0.01   0.03   0.01   0.81   0.94   0.61   0.80   0.90   0.98   0.07   0.61   0.90   0.61   0.02   0.61   0.11   0.61   0.89   0.03   0.97   0.98   0.03   0.11   1.00   0.86   0.98   0.61   0.94   0.26   0.97   0.98   0.98   0.98   0.98   0.99   1.00   1.00   0.92   0.99   0.02   0.99   0.98   0.98   0.90   0.98   0.01   0.99   0.99   0.93   0.90   0.98   

5.00   5.00   5.00   5.00   5.00   5.00   5.00   5.00   5.00   5.00   5.00   5.00   5.00   5.00   5.00   5.00   5.00   5.00   5.00   5.00   5.00   5.00   5.00   5.00   5.00   5.00   5.00   5.00   5.00   5.00   5.00   5.00   5.00   5.00   5.00   5.00   5.00   5.00   5.00   5.00   5.00   5.00   5.00   5.00   5.00   5.00   5.00   5.00   5.00   5.00   5.00   5.00   5.00   5.00   5.00   5.00   5.00   5.00   5.00   5.00   5.00   5.00   5.00   5.00   5.00   5.00   5.00   5.00   5.00   5.00   5.00   5.00   5.00   5.00   5.00   5.00   5.00   5.00   
0.33   0.05   0.10   0.14   0.05   0.23   0.10   0.36   0.70   0.03   0.10   0.10   0.38   0.03   0.43   0.03   0.01   0.49   0.49   0.05   0.10   0.10   0.69   0.18   1.00   0.03   0.03   0.01   0.01   0.01   0.19   0.69   0.03   0.46   0.87   0.77   0.03   0.03   0.77   0.14   0.05   0.03   0.30   0.03   0.95   0.03   0.98   0.97   0.39   0.35   0.67   0.53   0.77   0.03   0.85   0.63   0.97   0.85   0.97   1.00   0.97   0.93   0.98   0.67   0.67   0.93   0.03   0.97   0.67   0.93   0.15   0.98   0.01   0.93   0.77   0.87   0.69   0.98   
0.33   0.05   0.10   0.14   0.05   0.23   0.10   0.36   0.70   0.03   0.10   0.10   0.38   0.03   0.43   0.03   0.01   0.49   0.49   0.05   0.10   0.10   0.69   0.18   1.00   0.03   0.03   0.01   0.01   0.01   0.19   0.69   0.03   0.46   0.87   0.77   0.03   0.03   0.77   0.14   0.05   0.03   0.30   0.03   0.95   0.03   0.98   0.97   0.39   0.35   0.67   0.53   0.77   0.03   0.85   0.63   0.97   0.85   0.97   1.00   0.97   0.93   0.98   0.67   0.67   0.93   0.03   0.97   0.67   0.93   0.15   0.98   0.01   0.93   0.77   0.87   0.69   0.98   
0.50   0.50   0.50   0.20   0.50   0.06   0.50   0.50   0.96   0.50   0.13   0.50   0.67   0.17   0.53   0.50   0.50   0.50   0.43   0.50   0.50   0.08   0.33   0.10   0.50   0.11   0.50   0.50   0.65   0.50   0.69   0.56   0.50   0.71   0.50   0.77   0.62   0.50   0.50   0.50   0.25   0.74   0.06   0.50   0.50   0.18   0.50   0.50   0.50   0.11   0.50   0.50   0.50   0.50   0.69   0.07   0.28   0.50   0.50   0.50   0.50   0.50   0.50   0.50   0.62   0.50   0.23   0.50   0.50   0.50   0.50   0.50   0.50   0.69   0.50   0.44   0.50   0.50   
0.85   0.03   0.15   0.08   0.03   0.03   0.72   0.89   1.00   0.61   0.02   0.16   0.86   0.01   0.78   0.61   0.01   0.98   0.78   0.03   0.16   0.01   0.84   0.02   0.98   0.01   0.61   0.01   0.02   0.01   0.80   0.93   0.61   0.89   0.90   0.98   0.10   0.61   0.90   0.61   0.01   0.65   0.07   0.61   0.89   0.02   0.97   0.98   0.03   0.09   0.91   0.85   0.98   0.61   0.98   0.17   0.98   0.98   0.98   0.98   0.98   0.99   1.00   0.91   0.94   0.99   0.02   0.99   0.98   0.98   0.90   0.98   0.01   0.99   0.99   0.92   0.90   0.98   

5.00   5.00   5.00   5.00   5.00   5.00   5.00   5.00   5.00   5.00   5.00   5.00   5.00   5.00   5.00   5.00   5.00   5.00   5.00   5.00   5.00   5.00   5.00   5.00   5.00   5.00   5.00   5.00   5.00   5.00   5.00   5.00   5.00   5.00   5.00   5.00   5.00   5.00   5.00   5.00   5.00   5.00   5.00   5.00   5.00   5.00   5.00   5.00   5.00   5.00   5.00   5.00   5.00   5.00   5.00   5.00   5.00   5.00   5.00   5.00   5.00   5.00   5.00   5.00   5.00   5.00   5.00   5.00   5.00   5.00   5.00   5.00   5.00   5.00   5.00   5.00   5.00   5.00   
0.16   0.02   0.05   0.22   0.02   0.12   0.17   0.19   0.73   0.02   0.17   0.17   0.41   0.02   0.29   0.02   0.01   0.29   0.29   0.02   0.05   0.17   0.49   0.07   1.00   0.12   0.02   0.01   0.01   0.01   0.26   0.69   0.12   0.48   0.87   0.76   0.02   0.12   0.78   0.22   0.02   0.12   0.17   0.12   0.93   0.02   0.98   0.97   0.39   0.22   0.66   0.48   0.76   0.02   0.84   0.40   0.98   0.84   0.97   1.00   0.97   0.93   0.98   0.66   0.66   0.93   0.12   0.98   0.66   0.93   0.20   0.98   0.07   0.94   0.76   0.86   0.69   0.98   
0.16   0.02   0.05   0.22   0.02   0.12   0.17   0.19   0.73   0.02   0.17   0.17   0.41   0.02   0.29   0.02   0.01   0.29   0.29   0.02   0.05   0.17   0.49   0.07   1.00   0.12   0.02   0.01   0.01   0.01   0.26   0.69   0.12   0.48   0.87   0.76   0.02   0.12   0.78   0.22   0.02   0.12   0.17   0.12   0.93   0.02   0.98   0.97   0.39   0.22   0.66   0.48   0.76   0.02   0.84   0.40   0.98   0.84   0.97   1.00   0.97   0.93   0.98   0.66   0.66   0.93   0.12   0.98   0.66   0.93   0.20   0.98   0.07   0.94   0.76   0.86   0.69   0.98   
0.50   0.50   0.50   0.22   0.50   0.08   0.50   0.50   0.50   0.50   0.16   0.50   0.68   0.18   0.57   0.50   0.50   0.50   0.42   0.50   0.50   0.10   0.38   0.11   0.50   0.11   0.50   0.50   0.61   0.50   0.67   0.61   0.50   0.74   0.50   0.78   0.65   0.50   0.50   0.50   0.26   0.73   0.08   0.50   0.50   0.21   0.50   0.50   0.50   0.15   0.50   0.50   0.50   0.50   0.70   0.08   0.29   0.50   0.50   0.50   0.50   0.50   0.50   0.50   0.55   0.50   0.25   0.50   0.50   0.50   0.50   0.50   0.50   0.73   0.50   0.48   0.50   0.50   
0.36   0.02   0.13   0.15   0.02   0.02   0.74   0.83   0.94   0.63   0.06   0.15   0.88   0.01   0.47   0.63   0.01   0.98   0.35   0.02   0.15   0.04   0.70   0.01   0.98   0.03   0.63   0.01   0.01   0.01   0.82   0.94   0.63   0.92   0.91   0.98   0.09   0.63   0.91   0.63   0.01   0.70   0.03   0.63   0.82   0.01   0.97   0.98   0.02   0.06   0.90   0.36   0.98   0.63   0.97   0.06   0.98   0.98   0.98   0.98   0.98   0.99   1.00   0.90   0.91   0.99   0.08   0.99   0.98   0.98   0.91   0.98   0.01   0.99   0.99   0.92   0.91   0.98   

0.34   0.34   0.34   0.37   0.33   0.31   0.32   0.36   0.36   0.36   0.33   0.36   0.38   0.32   0.35   0.33   0.50   0.37   0.36   0.35   0.35   0.34   0.38   0.35   0.50   0.40   0.33   0.50   0.50   0.50   0.37   0.33   0.32   0.37   0.36   0.35   0.33   0.34   0.37   0.35   0.36   0.36   0.34   0.38   0.41   0.36   0.34   0.44   0.34   0.31   0.36   0.33   0.37   0.34   0.33   0.36   0.34   0.36   0.37   0.50   0.41   0.37   0.33   0.36   0.38   0.37   0.35   0.34   0.37   0.34   0.39   0.36   0.37   0.31   0.37   0.32   0.39   0.40   
0.06   0.01   0.02   0.10   0.01   0.03   0.06   0.06   0.65   0.01   0.06   0.07   0.21   0.01   0.11   0.01   0.01   0.11   0.10   0.01   0.02   0.06   0.22   0.02   1.00   0.07   0.01   0.01   0.01   0.01   0.11   0.55   0.04   0.25   0.83   0.67   0.01   0.05   0.69   0.09   0.01   0.05   0.05   0.06   0.92   0.01   0.97   0.98   0.17   0.06   0.36   0.21   0.71   0.01   0.75   0.15   0.96   0.77   0.97   1.00   0.97   0.89   0.96   0.36   0.61   0.91   0.05   0.97   0.37   0.88   0.09   0.96   0.04   0.90   0.68   0.75   0.62   0.98   
0.16   0.03   0.04   0.22   0.02   0.10   0.16   0.17   0.73   0.03   0.16   0.16   0.40   0.02   0.27   0.02   0.01   0.26   0.26   0.03   0.04   0.16   0.45   0.06   0.99   0.12   0.02   0.01   0.01   0.01   0.24   0.66   0.11   0.48   0.87   0.73   0.03   0.11   0.75   0.22   0.03   0.11   0.15   0.12   0.93   0.03   0.98   0.98   0.39   0.20   0.63   0.48   0.76   0.02   0.83   0.37   0.97   0.83   0.98   0.99   0.98   0.91   0.97   0.63   0.66   0.93   0.11   0.98   0.63   0.91   0.18   0.97   0.07   0.94   0.73   0.84   0.66   0.98   
0.50   0.50   0.50   0.16   0.50   0.05   0.50   0.50   0.50   0.50   0.11   0.50   0.67   0.13   0.53   0.50   0.50   0.50   0.37   0.50   0.50   0.07   0.32   0.07   0.50   0.07   0.50   0.50   0.59   0.50   0.66   0.59   0.50   0.74   0.50   0.78   0.62   0.50   0.50   0.50   0.20   0.72   0.05   0.50   0.50   0.16   0.50   0.50   0.50   0.10   0.50   0.50   0.50   0.50   0.69   0.05   0.23   0.50   0.50   0.50   0.50   0.50   0.50   0.50   0.52   0.50   0.19   0.50   0.50   0.50   0.50   0.50   0.50   0.72   0.50   0.43   0.50   0.50   
0.26   0.02   0.12   0.12   0.02   0.01   0.76   0.78   0.95   0.64   0.04   0.14   0.88   0.01   0.34   0.64   0.01   0.98   0.22   0.02   0.14   0.02   0.34   0.00   0.98   0.02   0.64   0.01   0.01   0.01   0.81   0.91   0.64   0.92   0.92   0.97   0.09   0.64   0.92   0.64   0.01   0.69   0.01   0.64   0.78   0.01   0.97   0.98   0.02   0.03   0.88   0.26   0.98   0.64   0.97   0.03   0.97   0.98   0.98   0.98   0.98   0.99   1.00   0.88   0.88   0.99   0.06   0.99   0.98   0.98   0.92   0.98   0.01   0.99   0.99   0.88   0.92   0.98   

0.34   0.34   0.34   0.37   0.33   0.31   0.32   0.36   0.36   0.36   0.33   0.36   0.38   0.32   0.35   0.33   0.50   0.37   0.36   0.35   0.35   0.34   0.38   0.35   0.50   0.40   0.33   0.50   0.50   0.50   0.37   0.33   0.32   0.37   0.36   0.35   0.33   0.34   0.37   0.35   0.36   0.36   0.34   0.38   0.41   0.36   0.34   0.44   0.34   0.31   0.36   0.33   0.37   0.34   0.33   0.36   0.34   0.36   0.37   0.50   0.41   0.37   0.33   0.36   0.38   0.37   0.35   0.34   0.37   0.34   0.39   0.36   0.37   0.31   0.37   0.32   0.39   0.40   
0.08   0.01   0.02   0.12   0.01   0.05   0.06   0.10   0.62   0.01   0.07   0.07   0.35   0.01   0.22   0.01   0.01   0.25   0.16   0.01   0.02   0.07   0.53   0.04   0.99   0.07   0.01   0.01   0.01   0.01   0.13   0.52   0.04   0.53   0.87   0.74   0.01   0.05   0.64   0.11   0.01   0.05   0.14   0.06   0.94   0.01   0.97   0.98   0.31   0.10   0.65   0.35   0.64   0.01   0.80   0.32   0.95   0.82   0.97   0.99   0.97   0.79   0.86   0.38   0.41   0.81   0.05   0.87   0.38   0.90   0.20   0.96   0.03   0.90   0.75   0.82   0.71   0.97   
0.20   0.03   0.04   0.23   0.02   0.13   0.15   0.22   0.70   0.02   0.15   0.15   0.53   0.02   0.42   0.02   0.01   0.46   0.32   0.03   0.04   0.15   0.63   0.09   1.00   0.11   0.02   0.01   0.01   0.01   0.23   0.64   0.10   0.62   0.91   0.81   0.02   0.10   0.72   0.23   0.03   0.10   0.31   0.11   0.96   0.02   0.98   0.98   0.55   0.26   0.74   0.64   0.71   0.02   0.88   0.58   0.97   0.88   0.98   1.00   0.98   0.85   0.91   0.61   0.63   0.86   0.10   0.92   0.61   0.94   0.34   0.98   0.06   0.95   0.81   0.90   0.76   0.98   
0.50   0.50   0.50   0.10   0.50   0.07   0.50   0.50   0.50   0.50   0.19   0.50   0.67   0.21   0.50   0.50   0.50   0.50   0.39   0.50   0.50   0.11   0.33   0.50   0.50   0.06   0.50   0.50   0.68   0.50   0.53   0.62   0.50   0.76   0.50   0.64   0.65   0.50   0.50   0.50   0.50   0.65   0.04   0.50   0.50   0.15   0.50   0.50   0.50   0.10   0.50   0.50   0.50   0.50   0.66   0.07   0.17   0.50   0.50   0.50   0.50   0.50   0.50   0.50   0.61   0.50   0.25   0.50   0.50   0.50   0.50   0.50   0.50   0.67   0.50   0.34   0.50   0.50   
0.45   0.03   0.12   0.03   0.03   0.01   0.71   0.86   0.92   0.59   0.04   0.13   0.88   0.01   0.74   0.59   0.01   0.98   0.31   0.03   0.13   0.02   0.78   0.07   0.98   0.01   0.59   0.01   0.01   0.01   0.32   0.88   0.59   0.93   0.90   0.96   0.06   0.59   0.90   0.59   0.02   0.18   0.04   0.59   0.87   0.01   0.97   0.98   0.03   0.04   0.90   0.45   0.98   0.59   0.97   0.12   0.96   0.98   0.98   0.98   0.98   0.99   1.00   0.90   0.85   0.99   0.04   0.99   0.98   0.98   0.90   0.98   0.01   0.99   0.99   0.90   0.90   0.98   

0.34   0.34   0.34   0.37   0.33   0.31   0.32   0.36   0.36   0.36   0.33   0.36   0.38   0.32   0.35   0.33   0.50   0.37   0.36   0.35   0.35   0.34   0.38   0.35   0.50   0.40   0.33   0.50   0.50   0.50   0.37   0.33   0.32   0.37   0.36   0.35   0.33   0.34   0.37   0.35   0.36   0.36   0.34   0.38   0.41   0.36   0.34   0.44   0.34   0.31   0.36   0.33   0.37   0.34   0.33   0.36   0.34   0.36   0.37   0.50   0.41   0.37   0.33   0.36   0.38   0.37   0.35   0.34   0.37   0.34   0.39   0.36   0.37   0.31   0.37   0.32   0.39   0.40   
0.05   0.01   0.01   0.07   0.01   0.03   0.04   0.06   0.33   0.01   0.05   0.05   0.21   0.01   0.13   0.01   0.01   0.15   0.10   0.01   0.01   0.05   0.26   0.02   1.00   0.05   0.01   0.01   0.01   0.01   0.08   0.27   0.03   0.25   0.91   0.81   0.01   0.03   0.75   0.07   0.01   0.04   0.09   0.05   0.82   0.01   0.97   0.98   0.18   0.06   0.37   0.23   0.36   0.01   0.66   0.20   0.96   0.88   0.97   1.00   0.98   0.66   0.72   0.28   0.30   0.87   0.03   0.90   0.28   0.75   0.12   0.97   0.02   0.93   0.61   0.66   0.58   0.98   
0.15   0.02   0.03   0.17   0.01   0.09   0.12   0.16   0.62   0.02   0.12   0.12   0.43   0.02   0.33   0.02   0.01   0.35   0.24   0.02   0.03   0.12   0.53   0.05   1.00   0.09   0.02   0.01   0.01   0.01   0.18   0.57   0.08   0.51   0.95   0.89   0.02   0.08   0.84   0.17   0.02   0.08   0.23   0.09   0.87   0.02   0.99   0.98   0.43   0.18   0.66   0.53   0.64   0.02   0.80   0.45   0.98   0.93   0.98   1.00   0.98   0.77   0.84   0.54   0.56   0.92   0.08   0.95   0.54   0.86   0.25   0.98   0.05   0.97   0.73   0.81   0.68   0.99   
0.50   0.50   0.50   0.10   0.50   0.07   0.50   0.50   0.50   0.50   0.18   0.50   0.66   0.25   0.45   0.50   0.50   0.50   0.39   0.50   0.50   0.16   0.25   0.50   0.50   0.03   0.50   0.50   0.56   0.50   0.59   0.62   0.50   0.71   0.50   0.68   0.64   0.50   0.50   0.50   0.50   0.65   0.05   0.50   0.50   0.50   0.50   0.50   0.50   0.12   0.50   0.50   0.50   0.50   0.65   0.08   0.20   0.50   0.50   0.50   0.50   0.50   0.50   0.50   0.62   0.50   0.29   0.50   0.50   0.50   0.50   0.50   0.50   0.73   0.50   0.36   0.50   0.50   
0.37   0.02   0.11   0.03   0.02   0.01   0.69   0.83   0.91   0.56   0.03   0.12   0.84   0.01   0.43   0.56   0.01   0.98   0.24   0.02   0.12   0.03   0.40   0.05   0.98   0.00   0.56   0.01   0.01   0.01   0.33   0.83   0.56   0.88   0.90   0.98   0.06   0.56   0.90   0.56   0.02   0.17   0.03   0.56   0.84   0.03   0.96   0.98   0.02   0.03   0.88   0.37   0.98   0.56   0.96   0.09   0.98   0.98   0.98   0.98   0.98   0.99   1.00   0.88   0.82   0.99   0.04   0.98   0.98   0.98   0.90   0.98   0.01   0.99   0.99   0.84   0.90   0.98   

0.23   0.20   0.22   0.41   0.50   0.09   0.13   0.33   0.33   0.43   0.16   0.34   0.55   0.50   0.29   0.16   0.50   0.43   0.30   0.31   0.30   0.21   0.49   0.31   0.50   0.65   0.19   0.50   0.50   0.50   0.46   0.15   0.14   0.43   0.36   0.28   0.15   0.20   0.42   0.31   0.37   0.40   0.21   0.49   0.77   0.35   0.18   0.90   0.23   0.09   0.38   0.15   0.45   0.20   0.17   0.32   0.22   0.30   0.47   0.50   0.75   0.42   0.17   0.42   0.51   0.43   0.28   0.17   0.47   0.20   0.59   0.34   0.44   0.10   0.40   0.13   0.59   0.68   
0.03   0.00   0.01   0.07   0.01   0.01   0.01   0.05   0.24   0.01   0.01   0.04   0.28   0.01   0.09   0.00   0.00   0.16   0.07   0.01   0.01   0.02   0.53   0.01   0.99   0.10   0.00   0.00   0.00   0.00   0.08   0.09   0.01   0.24   0.92   0.76   0.00   0.01   0.78   0.04   0.01   0.03   0.04   0.05   0.93   0.01   0.88   1.00   0.08   0.01   0.40   0.07   0.61   0.00   0.21   0.14   0.94   0.86   0.96   0.99   0.99   0.61   0.25   0.27   0.36   0.84   0.02   0.68   0.31   0.31   0.19   0.93   0.02   0.39   0.57   0.17   0.70   0.99   
0.14   0.02   0.03   0.16   0.01   0.08   0.11   0.15   0.61   0.02   0.11   0.11   0.42   0.01   0.33   0.01   0.01   0.35   0.24   0.02   0.03   0.11   0.63   0.05   1.00   0.09   0.01   0.01   0.01   0.01   0.17   0.57   0.07   0.49   0.96   0.92   0.02   0.07   0.89   0.16   0.02   0.07   0.23   0.09   0.86   0.02   0.98   0.98   0.41   0.17   0.75   0.51   0.73   0.01   0.79   0.44   0.99   0.95   0.98   1.00   0.98   0.76   0.83   0.54   0.56   0.91   0.07   0.94   0.54   0.85   0.25   0.98   0.04   0.96   0.73   0.80   0.68   0.98   
0.50   0.50   0.50   0.07   0.50   0.08   0.50   0.50   0.50   0.50   0.21   0.50   0.75   0.38   0.53   0.50   0.50   0.50   0.40   0.50   0.50   0.14   0.31   0.50   0.50   0.50   0.50   0.50   0.66   0.50   0.55   0.72   0.50   0.77   0.50   0.70   0.75   0.50   0.50   0.50   0.50   0.65   0.04   0.50   0.50   0.50   0.50   0.50   0.50   0.15   0.50   0.50   0.50   0.50   0.75   0.07   0.21   0.50   0.50   0.50   0.50   0.50   0.50   0.50   0.59   0.50   0.28   0.50   0.50   0.50   0.50   0.50   0.50   0.50   0.50   0.54   0.50   0.50   
0.40   0.02   0.11   0.02   0.02   0.01   0.70   0.84   0.91   0.58   0.04   0.13   0.89   0.02   0.73   0.58   0.01   0.98   0.28   0.02   0.13   0.03   0.84   0.06   0.98   0.09   0.58   0.01   0.01   0.01   0.29   0.90   0.58   0.91   0.91   0.99   0.09   0.58   0.91   0.58   0.01   0.16   0.03   0.58   0.85   0.03   0.97   0.98   0.02   0.04   0.90   0.40   0.98   0.58   0.97   0.09   0.98   0.98   0.98   0.98   0.98   0.99   1.00   0.90   0.82   0.99   0.04   0.99   0.98   0.98   0.91   0.98   0.01   0.99   0.99   0.91   0.91   0.98   

0.14   0.50   0.50   0.30   0.50   0.50   0.05   0.14   0.28   0.35   0.07   0.22   0.61   0.50   0.16   0.50   0.50   0.43   0.18   0.50   0.14   0.15   0.54   0.16   0.50   0.70   0.50   0.50   0.50   0.50   0.49   0.06   0.04   0.37   0.21   0.17   0.50   0.09   0.57   0.21   0.26   0.36   0.09   0.52   0.92   0.32   0.10   0.50   0.08   0.02   0.31   0.04   0.46   0.50   0.06   0.14   0.14   0.21   0.42   0.50   0.85   0.37   0.06   0.49   0.53   0.53   0.24   0.07   0.43   0.13   0.71   0.28   0.32   0.02   0.36   0.04   0.64   0.81   
0.01   0.01   0.02   0.03   0.01   0.04   0.00   0.01   0.14   0.01   0.00   0.01   0.27   0.01   0.03   0.01   0.00   0.13   0.03   0.01   0.00   0.01   0.36   0.00   0.99   0.09   0.01   0.00   0.00   0.00   0.07   0.02   0.00   0.15   0.79   0.31   0.01   0.00   0.78   0.02   0.00   0.02   0.01   0.05   0.97   0.01   0.68   0.95   0.02   0.00   0.24   0.01   0.36   0.01   0.05   0.04   0.83   0.66   0.93   0.99   0.99   0.31   0.07   0.24   0.28   0.81   0.01   0.17   0.19   0.15   0.22   0.86   0.01   0.08   0.27   0.04   0.63   0.99   
0.14   0.02   0.03   0.16   0.01   0.08   0.10   0.16   0.60   0.02   0.10   0.10   0.47   0.01   0.33   0.01   0.01   0.41   0.29   0.02   0.03   0.10   0.67   0.05   1.00   0.08   0.01   0.01   0.01   0.01   0.17   0.55   0.07   0.54   0.97   0.91   0.02   0.07   0.87   0.16   0.02   0.07   0.23   0.08   0.85   0.02   0.97   0.98   0.41   0.17   0.73   0.51   0.72   0.01   0.78   0.45   0.98   0.95   0.97   1.00   0.97   0.75   0.85   0.52   0.54   0.90   0.07   0.93   0.52   0.84   0.25   0.97   0.04   0.95   0.72   0.79   0.67   0.97   
0.50   0.50   0.50   0.07   0.50   0.08   0.50   0.50   0.50   0.50   0.19   0.50   0.71   0.35   0.49   0.50   0.50   0.50   0.37   0.50   0.50   0.14   0.29   0.50   0.50   0.50   0.50   0.50   0.61   0.50   0.51   0.68   0.50   0.72   0.50   0.66   0.70   0.50   0.50   0.50   0.50   0.61   0.04   0.50   0.50   0.50   0.50   0.50   0.50   0.14   0.50   0.50   0.50   0.50   0.71   0.07   0.20   0.50   0.50   0.50   0.50   0.50   0.50   0.50   0.55   0.50   0.26   0.50   0.50   0.50   0.50   0.50   0.50   0.50   0.50   0.50   0.50   0.50   
0.40   0.02   0.11   0.02   0.02   0.01   0.70   0.85   0.91   0.58   0.03   0.12   0.89   0.02   0.50   0.58   0.01   0.98   0.32   0.02   0.12   0.02   0.84   0.06   0.98   0.09   0.58   0.01   0.01   0.01   0.24   0.87   0.58   0.91   0.91   0.99   0.07   0.58   0.91   0.58   0.01   0.12   0.03   0.58   0.86   0.03   0.97   0.98   0.02   0.04   0.90   0.40   0.98   0.58   0.96   0.09   0.98   0.98   0.98   0.98   0.98   0.99   1.00   0.90   0.77   0.99   0.03   0.99   0.98   0.98   0.91   0.98   0.01   0.99   0.99   0.89   0.91   0.98   

0.06   0.50   0.50   0.21   0.50   0.50   0.50   0.09   0.22   0.50   0.50   0.16   0.60   0.50   0.11   0.50   0.50   0.44   0.18   0.50   0.50   0.09   0.48   0.50   0.50   0.65   0.50   0.50   0.50   0.50   0.31   0.04   0.50   0.34   0.16   0.10   0.50   0.50   0.53   0.09   0.50   0.21   0.04   0.43   0.97   0.50   0.06   0.50   0.04   0.50   0.34   0.02   0.34   0.50   0.03   0.11   0.04   0.22   0.42   0.50   0.94   0.37   0.03   0.34   0.57   0.38   0.07   0.04   0.42   0.09   0.84   0.15   0.25   0.01   0.42   0.01   0.71   0.85   
0.00   0.01   0.02   0.02   0.01   0.03   0.04   0.01   0.13   0.01   0.04   0.01   0.23   0.01   0.01   0.01   0.00   0.11   0.02   0.01   0.02   0.00   0.23   0.02   0.99   0.07   0.01   0.00   0.00   0.00   0.03   0.01   0.03   0.18   0.68   0.19   0.01   0.03   0.73   0.01   0.01   0.01   0.00   0.03   0.99   0.01   0.53   0.94   0.01   0.06   0.28   0.00   0.18   0.01   0.02   0.02   0.19   0.29   0.92   0.99   0.98   0.23   0.02   0.11   0.25   0.68   0.00   0.10   0.23   0.11   0.35   0.71   0.01   0.02   0.25   0.01   0.72   0.99   
0.12   0.02   0.03   0.15   0.01   0.08   0.10   0.13   0.71   0.02   0.10   0.10   0.45   0.01   0.30   0.01   0.01   0.37   0.26   0.02   0.03   0.10   0.62   0.04   1.00   0.08   0.01   0.01   0.01   0.01   0.16   0.51   0.07   0.65   0.97   0.93   0.02   0.07   0.90   0.15   0.02   0.07   0.20   0.08   0.88   0.02   0.98   0.98   0.39   0.15   0.80   0.46   0.67   0.01   0.83   0.40   0.98   0.90   0.97   1.00   0.92   0.69   0.79   0.48   0.50   0.92   0.07   0.94   0.66   0.87   0.23   0.97   0.04   0.90   0.66   0.72   0.76   0.98   
0.50   0.50   0.50   0.05   0.50   0.06   0.50   0.50   0.50   0.50   0.16   0.50   0.76   0.34   0.51   0.50   0.50   0.50   0.36   0.50   0.50   0.10   0.26   0.50   0.50   0.50   0.50   0.50   0.65   0.50   0.53   0.73   0.50   0.78   0.50   0.71   0.76   0.50   0.50   0.50   0.50   0.65   0.02   0.50   0.50   0.50   0.50   0.50   0.50   0.11   0.50   0.50   0.50   0.50   0.76   0.04   0.16   0.50   0.50   0.50   0.50   0.50   0.50   0.50   0.58   0.50   0.23   0.50   0.50   0.50   0.50   0.50   0.50   0.50   0.50   0.51   0.50   0.50   
0.86   0.03   0.12   0.01   0.03   0.01   0.71   0.88   0.90   0.58   0.03   0.66   0.91   0.01   0.65   0.58   0.01   0.98   0.35   0.03   0.66   0.02   0.79   0.06   0.98   0.08   0.58   0.01   0.01   0.01   0.25   0.89   0.58   0.96   0.89   0.99   0.07   0.58   0.89   0.58   0.02   0.14   0.02   0.58   0.90   0.03   0.96   0.98   0.03   0.03   0.91   0.86   0.98   0.58   0.98   0.07   0.98   0.98   0.98   0.98   0.98   0.99   1.00   0.91   0.80   0.99   0.03   0.99   0.98   0.98   0.89   0.98   0.01   0.99   0.99   0.89   0.89   0.98   

0.50   0.50   0.50   0.14   0.50   0.50   0.50   0.50   0.15   0.50   0.50   0.09   0.41   0.50   0.07   0.50   0.50   0.30   0.10   0.50   0.50   0.50   0.35   0.50   0.50   0.50   0.50   0.50   0.50   0.50   0.14   0.03   0.50   0.24   0.11   0.07   0.50   0.50   0.34   0.05   0.50   0.10   0.50   0.25   0.89   0.50   0.04   0.50   0.03   0.50   0.21   0.50   0.24   0.50   0.02   0.07   0.02   0.15   0.28   0.50   0.84   0.25   0.03   0.17   0.34   0.23   0.50   0.03   0.25   0.06   0.67   0.08   0.16   0.01   0.28   0.01   0.53   0.71   
0.04   0.01   0.01   0.01   0.01   0.03   0.03   0.04   0.06   0.01   0.03   0.00   0.08   0.01   0.01   0.01   0.00   0.04   0.01   0.01   0.01   0.03   0.08   0.02   0.99   0.03   0.01   0.00   0.00   0.00   0.01   0.00   0.02   0.06   0.11   0.09   0.01   0.02   0.31   0.00   0.01   0.00   0.06   0.01   0.93   0.01   0.12   0.90   0.00   0.04   0.13   0.14   0.09   0.01   0.01   0.01   0.09   0.15   0.79   0.99   0.93   0.11   0.01   0.04   0.10   0.26   0.02   0.05   0.09   0.03   0.17   0.19   0.00   0.01   0.12   0.00   0.35   0.96   
0.11   0.02   0.03   0.14   0.01   0.07   0.09   0.13   0.78   0.02   0.09   0.09   0.42   0.01   0.29   0.01   0.01   0.34   0.24   0.02   0.03   0.09   0.58   0.04   1.00   0.07   0.01   0.01   0.01   0.01   0.16   0.48   0.06   0.62   0.93   0.95   0.02   0.06   0.92   0.14   0.02   0.06   0.19   0.07   0.90   0.02   0.98   0.94   0.37   0.14   0.85   0.58   0.74   0.01   0.87   0.51   0.99   0.92   0.98   1.00   0.94   0.76   0.84   0.60   0.61   0.94   0.06   0.96   0.74   0.83   0.37   0.98   0.04   0.92   0.74   0.79   0.81   0.98   
0.50   0.50   0.50   0.05   0.50   0.06   0.50   0.50   0.50   0.50   0.16   0.50   0.71   0.32   0.47   0.50   0.50   0.50   0.34   0.50   0.50   0.11   0.25   0.50   0.50   0.50   0.50   0.50   0.60   0.50   0.49   0.68   0.50   0.72   0.50   0.65   0.70   0.50   0.50   0.50   0.50   0.60   0.03   0.50   0.50   0.50   0.50   0.50   0.50   0.12   0.50   0.50   0.50   0.50   0.71   0.05   0.16   0.50   0.50   0.50   0.50   0.50   0.50   0.50   0.53   0.50   0.23   0.50   0.50   0.50   0.50   0.50   0.50   0.50   0.50   0.47   0.50   0.50   
0.37   0.02   0.10   0.01   0.02   0.01   0.69   0.84   0.90   0.56   0.02   0.11   0.83   0.01   0.38   0.56   0.01   0.98   0.20   0.02   0.11   0.01   0.49   0.05   0.98   0.08   0.56   0.01   0.01   0.01   0.18   0.80   0.56   0.91   0.90   0.99   0.06   0.56   0.90   0.56   0.01   0.11   0.02   0.56   0.85   0.03   0.96   0.98   0.02   0.02   0.89   0.37   0.98   0.56   0.98   0.08   0.98   0.98   0.98   0.98   0.98   0.99   1.00   0.89   0.78   0.99   0.02   0.99   0.98   0.98   0.90   0.98   0.01   0.99   0.99   0.87   0.90   0.98   

0.50   0.50   0.50   0.13   0.50   0.50   0.50   0.50   0.09   0.50   0.50   0.50   0.28   0.50   0.50   0.50   0.50   0.29   0.06   0.50   0.50   0.50   0.29   0.50   0.50   0.49   0.50   0.50   0.50   0.50   0.06   0.50   0.50   0.14   0.06   0.04   0.50   0.50   0.31   0.50   0.50   0.50   0.50   0.20   0.88   0.50   0.02   0.50   0.50   0.50   0.12   0.50   0.20   0.50   0.01   0.04   0.01   0.11   0.21   0.50   0.80   0.17   0.01   0.14   0.25   0.20   0.50   0.02   0.14   0.04   0.53   0.04   0.50   0.00   0.23   0.50   0.51   0.63   
0.04   0.01   0.01   0.01   0.01   0.03   0.03   0.04   0.04   0.01   0.03   0.03   0.04   0.01   0.07   0.01   0.00   0.03   0.00   0.01   0.01   0.03   0.06   0.02   0.99   0.02   0.01   0.00   0.00   0.00   0.00   0.12   0.02   0.03   0.06   0.04   0.01   0.02   0.28   0.04   0.01   0.02   0.06   0.01   0.92   0.01   0.07   0.90   0.10   0.04   0.07   0.14   0.08   0.01   0.01   0.01   0.05   0.10   0.74   0.99   0.90   0.07   0.00   0.03   0.07   0.22   0.02   0.03   0.05   0.02   0.10   0.11   0.02   0.00   0.09   0.30   0.31   0.94   
0.12   0.02   0.03   0.15   0.01   0.08   0.10   0.13   0.79   0.02   0.10   0.10   0.44   0.01   0.31   0.01   0.01   0.35   0.25   0.02   0.03   0.10   0.60   0.05   1.00   0.08   0.01   0.01   0.01   0.01   0.17   0.50   0.07   0.64   0.94   0.95   0.02   0.06   0.93   0.15   0.02   0.07   0.20   0.08   0.91   0.02   0.98   0.95   0.38   0.15   0.85   0.59   0.75   0.01   0.87   0.53   0.99   0.92   0.98   1.00   0.94   0.77   0.85   0.62   0.63   0.94   0.07   0.96   0.75   0.84   0.39   0.98   0.04   0.93   0.76   0.80   0.82   0.98   
0.50   0.50   0.50   0.06   0.50   0.07   0.50   0.50   0.50   0.50   0.19   0.50   0.77   0.37   0.54   0.50   0.50   0.50   0.39   0.50   0.50   0.13   0.30   0.50   0.50   0.50   0.50   0.50   0.67   0.50   0.56   0.74   0.50   0.79   0.50   0.72   0.77   0.50   0.50   0.50   0.50   0.67   0.03   0.50   0.50   0.50   0.50   0.50   0.50   0.13   0.50   0.50   0.50   0.50   0.77   0.06   0.19   0.50   0.50   0.50   0.50   0.50   0.50   0.50   0.60   0.50   0.27   0.50   0.50   0.50   0.50   0.50   0.50   0.50   0.50   0.54   0.50   0.50   
0.88   0.03   0.12   0.01   0.03   0.01   0.70   0.88   0.89   0.57   0.04   0.65   0.89   0.01   0.64   0.57   0.01   0.98   0.35   0.03   0.65   0.02   0.75   0.06   0.98   0.08   0.57   0.01   0.01   0.01   0.23   0.88   0.57   0.94   0.88   0.99   0.07   0.57   0.88   0.57   0.02   0.13   0.03   0.57   0.91   0.02   0.96   0.98   0.03   0.03   0.91   0.88   0.98   0.57   0.99   0.15   0.98   0.98   0.98   0.98   0.98   0.99   1.00   0.91   0.88   0.99   0.03   0.99   0.98   0.98   0.88   0.98   0.01   0.99   0.99   0.94   0.88   0.98   

0.50   0.50   0.50   0.50   0.50   0.50   0.50   0.50   0.12   0.50   0.50   0.50   0.41   0.50   0.50   0.50   0.50   0.46   0.50   0.50   0.50   0.50   0.42   0.50   0.50   0.60   0.50   0.50   0.50   0.50   0.50   0.50   0.50   0.15   0.05   0.03   0.50   0.50   0.44   0.50   0.50   0.50   0.50   0.50   0.95   0.50   0.02   0.50   0.50   0.50   0.17   0.50   0.31   0.50   0.01   0.06   0.01   0.12   0.28   0.50   0.90   0.24   0.50   0.20   0.26   0.26   0.50   0.01   0.20   0.04   0.71   0.04   0.50   0.50   0.25   0.50   0.68   0.82   
0.04   0.01   0.01   0.05   0.01   0.03   0.04   0.05   0.07   0.01   0.04   0.04   0.10   0.01   0.09   0.01   0.00   0.09   0.07   0.01   0.01   0.04   0.15   0.02   0.99   0.04   0.01   0.00   0.00   0.00   0.05   0.16   0.03   0.05   0.08   0.06   0.01   0.03   0.64   0.05   0.01   0.03   0.07   0.03   0.98   0.01   0.09   0.93   0.12   0.05   0.14   0.17   0.18   0.01   0.01   0.01   0.08   0.17   0.76   0.99   0.97   0.15   0.54   0.07   0.10   0.55   0.03   0.03   0.09   0.02   0.25   0.17   0.02   0.74   0.14   0.38   0.64   0.99   
0.10   0.01   0.04   0.13   0.02   0.09   0.09   0.12   0.79   0.02   0.11   0.11   0.47   0.02   0.34   0.02   0.01   0.38   0.28   0.01   0.04   0.12   0.63   0.06   1.00   0.06   0.01   0.01   0.01   0.01   0.20   0.48   0.06   0.65   0.94   0.95   0.01   0.08   0.93   0.13   0.01   0.08   0.22   0.06   0.91   0.01   0.98   0.95   0.36   0.17   0.86   0.57   0.77   0.02   0.86   0.51   0.99   0.93   0.97   1.00   0.95   0.79   0.86   0.64   0.64   0.94   0.08   0.96   0.73   0.82   0.41   0.98   0.03   0.93   0.77   0.78   0.81   0.98   
0.50   0.50   0.50   0.09   0.50   0.08   0.50   0.50   0.50   0.50   0.19   0.50   0.69   0.41   0.52   0.50   0.50   0.50   0.46   0.50   0.50   0.10   0.19   0.50   0.50   0.50   0.50   0.50   0.60   0.50   0.51   0.79   0.50   0.80   0.50   0.50   0.76   0.50   0.50   0.50   0.50   0.65   0.06   0.50   0.50   0.50   0.50   0.50   0.50   0.17   0.50   0.50   0.50   0.50   0.79   0.07   0.26   0.50   0.50   0.50   0.50   0.50   0.50   0.50   0.56   0.50   0.19   0.50   0.50   0.50   0.50   0.50   0.50   0.50   0.50   0.59   0.50   0.50   
0.39   0.02   0.10   0.02   0.02   0.01   0.69   0.84   0.90   0.56   0.04   0.12   0.81   0.02   0.43   0.56   0.01   0.98   0.31   0.02   0.12   0.01   0.40   0.05   0.98   0.08   0.56   0.01   0.01   0.01   0.20   0.87   0.56   0.94   0.90   0.98   0.06   0.56   0.90   0.56   0.01   0.13   0.04   0.56   0.86   0.03   0.96   0.98   0.02   0.04   0.89   0.39   0.98   0.56   0.99   0.12   0.99   0.98   0.98   0.98   0.98   0.99   1.00   0.89   0.82   0.99   0.02   0.99   0.98   0.98   0.90   0.98   0.01   0.99   0.99   0.92   0.90   0.98   

0.50   0.50   0.50   0.50   0.50   0.50   0.50   0.50   0.08   0.50   0.50   0.50   0.27   0.50   0.50   0.50   0.50   0.30   0.50   0.50   0.50   0.50   0.28   0.50   0.50   0.42   0.50   0.50   0.50   0.50   0.50   0.50   0.50   0.10   0.04   0.03   0.50   0.50   0.29   0.50   0.50   0.50   0.50   0.50   0.87   0.50   0.02   0.50   0.50   0.50   0.11   0.50   0.20   0.50   0.50   0.04   0.01   0.08   0.18   0.50   0.77   0.16   0.50   0.13   0.17   0.17   0.50   0.01   0.13   0.03   0.52   0.03   0.50   0.50   0.16   0.50   0.49   0.65   
0.04   0.01   0.01   0.05   0.01   0.03   0.04   0.04   0.05   0.01   0.04   0.03   0.07   0.01   0.08   0.01   0.00   0.04   0.06   0.01   0.01   0.04   0.07   0.02   0.99   0.02   0.01   0.00   0.00   0.00   0.05   0.15   0.03   0.04   0.07   0.05   0.01   0.03   0.37   0.05   0.01   0.03   0.06   0.03   0.94   0.01   0.08   0.92   0.12   0.05   0.07   0.16   0.09   0.01   0.54   0.01   0.07   0.09   0.66   0.99   0.93   0.08   0.51   0.04   0.07   0.28   0.03   0.03   0.05   0.02   0.12   0.13   0.02   0.71   0.10   0.36   0.37   0.89   
0.09   0.08   0.04   0.12   0.02   0.08   0.08   0.10   0.82   0.02   0.10   0.10   0.54   0.02   0.30   0.02   0.01   0.34   0.24   0.01   0.03   0.10   0.57   0.05   1.00   0.06   0.01   0.01   0.01   0.01   0.17   0.55   0.05   0.69   0.95   0.96   0.01   0.07   0.93   0.12   0.01   0.07   0.19   0.06   0.92   0.01   0.98   0.96   0.32   0.14   0.83   0.52   0.72   0.02   0.83   0.46   0.99   0.90   0.98   1.00   0.95   0.74   0.82   0.58   0.69   0.95   0.07   0.96   0.70   0.79   0.37   0.98   0.03   0.91   0.79   0.74   0.83   0.97   
0.50   0.50   0.50   0.08   0.50   0.07   0.50   0.50   0.50   0.50   0.17   0.50   0.65   0.37   0.49   0.50   0.50   0.50   0.43   0.50   0.50   0.09   0.17   0.50   0.50   0.50   0.50   0.50   0.56   0.50   0.48   0.77   0.50   0.78   0.50   0.50   0.73   0.50   0.50   0.50   0.50   0.61   0.06   0.50   0.50   0.50   0.50   0.50   0.50   0.15   0.50   0.50   0.50   0.50   0.77   0.06   0.23   0.50   0.50   0.50   0.50   0.50   0.50   0.50   0.52   0.50   0.17   0.50   0.50   0.50   0.50   0.50   0.50   0.50   0.50   0.55   0.50   0.50   
0.87   0.03   0.12   0.01   0.03   0.01   0.71   0.88   0.90   0.57   0.04   0.66   0.86   0.01   0.41   0.57   0.01   0.98   0.34   0.03   0.66   0.01   0.38   0.06   0.98   0.08   0.57   0.01   0.01   0.01   0.18   0.91   0.57   0.95   0.89   0.98   0.05   0.57   0.89   0.57   0.02   0.11   0.04   0.57   0.90   0.02   0.96   0.98   0.03   0.03   0.91   0.87   0.98   0.57   0.98   0.12   0.99   0.98   0.98   0.98   0.98   0.99   1.00   0.91   0.87   0.99   0.02   0.99   0.98   0.98   0.89   0.98   0.01   0.99   0.99   0.91   0.89   0.98   

0.50   0.50   0.50   0.50   0.50   0.50   0.50   0.50   0.08   0.50   0.50   0.50   0.27   0.50   0.50   0.50   0.50   0.30   0.50   0.50   0.50   0.50   0.28   0.50   0.50   0.42   0.50   0.50   0.50   0.50   0.50   0.50   0.50   0.10   0.04   0.03   0.50   0.50   0.29   0.50   0.50   0.50   0.50   0.50   0.87   0.50   0.02   0.50   0.50   0.50   0.11   0.50   0.20   0.50   0.50   0.04   0.01   0.08   0.18   0.50   0.77   0.16   0.50   0.13   0.17   0.17   0.50   0.01   0.13   0.03   0.52   0.03   0.50   0.50   0.16   0.50   0.49   0.65   
0.04   0.01   0.01   0.05   0.01   0.03   0.04   0.04   0.06   0.01   0.04   0.03   0.07   0.01   0.08   0.01   0.00   0.04   0.06   0.01   0.01   0.04   0.07   0.02   0.99   0.02   0.01   0.00   0.00   0.00   0.05   0.15   0.03   0.04   0.07   0.05   0.01   0.03   0.39   0.05   0.01   0.03   0.06   0.03   0.94   0.01   0.08   0.92   0.12   0.05   0.07   0.16   0.09   0.01   0.54   0.01   0.07   0.09   0.65   0.99   0.93   0.08   0.52   0.04   0.07   0.29   0.03   0.03   0.05   0.02   0.12   0.13   0.02   0.72   0.10   0.36   0.38   0.90   
0.10   0.07   0.04   0.12   0.02   0.09   0.08   0.11   0.83   0.03   0.11   0.11   0.55   0.02   0.31   0.02   0.01   0.36   0.26   0.01   0.04   0.11   0.59   0.06   1.00   0.06   0.01   0.01   0.01   0.01   0.18   0.57   0.05   0.70   0.95   0.96   0.02   0.07   0.94   0.10   0.01   0.08   0.20   0.06   0.92   0.01   0.98   0.96   0.29   0.15   0.84   0.49   0.74   0.02   0.83   0.43   0.99   0.91   0.98   1.00   0.95   0.75   0.83   0.60   0.70   0.95   0.08   0.97   0.71   0.80   0.38   0.98   0.02   0.91   0.81   0.71   0.84   0.97   
0.50   0.50   0.50   0.08   0.50   0.07   0.50   0.50   0.50   0.50   0.14   0.50   0.63   0.33   0.42   0.50   0.50   0.50   0.42   0.50   0.50   0.06   0.11   0.50   0.50   0.50   0.50   0.50   0.50   0.50   0.55   0.68   0.50   0.67   0.50   0.50   0.69   0.50   0.50   0.50   0.50   0.68   0.06   0.50   0.50   0.50   0.50   0.50   0.50   0.10   0.50   0.50   0.50   0.50   0.79   0.06   0.24   0.50   0.50   0.50   0.50   0.50   0.50   0.50   0.58   0.50   0.23   0.50   0.50   0.50   0.50   0.50   0.50   0.50   0.50   0.50   0.50   0.50   
0.35   0.02   0.10   0.01   0.02   0.01   0.71   0.84   0.91   0.57   0.02   0.11   0.83   0.01   0.29   0.57   0.01   0.98   0.24   0.02   0.11   0.01   0.23   0.05   0.98   0.08   0.57   0.01   0.00   0.01   0.21   0.85   0.57   0.92   0.90   0.98   0.04   0.57   0.90   0.57   0.01   0.14   0.03   0.57   0.86   0.03   0.97   0.98   0.02   0.02   0.89   0.35   0.98   0.57   0.98   0.10   0.98   0.98   0.98   0.98   0.98   0.99   1.00   0.89   0.87   0.99   0.02   0.99   0.98   0.98   0.90   0.98   0.01   0.99   0.99   0.87   0.90   0.98   

0.50   0.50   0.50   0.50   0.50   0.50   0.50   0.50   0.08   0.50   0.50   0.50   0.25   0.50   0.50   0.50   0.50   0.30   0.50   0.50   0.50   0.50   0.27   0.50   0.50   0.40   0.50   0.50   0.50   0.50   0.50   0.50   0.50   0.09   0.04   0.02   0.50   0.50   0.28   0.50   0.50   0.50   0.50   0.50   0.86   0.50   0.02   0.50   0.50   0.50   0.10   0.50   0.19   0.50   0.50   0.50   0.01   0.08   0.17   0.50   0.74   0.14   0.50   0.13   0.16   0.16   0.50   0.01   0.12   0.03   0.49   0.03   0.50   0.50   0.15   0.50   0.46   0.64   
0.04   0.01   0.01   0.05   0.01   0.03   0.04   0.04   0.05   0.01   0.04   0.03   0.06   0.01   0.08   0.01   0.00   0.04   0.06   0.01   0.01   0.04   0.07   0.02   0.99   0.02   0.01   0.00   0.00   0.00   0.05   0.15   0.03   0.03   0.06   0.05   0.01   0.03   0.35   0.05   0.01   0.03   0.06   0.03   0.93   0.01   0.07   0.92   0.12   0.05   0.06   0.16   0.08   0.01   0.53   0.11   0.07   0.08   0.62   0.99   0.92   0.07   0.51   0.03   0.06   0.26   0.03   0.03   0.04   0.01   0.11   0.12   0.02   0.71   0.09   0.35   0.34   0.89   
0.10   0.07   0.04   0.12   0.02   0.09   0.08   0.11   0.83   0.03   0.11   0.11   0.55   0.02   0.31   0.02   0.01   0.36   0.26   0.01   0.04   0.11   0.59   0.06   1.00   0.06   0.01   0.01   0.01   0.01   0.18   0.57   0.05   0.70   0.95   0.96   0.02   0.07   0.94   0.10   0.01   0.08   0.20   0.06   0.92   0.01   0.98   0.96   0.29   0.15   0.84   0.49   0.74   0.02   0.83   0.43   0.99   0.91   0.98   1.00   0.95   0.75   0.83   0.60   0.70   0.95   0.08   0.97   0.71   0.80   0.38   0.98   0.02   0.91   0.81   0.71   0.84   0.97   
0.50   0.50   0.50   0.07   0.50   0.06   0.50   0.50   0.50   0.50   0.13   0.50   0.65   0.34   0.43   0.50   0.50   0.50   0.43   0.50   0.50   0.05   0.10   0.50   0.50   0.50   0.50   0.50   0.50   0.50   0.58   0.71   0.50   0.70   0.50   0.50   0.72   0.50   0.50   0.50   0.50   0.71   0.05   0.50   0.50   0.50   0.50   0.50   0.50   0.09   0.50   0.50   0.50   0.50   0.82   0.05   0.23   0.50   0.50   0.50   0.50   0.50   0.50   0.50   0.61   0.50   0.22   0.50   0.50   0.50   0.50   0.50   0.50   0.50   0.50   0.52   0.50   0.50   
0.35   0.02   0.10   0.01   0.02   0.01   0.71   0.84   0.91   0.57   0.02   0.11   0.84   0.01   0.30   0.57   0.01   0.98   0.25   0.02   0.11   0.01   0.21   0.05   0.98   0.08   0.57   0.01   0.00   0.01   0.23   0.86   0.57   0.93   0.90   0.98   0.05   0.57   0.90   0.57   0.01   0.15   0.02   0.57   0.86   0.03   0.97   0.98   0.02   0.02   0.89   0.35   0.98   0.57   0.98   0.08   0.98   0.98   0.98   0.98   0.98   0.99   1.00   0.89   0.88   0.99   0.02   0.99   0.98   0.98   0.90   0.98   0.01   0.99   0.99   0.88   0.90   0.98   

0.00   0.00   0.00   0.00   0.00   0.00   0.00   0.00   0.00   0.00   0.00   0.00   0.00   0.00   0.00   0.00   0.00   0.00   0.00   0.00   0.00   0.00   0.00   0.00   0.00   0.00   0.00   0.00   0.00   0.00   0.00   1.00   0.00   0.00   1.00   1.00   0.00   0.00   1.00   0.00   0.00   0.00   0.00   0.00   1.00   0.00   1.00   1.00   1.00   0.00   1.00   0.00   1.00   0.00   1.00   1.00   1.00   1.00   1.00   1.00   1.00   1.00   1.00   1.00   1.00   1.00   0.00   1.00   1.00   1.00   1.00   1.00   1.00   1.00   1.00   1.00   1.00   1.00   