5.00   5.00   5.00   5.00   5.00   5.00   5.00   5.00   5.00   5.00   5.00   5.00   5.00   5.00   5.00   5.00   5.00   5.00   5.00   5.00   5.00   5.00   5.00   5.00   5.00   5.00   5.00   5.00   5.00   5.00   5.00   5.00   5.00   5.00   5.00   5.00   5.00   5.00   5.00   5.00   5.00   5.00   5.00   5.00   5.00   5.00   5.00   5.00   5.00   5.00   5.00   5.00   5.00   5.00   5.00   5.00   5.00   5.00   5.00   5.00   5.00   5.00   5.00   5.00   5.00   5.00   5.00   5.00   5.00   5.00   5.00   5.00   5.00   5.00   5.00   5.00   5.00   5.00   
0.05   0.05   0.05   0.05   0.05   0.05   0.05   0.05   0.05   0.05   0.05   0.05   0.79   0.79   0.79   0.79   0.05   0.05   0.05   0.05   0.05   0.05   0.05   0.05   0.05   0.05   0.05   0.05   0.05   0.05   0.94   0.05   0.05   0.94   0.05   0.94   0.05   0.79   0.94   0.98   0.98   0.05   0.79   0.05   0.79   0.05   0.98   0.94   0.79   0.05   0.79   0.94   0.05   0.98   0.05   0.94   0.05   0.94   0.94   0.98   0.05   0.05   0.94   0.05   0.79   0.98   0.94   0.94   0.05   0.05   0.05   0.05   0.05   0.98   0.94   0.05   0.94   0.79   
0.05   0.05   0.05   0.05   0.05   0.05   0.05   0.05   0.05   0.05   0.05   0.05   0.79   0.79   0.79   0.79   0.05   0.05   0.05   0.05   0.05   0.05   0.05   0.05   0.05   0.05   0.05   0.05   0.05   0.05   0.94   0.05   0.05   0.94   0.05   0.94   0.05   0.79   0.94   0.98   0.98   0.05   0.79   0.05   0.79   0.05   0.98   0.94   0.79   0.05   0.79   0.94   0.05   0.98   0.05   0.94   0.05   0.94   0.94   0.98   0.05   0.05   0.94   0.05   0.79   0.98   0.94   0.94   0.05   0.05   0.05   0.05   0.05   0.98   0.94   0.05   0.94   0.79   
0.17   0.14   0.41   0.10   0.54   0.31   0.44   0.44   0.11   0.57   0.08   0.52   0.25   0.14   0.60   0.29   0.34   0.29   0.46   0.07   0.07   0.35   0.21   0.16   0.17   0.03   0.13   0.15   0.23   0.30   0.65   0.18   0.35   0.55   0.58   0.74   0.44   0.06   0.65   0.64   0.81   0.04   0.37   0.24   0.13   0.77   0.75   0.52   0.47   0.26   0.41   0.06   0.10   0.54   0.49   0.38   0.32   0.73   0.64   0.60   0.58   0.80   0.45   0.69   0.67   0.58   0.58   0.66   0.82   0.58   0.38   0.79   0.74   0.75   0.70   0.52   0.57   0.42   
0.01   0.01   0.03   0.00   0.74   0.02   0.03   0.03   0.01   0.76   0.00   0.72   0.68   0.20   0.90   0.72   0.02   0.02   0.04   0.00   0.00   0.02   0.01   0.01   0.01   0.00   0.01   0.01   0.01   0.02   0.98   0.01   0.02   0.96   0.77   0.98   0.03   0.09   0.97   0.99   1.00   0.00   0.79   0.01   0.19   0.89   1.00   0.96   0.85   0.02   0.82   0.31   0.00   0.99   0.04   0.93   0.02   0.98   0.97   0.99   0.77   0.91   0.95   0.84   0.93   0.99   0.97   0.98   0.92   0.77   0.03   0.90   0.87   1.00   0.98   0.72   0.97   0.82   

5.00   5.00   5.00   5.00   5.00   5.00   5.00   5.00   5.00   5.00   5.00   5.00   5.00   5.00   5.00   5.00   5.00   5.00   5.00   5.00   5.00   5.00   5.00   5.00   5.00   5.00   5.00   5.00   5.00   5.00   5.00   5.00   5.00   5.00   5.00   5.00   5.00   5.00   5.00   5.00   5.00   5.00   5.00   5.00   5.00   5.00   5.00   5.00   5.00   5.00   5.00   5.00   5.00   5.00   5.00   5.00   5.00   5.00   5.00   5.00   5.00   5.00   5.00   5.00   5.00   5.00   5.00   5.00   5.00   5.00   5.00   5.00   5.00   5.00   5.00   5.00   5.00   5.00   
0.05   0.05   0.05   0.05   0.05   0.05   0.05   0.05   0.05   0.05   0.05   0.76   0.90   0.90   0.84   0.84   0.05   0.05   0.05   0.76   0.76   0.05   0.05   0.05   0.05   0.05   0.05   0.05   0.05   0.05   0.95   0.05   0.05   0.95   0.05   0.95   0.05   0.90   0.95   0.98   0.98   0.05   0.84   0.05   0.84   0.05   0.99   0.95   0.84   0.76   0.90   0.95   0.05   0.99   0.76   0.95   0.05   0.95   0.97   0.98   0.05   0.05   0.95   0.05   0.90   0.98   0.95   0.95   0.05   0.05   0.05   0.05   0.05   0.98   0.95   0.76   0.95   0.84   
0.05   0.05   0.05   0.05   0.05   0.05   0.05   0.05   0.05   0.05   0.05   0.76   0.90   0.90   0.84   0.84   0.05   0.05   0.05   0.76   0.76   0.05   0.05   0.05   0.05   0.05   0.05   0.05   0.05   0.05   0.95   0.05   0.05   0.95   0.05   0.95   0.05   0.90   0.95   0.98   0.98   0.05   0.84   0.05   0.84   0.05   0.99   0.95   0.84   0.76   0.90   0.95   0.05   0.99   0.76   0.95   0.05   0.95   0.97   0.98   0.05   0.05   0.95   0.05   0.90   0.98   0.95   0.95   0.05   0.05   0.05   0.05   0.05   0.98   0.95   0.76   0.95   0.84   
0.15   0.12   0.45   0.50   0.67   0.33   0.50   0.49   0.50   0.68   0.50   0.59   0.27   0.13   0.70   0.32   0.36   0.30   0.52   0.50   0.50   0.41   0.19   0.15   0.14   0.50   0.50   0.12   0.27   0.37   0.75   0.17   0.40   0.64   0.69   0.86   0.53   0.04   0.75   0.79   0.50   0.50   0.46   0.25   0.10   0.89   0.50   0.59   0.52   0.28   0.44   0.04   0.50   0.61   0.57   0.50   0.37   0.83   0.78   0.69   0.68   0.89   0.59   0.81   0.77   0.70   0.70   0.81   0.92   0.67   0.43   0.90   0.84   0.50   0.83   0.65   0.69   0.46   
0.03   0.02   0.79   0.04   0.91   0.08   0.83   0.82   0.04   0.91   0.04   0.02   0.03   0.01   0.94   0.77   0.73   0.07   0.84   0.04   0.04   0.77   0.04   0.03   0.03   0.04   0.04   0.02   0.06   0.74   0.99   0.03   0.76   0.99   0.91   1.00   0.84   0.00   0.99   1.00   0.99   0.04   0.86   0.05   0.06   0.98   0.99   0.99   0.88   0.01   0.63   0.39   0.04   0.97   0.02   0.98   0.73   1.00   0.99   0.99   0.91   0.97   0.99   0.95   0.88   0.99   0.99   0.99   0.98   0.91   0.78   0.98   0.96   0.99   1.00   0.03   0.99   0.86   

5.00   5.00   5.00   5.00   5.00   5.00   5.00   5.00   5.00   5.00   5.00   5.00   5.00   5.00   5.00   5.00   5.00   5.00   5.00   5.00   5.00   5.00   5.00   5.00   5.00   5.00   5.00   5.00   5.00   5.00   5.00   5.00   5.00   5.00   5.00   5.00   5.00   5.00   5.00   5.00   5.00   5.00   5.00   5.00   5.00   5.00   5.00   5.00   5.00   5.00   5.00   5.00   5.00   5.00   5.00   5.00   5.00   5.00   5.00   5.00   5.00   5.00   5.00   5.00   5.00   5.00   5.00   5.00   5.00   5.00   5.00   5.00   5.00   5.00   5.00   5.00   5.00   5.00   
0.04   0.04   0.04   0.04   0.04   0.04   0.04   0.04   0.04   0.04   0.04   0.51   0.75   0.75   0.65   0.65   0.04   0.86   0.04   0.51   0.51   0.04   0.86   0.04   0.04   0.04   0.04   0.04   0.04   0.04   0.97   0.04   0.04   0.97   0.04   0.97   0.04   0.75   0.97   0.91   0.98   0.04   0.65   0.04   0.65   0.86   0.99   0.87   0.65   0.51   0.75   0.87   0.04   0.99   0.89   0.87   0.86   0.87   0.98   0.98   0.04   0.86   0.97   0.04   0.92   0.91   0.97   0.97   0.04   0.04   0.86   0.04   0.04   0.91   0.97   0.51   0.97   0.90   
0.04   0.04   0.04   0.04   0.04   0.04   0.04   0.04   0.04   0.04   0.04   0.51   0.75   0.75   0.65   0.65   0.04   0.86   0.04   0.51   0.51   0.04   0.86   0.04   0.04   0.04   0.04   0.04   0.04   0.04   0.97   0.04   0.04   0.97   0.04   0.97   0.04   0.75   0.97   0.91   0.98   0.04   0.65   0.04   0.65   0.86   0.99   0.87   0.65   0.51   0.75   0.87   0.04   0.99   0.89   0.87   0.86   0.87   0.98   0.98   0.04   0.86   0.97   0.04   0.92   0.91   0.97   0.97   0.04   0.04   0.86   0.04   0.04   0.91   0.97   0.51   0.97   0.90   
0.11   0.06   0.46   0.50   0.80   0.41   0.64   0.52   0.50   0.77   0.50   0.70   0.33   0.09   0.87   0.35   0.40   0.28   0.57   0.50   0.50   0.49   0.16   0.11   0.14   0.50   0.50   0.08   0.26   0.37   0.80   0.10   0.39   0.65   0.67   0.50   0.57   0.50   0.86   0.50   0.50   0.50   0.51   0.25   0.08   0.97   0.50   0.66   0.57   0.50   0.45   0.02   0.50   0.63   0.54   0.57   0.43   0.50   0.86   0.50   0.79   0.94   0.56   0.81   0.86   0.50   0.82   0.50   0.97   0.80   0.32   0.96   0.93   0.50   0.50   0.73   0.77   0.42   
0.01   0.00   0.05   0.04   0.88   0.04   0.78   0.67   0.04   0.86   0.04   0.04   0.12   0.03   0.95   0.63   0.04   0.78   0.71   0.04   0.04   0.05   0.43   0.01   0.01   0.04   0.04   0.00   0.02   0.03   0.99   0.01   0.04   0.99   0.79   0.97   0.72   0.83   1.00   0.99   0.99   0.04   0.76   0.02   0.04   1.00   0.99   0.95   0.80   0.02   0.18   0.09   0.04   0.99   0.90   0.92   0.87   0.97   0.99   0.99   0.87   0.99   0.98   0.89   0.98   0.99   0.99   0.97   0.99   0.89   0.81   0.98   0.96   0.99   0.97   0.05   0.99   0.90   

5.00   5.00   5.00   5.00   5.00   5.00   5.00   5.00   5.00   5.00   5.00   5.00   5.00   5.00   5.00   5.00   5.00   5.00   5.00   5.00   5.00   5.00   5.00   5.00   5.00   5.00   5.00   5.00   5.00   5.00   5.00   5.00   5.00   5.00   5.00   5.00   5.00   5.00   5.00   5.00   5.00   5.00   5.00   5.00   5.00   5.00   5.00   5.00   5.00   5.00   5.00   5.00   5.00   5.00   5.00   5.00   5.00   5.00   5.00   5.00   5.00   5.00   5.00   5.00   5.00   5.00   5.00   5.00   5.00   5.00   5.00   5.00   5.00   5.00   5.00   5.00   5.00   5.00   
0.13   0.01   0.13   0.13   0.13   0.01   0.13   0.13   0.13   0.13   0.01   0.13   0.79   0.79   0.79   0.79   0.13   0.03   0.13   0.01   0.13   0.13   0.74   0.01   0.13   0.13   0.01   0.01   0.01   0.13   0.97   0.13   0.13   0.97   0.13   0.97   0.13   0.79   0.97   0.97   0.99   0.13   0.79   0.13   0.79   0.03   0.99   0.94   0.79   0.01   0.79   0.94   0.13   0.99   0.03   0.94   0.74   0.94   0.97   0.99   0.13   0.74   0.97   0.13   0.88   0.97   0.97   0.97   0.01   0.13   0.74   0.13   0.13   0.97   0.97   0.01   0.97   0.88   
0.13   0.01   0.13   0.13   0.13   0.01   0.13   0.13   0.13   0.13   0.01   0.13   0.79   0.79   0.79   0.79   0.13   0.03   0.13   0.01   0.13   0.13   0.74   0.01   0.13   0.13   0.01   0.01   0.01   0.13   0.97   0.13   0.13   0.97   0.13   0.97   0.13   0.79   0.97   0.97   0.99   0.13   0.79   0.13   0.79   0.03   0.99   0.94   0.79   0.01   0.79   0.94   0.13   0.99   0.03   0.94   0.74   0.94   0.97   0.99   0.13   0.74   0.97   0.13   0.88   0.97   0.97   0.97   0.01   0.13   0.74   0.13   0.13   0.97   0.97   0.01   0.97   0.88   
0.08   0.50   0.51   0.50   0.91   0.47   0.70   0.60   0.50   0.85   0.50   0.79   0.36   0.06   0.92   0.33   0.44   0.25   0.58   0.50   0.50   0.44   0.15   0.07   0.06   0.50   0.50   0.50   0.24   0.38   0.50   0.50   0.28   0.74   0.83   0.50   0.68   0.50   0.50   0.50   0.50   0.50   0.55   0.18   0.04   0.50   0.50   0.75   0.60   0.50   0.60   0.01   0.50   0.70   0.53   0.72   0.30   0.50   0.50   0.50   0.80   0.96   0.68   0.85   0.92   0.50   0.50   0.50   1.00   0.92   0.43   0.99   0.98   0.50   0.50   0.84   0.84   0.64   
0.04   0.08   0.71   0.04   0.96   0.03   0.84   0.78   0.04   0.93   0.04   0.86   0.33   0.05   0.98   0.71   0.65   0.12   0.77   0.04   0.04   0.65   0.30   0.00   0.03   0.04   0.04   0.08   0.01   0.59   0.98   0.08   0.15   0.99   0.92   0.97   0.84   0.85   0.98   0.99   0.99   0.04   0.86   0.09   0.05   0.88   0.99   0.98   0.88   0.02   0.85   0.07   0.04   0.99   0.27   0.98   0.76   0.97   0.97   0.99   0.90   0.99   0.99   0.93   0.99   0.99   0.98   0.97   0.98   0.96   0.85   1.00   0.99   0.99   0.97   0.08   1.00   0.96   

5.00   5.00   5.00   5.00   5.00   5.00   5.00   5.00   5.00   5.00   5.00   5.00   5.00   5.00   5.00   5.00   5.00   5.00   5.00   5.00   5.00   5.00   5.00   5.00   5.00   5.00   5.00   5.00   5.00   5.00   5.00   5.00   5.00   5.00   5.00   5.00   5.00   5.00   5.00   5.00   5.00   5.00   5.00   5.00   5.00   5.00   5.00   5.00   5.00   5.00   5.00   5.00   5.00   5.00   5.00   5.00   5.00   5.00   5.00   5.00   5.00   5.00   5.00   5.00   5.00   5.00   5.00   5.00   5.00   5.00   5.00   5.00   5.00   5.00   5.00   5.00   5.00   5.00   
0.13   0.01   0.13   0.13   0.13   0.01   0.13   0.13   0.13   0.13   0.01   0.13   0.79   0.79   0.89   0.79   0.13   0.03   0.79   0.01   0.13   0.13   0.87   0.01   0.13   0.13   0.01   0.01   0.01   0.13   0.97   0.13   0.13   0.98   0.13   0.97   0.13   0.79   0.97   0.99   0.99   0.13   0.79   0.13   0.79   0.03   0.99   0.94   0.79   0.01   0.79   0.94   0.13   0.99   0.03   0.94   0.74   0.94   0.96   0.99   0.13   0.87   0.97   0.13   0.87   0.97   0.97   0.97   0.01   0.13   0.74   0.13   0.13   0.97   0.97   0.01   0.97   0.88   
0.13   0.01   0.13   0.13   0.13   0.01   0.13   0.13   0.13   0.13   0.01   0.13   0.79   0.79   0.89   0.79   0.13   0.03   0.79   0.01   0.13   0.13   0.87   0.01   0.13   0.13   0.01   0.01   0.01   0.13   0.97   0.13   0.13   0.98   0.13   0.97   0.13   0.79   0.97   0.99   0.99   0.13   0.79   0.13   0.79   0.03   0.99   0.94   0.79   0.01   0.79   0.94   0.13   0.99   0.03   0.94   0.74   0.94   0.96   0.99   0.13   0.87   0.97   0.13   0.87   0.97   0.97   0.97   0.01   0.13   0.74   0.13   0.13   0.97   0.97   0.01   0.97   0.88   
0.08   0.50   0.54   0.50   0.94   0.57   0.72   0.66   0.50   0.87   0.50   0.80   0.36   0.03   0.95   0.31   0.53   0.30   0.60   0.50   0.50   0.49   0.15   0.50   0.03   0.50   0.50   0.50   0.16   0.29   0.50   0.50   0.27   0.82   0.92   0.50   0.77   0.50   0.50   0.50   0.50   0.50   0.44   0.16   0.04   0.50   0.50   0.79   0.70   0.50   0.79   0.01   0.50   0.50   0.48   0.71   0.20   0.50   0.50   0.50   0.89   0.50   0.61   0.87   0.96   0.50   0.50   0.50   1.00   0.95   0.47   0.50   0.99   0.50   0.50   0.94   0.50   0.68   
0.03   0.07   0.68   0.04   0.97   0.04   0.82   0.78   0.04   0.92   0.04   0.84   0.26   0.02   0.99   0.61   0.66   0.10   0.92   0.04   0.04   0.24   0.71   0.03   0.01   0.04   0.04   0.07   0.01   0.11   0.98   0.07   0.11   1.00   0.96   0.97   0.85   0.84   0.98   0.99   0.99   0.04   0.74   0.06   0.03   0.87   0.99   0.98   0.89   0.02   0.92   0.03   0.04   0.98   0.17   0.96   0.30   0.97   0.97   0.99   0.93   0.87   0.97   0.92   0.99   0.99   0.98   0.97   0.99   0.97   0.83   0.66   0.99   0.99   0.97   0.69   0.98   0.95   

5.00   5.00   5.00   5.00   5.00   5.00   5.00   5.00   5.00   5.00   5.00   5.00   5.00   5.00   5.00   5.00   5.00   5.00   5.00   5.00   5.00   5.00   5.00   5.00   5.00   5.00   5.00   5.00   5.00   5.00   5.00   5.00   5.00   5.00   5.00   5.00   5.00   5.00   5.00   5.00   5.00   5.00   5.00   5.00   5.00   5.00   5.00   5.00   5.00   5.00   5.00   5.00   5.00   5.00   5.00   5.00   5.00   5.00   5.00   5.00   5.00   5.00   5.00   5.00   5.00   5.00   5.00   5.00   5.00   5.00   5.00   5.00   5.00   5.00   5.00   5.00   5.00   5.00   
0.12   0.01   0.12   0.12   0.12   0.01   0.12   0.73   0.12   0.12   0.01   0.12   0.75   0.87   0.88   0.75   0.12   0.03   0.76   0.01   0.12   0.73   0.91   0.01   0.12   0.12   0.01   0.01   0.01   0.12   0.95   0.12   0.12   0.99   0.12   0.98   0.12   0.87   0.95   0.99   0.98   0.12   0.75   0.12   0.87   0.03   0.99   0.96   0.87   0.03   0.75   0.96   0.12   0.99   0.03   0.93   0.84   0.93   0.95   0.98   0.12   0.85   0.98   0.12   0.85   0.96   0.95   0.95   0.01   0.12   0.63   0.12   0.12   0.98   0.98   0.01   0.95   0.91   
0.12   0.01   0.12   0.12   0.12   0.01   0.12   0.73   0.12   0.12   0.01   0.12   0.75   0.87   0.88   0.75   0.12   0.03   0.76   0.01   0.12   0.73   0.91   0.01   0.12   0.12   0.01   0.01   0.01   0.12   0.95   0.12   0.12   0.99   0.12   0.98   0.12   0.87   0.95   0.99   0.98   0.12   0.75   0.12   0.87   0.03   0.99   0.96   0.87   0.03   0.75   0.96   0.12   0.99   0.03   0.93   0.84   0.93   0.95   0.98   0.12   0.85   0.98   0.12   0.85   0.96   0.95   0.95   0.01   0.12   0.63   0.12   0.12   0.98   0.98   0.01   0.95   0.91   
0.10   0.50   0.57   0.50   0.92   0.52   0.69   0.62   0.50   0.82   0.50   0.79   0.32   0.02   0.50   0.25   0.56   0.22   0.61   0.50   0.50   0.36   0.11   0.50   0.02   0.50   0.50   0.50   0.50   0.30   0.50   0.50   0.27   0.50   0.93   0.50   0.74   0.50   0.50   0.50   0.50   0.50   0.50   0.16   0.03   0.50   0.50   0.65   0.60   0.50   0.72   0.00   0.50   0.50   0.46   0.66   0.17   0.50   0.50   0.50   0.86   0.50   0.41   0.85   0.50   0.50   0.50   0.50   0.99   0.94   0.49   0.50   0.98   0.50   0.50   0.92   0.50   0.66   
0.02   0.05   0.22   0.04   0.92   0.02   0.67   0.84   0.04   0.81   0.04   0.38   0.16   0.04   0.89   0.14   0.21   0.06   0.81   0.04   0.04   0.45   0.61   0.02   0.01   0.04   0.04   0.05   0.02   0.08   0.97   0.05   0.07   0.98   0.93   0.96   0.72   0.82   0.97   0.99   0.99   0.04   0.61   0.04   0.06   0.85   0.99   0.95   0.88   0.02   0.78   0.02   0.04   0.98   0.13   0.89   0.38   0.96   0.96   0.99   0.85   0.85   0.94   0.84   0.86   0.99   0.97   0.96   0.96   0.93   0.68   0.61   0.97   0.99   0.96   0.56   0.97   0.95   

5.00   5.00   5.00   5.00   5.00   5.00   5.00   5.00   5.00   5.00   5.00   5.00   5.00   5.00   5.00   5.00   5.00   5.00   5.00   5.00   5.00   5.00   5.00   5.00   5.00   5.00   5.00   5.00   5.00   5.00   5.00   5.00   5.00   5.00   5.00   5.00   5.00   5.00   5.00   5.00   5.00   5.00   5.00   5.00   5.00   5.00   5.00   5.00   5.00   5.00   5.00   5.00   5.00   5.00   5.00   5.00   5.00   5.00   5.00   5.00   5.00   5.00   5.00   5.00   5.00   5.00   5.00   5.00   5.00   5.00   5.00   5.00   5.00   5.00   5.00   5.00   5.00   5.00   
0.11   0.01   0.11   0.11   0.11   0.01   0.11   0.37   0.11   0.11   0.01   0.63   0.30   0.62   0.62   0.32   0.11   0.03   0.34   0.01   0.10   0.37   0.78   0.01   0.11   0.11   0.01   0.01   0.01   0.11   0.87   0.11   0.11   0.99   0.64   0.98   0.11   0.62   0.95   0.99   0.98   0.11   0.32   0.11   0.63   0.13   0.98   0.95   0.63   0.03   0.30   0.87   0.11   0.98   0.03   0.91   0.85   0.81   0.95   0.98   0.11   0.65   0.92   0.11   0.63   0.95   0.87   0.95   0.01   0.11   0.78   0.64   0.11   0.97   0.92   0.01   0.95   0.89   
0.11   0.01   0.11   0.11   0.11   0.01   0.11   0.37   0.11   0.11   0.01   0.63   0.30   0.62   0.62   0.32   0.11   0.03   0.34   0.01   0.10   0.37   0.78   0.01   0.11   0.11   0.01   0.01   0.01   0.11   0.87   0.11   0.11   0.99   0.64   0.98   0.11   0.62   0.95   0.99   0.98   0.11   0.32   0.11   0.63   0.13   0.98   0.95   0.63   0.03   0.30   0.87   0.11   0.98   0.03   0.91   0.85   0.81   0.95   0.98   0.11   0.65   0.92   0.11   0.63   0.95   0.87   0.95   0.01   0.11   0.78   0.64   0.11   0.97   0.92   0.01   0.95   0.89   
0.12   0.50   0.66   0.50   0.95   0.57   0.75   0.72   0.50   0.87   0.50   0.83   0.37   0.02   0.50   0.31   0.63   0.27   0.66   0.50   0.50   0.47   0.13   0.50   0.50   0.50   0.50   0.50   0.50   0.43   0.50   0.50   0.34   0.50   0.95   0.50   0.80   0.50   0.50   0.50   0.50   0.50   0.64   0.20   0.03   0.50   0.50   0.71   0.69   0.50   0.77   0.00   0.50   0.50   0.53   0.75   0.19   0.50   0.50   0.50   0.90   0.50   0.48   0.90   0.50   0.50   0.50   0.50   1.00   0.96   0.56   0.50   0.98   0.50   0.50   0.95   0.50   0.68   
0.03   0.06   0.29   0.76   0.94   0.03   0.74   0.90   0.76   0.86   0.76   0.94   0.18   0.04   0.90   0.16   0.26   0.06   0.84   0.76   0.76   0.73   0.44   0.02   0.17   0.76   0.76   0.06   0.02   0.13   0.98   0.06   0.10   0.99   0.99   0.97   0.79   0.86   0.98   0.99   0.99   0.76   0.74   0.05   0.07   0.87   0.99   0.98   0.91   0.02   0.83   0.02   0.76   0.99   0.14   0.97   0.75   0.97   0.98   0.99   0.90   0.87   0.94   0.89   0.89   0.99   0.98   0.97   0.97   0.95   0.88   0.66   0.98   0.99   0.97   0.67   0.98   0.97   

5.00   5.00   5.00   5.00   5.00   5.00   5.00   5.00   5.00   5.00   5.00   5.00   5.00   5.00   5.00   5.00   5.00   5.00   5.00   5.00   5.00   5.00   5.00   5.00   5.00   5.00   5.00   5.00   5.00   5.00   5.00   5.00   5.00   5.00   5.00   5.00   5.00   5.00   5.00   5.00   5.00   5.00   5.00   5.00   5.00   5.00   5.00   5.00   5.00   5.00   5.00   5.00   5.00   5.00   5.00   5.00   5.00   5.00   5.00   5.00   5.00   5.00   5.00   5.00   5.00   5.00   5.00   5.00   5.00   5.00   5.00   5.00   5.00   5.00   5.00   5.00   5.00   5.00   
0.09   0.01   0.09   0.12   0.09   0.01   0.09   0.24   0.09   0.09   0.01   0.54   0.18   0.59   0.45   0.19   0.12   0.04   0.20   0.01   0.08   0.38   0.72   0.01   0.09   0.09   0.01   0.01   0.01   0.12   0.88   0.12   0.12   0.99   0.64   0.98   0.09   0.59   0.96   0.99   0.98   0.12   0.19   0.09   0.50   0.13   0.98   0.95   0.50   0.03   0.29   0.83   0.09   0.98   0.04   0.89   0.82   0.80   0.96   0.97   0.12   0.64   0.92   0.12   0.63   0.95   0.88   0.96   0.01   0.12   0.78   0.64   0.09   0.97   0.92   0.01   0.96   0.89   
0.09   0.01   0.09   0.12   0.09   0.01   0.09   0.24   0.09   0.09   0.01   0.54   0.18   0.59   0.45   0.19   0.12   0.04   0.20   0.01   0.08   0.38   0.72   0.01   0.09   0.09   0.01   0.01   0.01   0.12   0.88   0.12   0.12   0.99   0.64   0.98   0.09   0.59   0.96   0.99   0.98   0.12   0.19   0.09   0.50   0.13   0.98   0.95   0.50   0.03   0.29   0.83   0.09   0.98   0.04   0.89   0.82   0.80   0.96   0.97   0.12   0.64   0.92   0.12   0.63   0.95   0.88   0.96   0.01   0.12   0.78   0.64   0.09   0.97   0.92   0.01   0.96   0.89   
0.12   0.50   0.57   0.50   0.90   0.49   0.66   0.63   0.50   0.79   0.50   0.74   0.32   0.03   0.50   0.27   0.54   0.24   0.57   0.50   0.50   0.40   0.13   0.50   0.50   0.50   0.50   0.50   0.50   0.37   0.50   0.50   0.29   0.50   0.91   0.50   0.71   0.50   0.50   0.50   0.50   0.50   0.55   0.18   0.04   0.50   0.50   0.61   0.60   0.50   0.68   0.01   0.50   0.50   0.45   0.66   0.18   0.50   0.50   0.50   0.83   0.50   0.41   0.83   0.50   0.50   0.50   0.50   0.99   0.91   0.48   0.50   0.96   0.50   0.50   0.90   0.50   0.58   
0.04   0.06   0.30   0.72   0.91   0.02   0.68   0.84   0.72   0.81   0.72   0.89   0.18   0.03   0.88   0.18   0.15   0.04   0.79   0.72   0.72   0.34   0.41   0.02   0.17   0.72   0.72   0.06   0.02   0.08   0.97   0.06   0.06   0.98   0.95   0.97   0.73   0.80   0.97   0.99   0.99   0.72   0.67   0.07   0.07   0.85   0.99   0.95   0.86   0.02   0.33   0.03   0.72   0.98   0.07   0.94   0.69   0.97   0.96   0.99   0.74   0.85   0.87   0.73   0.85   0.99   0.97   0.97   0.89   0.86   0.77   0.63   0.97   0.99   0.97   0.08   0.97   0.93   

5.00   5.00   5.00   5.00   5.00   5.00   5.00   5.00   5.00   5.00   5.00   5.00   5.00   5.00   5.00   5.00   5.00   5.00   5.00   5.00   5.00   5.00   5.00   5.00   5.00   5.00   5.00   5.00   5.00   5.00   5.00   5.00   5.00   5.00   5.00   5.00   5.00   5.00   5.00   5.00   5.00   5.00   5.00   5.00   5.00   5.00   5.00   5.00   5.00   5.00   5.00   5.00   5.00   5.00   5.00   5.00   5.00   5.00   5.00   5.00   5.00   5.00   5.00   5.00   5.00   5.00   5.00   5.00   5.00   5.00   5.00   5.00   5.00   5.00   5.00   5.00   5.00   5.00   
0.08   0.01   0.08   0.30   0.08   0.01   0.08   0.19   0.08   0.08   0.01   0.65   0.16   0.48   0.34   0.16   0.12   0.04   0.16   0.01   0.07   0.30   0.61   0.01   0.08   0.08   0.01   0.01   0.01   0.12   0.82   0.12   0.12   0.98   0.61   0.97   0.08   0.48   0.94   0.99   0.97   0.30   0.16   0.08   0.37   0.27   0.98   0.96   0.37   0.03   0.26   0.82   0.08   0.98   0.04   0.90   0.78   0.72   0.97   0.97   0.12   0.54   0.87   0.12   0.54   0.92   0.82   0.97   0.01   0.12   0.74   0.61   0.08   0.95   0.87   0.03   0.94   0.86   
0.08   0.01   0.08   0.30   0.08   0.01   0.08   0.19   0.08   0.08   0.01   0.65   0.16   0.48   0.34   0.16   0.12   0.04   0.16   0.01   0.07   0.30   0.61   0.01   0.08   0.08   0.01   0.01   0.01   0.12   0.82   0.12   0.12   0.98   0.61   0.97   0.08   0.48   0.94   0.99   0.97   0.30   0.16   0.08   0.37   0.27   0.98   0.96   0.37   0.03   0.26   0.82   0.08   0.98   0.04   0.90   0.78   0.72   0.97   0.97   0.12   0.54   0.87   0.12   0.54   0.92   0.82   0.97   0.01   0.12   0.74   0.61   0.08   0.95   0.87   0.03   0.94   0.86   
0.11   0.50   0.62   0.50   0.93   0.53   0.72   0.68   0.50   0.84   0.50   0.79   0.34   0.02   0.50   0.28   0.58   0.25   0.63   0.50   0.50   0.44   0.12   0.50   0.50   0.50   0.50   0.50   0.50   0.40   0.50   0.50   0.31   0.50   0.94   0.50   0.76   0.50   0.50   0.50   0.50   0.50   0.60   0.19   0.03   0.50   0.50   0.67   0.65   0.50   0.73   0.00   0.50   0.50   0.49   0.71   0.18   0.50   0.50   0.50   0.88   0.50   0.45   0.87   0.50   0.50   0.50   0.50   0.99   0.94   0.52   0.50   0.98   0.50   0.50   0.93   0.50   0.64   
0.03   0.05   0.31   0.72   0.93   0.02   0.70   0.84   0.72   0.83   0.72   0.94   0.18   0.02   0.88   0.16   0.15   0.03   0.80   0.72   0.72   0.31   0.35   0.02   0.15   0.72   0.72   0.05   0.02   0.08   0.97   0.05   0.05   0.99   0.97   0.97   0.75   0.81   0.97   0.99   0.99   0.72   0.68   0.06   0.05   0.84   0.99   0.97   0.86   0.02   0.36   0.02   0.72   0.98   0.07   0.97   0.50   0.97   0.97   0.99   0.78   0.84   0.87   0.77   0.85   0.99   0.97   0.97   0.93   0.89   0.78   0.63   0.98   0.99   0.97   0.79   0.97   0.93   

5.00   5.00   5.00   5.00   5.00   5.00   5.00   5.00   5.00   5.00   5.00   5.00   5.00   5.00   5.00   5.00   5.00   5.00   5.00   5.00   5.00   5.00   5.00   5.00   5.00   5.00   5.00   5.00   5.00   5.00   5.00   5.00   5.00   5.00   5.00   5.00   5.00   5.00   5.00   5.00   5.00   5.00   5.00   5.00   5.00   5.00   5.00   5.00   5.00   5.00   5.00   5.00   5.00   5.00   5.00   5.00   5.00   5.00   5.00   5.00   5.00   5.00   5.00   5.00   5.00   5.00   5.00   5.00   5.00   5.00   5.00   5.00   5.00   5.00   5.00   5.00   5.00   5.00   
0.06   0.01   0.06   0.28   0.06   0.01   0.06   0.13   0.06   0.06   0.01   0.78   0.15   0.35   0.63   0.14   0.11   0.06   0.15   0.01   0.06   0.22   0.44   0.01   0.06   0.06   0.01   0.01   0.01   0.11   0.83   0.11   0.11   0.98   0.75   0.96   0.06   0.35   0.94   0.99   0.97   0.28   0.14   0.06   0.26   0.65   0.98   0.96   0.26   0.03   0.23   0.64   0.06   0.98   0.06   0.91   0.64   0.55   0.97   0.97   0.11   0.42   0.70   0.55   0.71   0.93   0.83   0.97   0.01   0.11   0.63   0.52   0.06   0.95   0.70   0.05   0.94   0.73   
0.06   0.01   0.06   0.28   0.06   0.01   0.06   0.13   0.06   0.06   0.01   0.78   0.15   0.35   0.63   0.14   0.11   0.06   0.15   0.01   0.06   0.22   0.44   0.01   0.06   0.06   0.01   0.01   0.01   0.11   0.83   0.11   0.11   0.98   0.75   0.96   0.06   0.35   0.94   0.99   0.97   0.28   0.14   0.06   0.26   0.65   0.98   0.96   0.26   0.03   0.23   0.64   0.06   0.98   0.06   0.91   0.64   0.55   0.97   0.97   0.11   0.42   0.70   0.55   0.71   0.93   0.83   0.97   0.01   0.11   0.63   0.52   0.06   0.95   0.70   0.05   0.94   0.73   
0.11   0.50   0.59   0.50   0.92   0.51   0.69   0.65   0.50   0.82   0.50   0.77   0.33   0.03   0.50   0.27   0.56   0.25   0.60   0.50   0.50   0.42   0.12   0.50   0.50   0.50   0.50   0.50   0.50   0.38   0.50   0.50   0.30   0.50   0.92   0.50   0.73   0.50   0.50   0.50   0.50   0.50   0.57   0.18   0.04   0.50   0.50   0.64   0.62   0.50   0.71   0.00   0.50   0.50   0.47   0.68   0.18   0.50   0.50   0.50   0.86   0.50   0.43   0.85   0.50   0.50   0.50   0.50   0.99   0.93   0.50   0.50   0.97   0.50   0.50   0.92   0.50   0.61   
0.02   0.04   0.21   0.71   0.88   0.01   0.29   0.74   0.71   0.75   0.71   0.96   0.12   0.01   0.86   0.10   0.11   0.02   0.70   0.71   0.71   0.22   0.24   0.01   0.12   0.71   0.71   0.04   0.01   0.06   0.97   0.04   0.04   0.99   0.98   0.97   0.65   0.79   0.97   0.99   0.99   0.71   0.29   0.04   0.03   0.82   0.99   0.97   0.77   0.02   0.27   0.02   0.71   0.98   0.05   0.97   0.39   0.97   0.97   0.99   0.71   0.82   0.81   0.90   0.83   0.99   0.97   0.97   0.89   0.85   0.73   0.61   0.96   0.99   0.97   0.75   0.97   0.89   

0.42   0.22   0.43   0.31   0.50   0.45   0.43   0.48   0.40   0.51   0.28   0.44   0.44   0.33   0.42   0.44   0.45   0.42   0.45   0.50   0.22   0.40   0.36   0.38   0.28   0.31   0.50   0.50   0.50   0.37   0.50   0.43   0.37   0.44   0.50   0.53   0.50   0.33   0.45   0.40   0.30   0.24   0.42   0.41   0.35   0.36   0.50   0.44   0.46   0.39   0.42   0.28   0.37   0.50   0.37   0.45   0.36   0.46   0.43   0.30   0.41   0.53   0.37   0.36   0.44   0.41   0.50   0.48   0.54   0.46   0.42   0.50   0.46   0.46   0.52   0.51   0.41   0.40   
0.04   0.00   0.04   0.08   0.05   0.01   0.04   0.08   0.03   0.05   0.01   0.73   0.07   0.11   0.32   0.07   0.07   0.05   0.09   0.01   0.01   0.09   0.18   0.01   0.02   0.02   0.01   0.01   0.01   0.05   0.73   0.06   0.05   0.97   0.76   0.97   0.05   0.11   0.93   0.97   0.92   0.06   0.07   0.03   0.08   0.44   0.98   0.85   0.12   0.02   0.10   0.21   0.03   0.98   0.04   0.78   0.55   0.42   0.96   0.80   0.18   0.59   0.35   0.22   0.42   0.78   0.73   0.96   0.11   0.07   0.36   0.34   0.16   0.93   0.73   0.04   0.92   0.67   
0.03   0.02   0.03   0.24   0.03   0.02   0.03   0.09   0.03   0.03   0.02   0.80   0.09   0.28   0.52   0.08   0.10   0.14   0.10   0.01   0.04   0.19   0.38   0.02   0.03   0.03   0.00   0.00   0.00   0.10   0.77   0.10   0.10   0.98   0.79   0.97   0.03   0.28   0.95   0.98   0.97   0.24   0.08   0.03   0.16   0.81   0.98   0.90   0.16   0.05   0.19   0.54   0.03   0.98   0.15   0.84   0.70   0.61   0.98   0.91   0.35   0.57   0.64   0.48   0.65   0.86   0.77   0.98   0.19   0.10   0.60   0.49   0.25   0.95   0.74   0.09   0.95   0.78   
0.10   0.50   0.58   0.50   0.92   0.49   0.68   0.65   0.50   0.82   0.50   0.77   0.30   0.02   0.50   0.25   0.54   0.22   0.58   0.50   0.50   0.39   0.10   0.50   0.50   0.50   0.50   0.50   0.50   0.36   0.50   0.50   0.27   0.50   0.93   0.50   0.73   0.50   0.50   0.50   0.50   0.50   0.55   0.16   0.03   0.50   0.50   0.63   0.61   0.50   0.70   0.00   0.50   0.50   0.45   0.67   0.15   0.50   0.50   0.50   0.86   0.50   0.40   0.86   0.50   0.50   0.50   0.50   0.99   0.94   0.48   0.50   0.98   0.50   0.50   0.92   0.50   0.60   
0.01   0.04   0.15   0.04   0.84   0.01   0.21   0.64   0.04   0.67   0.04   0.95   0.08   0.01   0.83   0.07   0.08   0.02   0.34   0.04   0.04   0.16   0.13   0.01   0.10   0.04   0.04   0.04   0.01   0.04   0.97   0.04   0.03   0.98   0.98   0.96   0.25   0.77   0.97   0.99   0.99   0.04   0.21   0.02   0.02   0.79   0.99   0.96   0.66   0.02   0.23   0.01   0.04   0.98   0.05   0.95   0.33   0.96   0.96   0.99   0.81   0.80   0.69   0.87   0.82   0.99   0.97   0.96   0.97   0.82   0.48   0.56   0.97   0.99   0.96   0.76   0.97   0.88   

0.03   0.50   0.03   0.19   0.01   0.02   0.03   0.01   0.05   0.01   0.50   0.02   0.02   0.16   0.03   0.02   0.02   0.03   0.02   0.50   0.58   0.05   0.08   0.06   0.26   0.17   0.50   0.50   0.50   0.07   0.01   0.03   0.07   0.02   0.01   0.01   0.01   0.14   0.02   0.05   0.20   0.45   0.03   0.04   0.11   0.07   0.50   0.02   0.02   0.05   0.03   0.26   0.08   0.50   0.08   0.02   0.08   0.02   0.03   0.19   0.03   0.01   0.07   0.08   0.02   0.04   0.01   0.01   0.00   0.02   0.04   0.01   0.02   0.02   0.01   0.01   0.04   0.05   
0.00   0.01   0.00   0.01   0.00   0.00   0.00   0.00   0.00   0.00   0.01   0.00   0.00   0.01   0.00   0.00   0.00   0.00   0.00   0.00   0.02   0.00   0.01   0.00   0.00   0.00   0.00   0.00   0.00   0.00   0.00   0.00   0.00   0.02   0.00   0.00   0.00   0.01   0.01   0.07   0.20   0.03   0.00   0.00   0.00   0.02   0.98   0.01   0.00   0.00   0.00   0.05   0.00   0.98   0.00   0.00   0.02   0.00   0.04   0.11   0.00   0.00   0.01   0.01   0.00   0.01   0.00   0.01   0.00   0.00   0.00   0.00   0.00   0.01   0.00   0.00   0.02   0.01   
0.03   0.02   0.03   0.24   0.03   0.02   0.03   0.08   0.03   0.03   0.02   0.78   0.08   0.27   0.60   0.08   0.09   0.13   0.09   0.01   0.03   0.36   0.35   0.02   0.03   0.03   0.00   0.00   0.00   0.09   0.80   0.09   0.09   0.97   0.77   0.95   0.03   0.27   0.93   0.99   0.98   0.24   0.08   0.03   0.16   0.80   0.98   0.92   0.16   0.06   0.18   0.62   0.03   0.98   0.14   0.82   0.74   0.59   0.98   0.93   0.33   0.54   0.61   0.46   0.62   0.84   0.74   0.96   0.34   0.09   0.57   0.46   0.24   0.93   0.72   0.11   0.93   0.75   
0.09   0.50   0.55   0.50   0.91   0.46   0.66   0.62   0.50   0.80   0.50   0.75   0.28   0.02   0.50   0.23   0.51   0.20   0.55   0.50   0.50   0.37   0.09   0.50   0.50   0.50   0.50   0.50   0.50   0.33   0.50   0.50   0.25   0.50   0.92   0.50   0.71   0.50   0.50   0.50   0.50   0.50   0.53   0.15   0.02   0.50   0.50   0.60   0.58   0.50   0.68   0.00   0.50   0.50   0.42   0.65   0.14   0.50   0.50   0.50   0.85   0.50   0.38   0.84   0.50   0.50   0.50   0.50   0.99   0.93   0.45   0.50   0.97   0.50   0.50   0.91   0.50   0.57   
0.01   0.04   0.11   0.04   0.78   0.01   0.16   0.33   0.04   0.58   0.04   0.92   0.05   0.01   0.81   0.05   0.06   0.01   0.26   0.04   0.04   0.24   0.09   0.01   0.09   0.04   0.04   0.04   0.01   0.03   0.97   0.04   0.02   0.98   0.97   0.96   0.19   0.75   0.97   0.99   0.99   0.04   0.15   0.02   0.01   0.78   0.99   0.95   0.57   0.02   0.17   0.01   0.04   0.98   0.04   0.91   0.35   0.96   0.96   0.99   0.76   0.78   0.47   0.81   0.80   0.99   0.97   0.96   0.98   0.76   0.39   0.53   0.96   0.99   0.96   0.37   0.97   0.84   

0.50   0.50   0.50   0.06   0.50   0.50   0.50   0.50   0.50   0.50   0.50   0.50   0.50   0.06   0.50   0.50   0.50   0.50   0.50   0.50   0.07   0.50   0.50   0.50   0.50   0.50   0.50   0.50   0.50   0.50   0.50   0.50   0.50   0.05   0.50   0.50   0.50   0.05   0.05   0.06   0.06   0.05   0.50   0.50   0.50   0.03   0.50   0.05   0.50   0.50   0.50   0.03   0.50   0.50   0.50   0.50   0.06   0.50   0.02   0.07   0.50   0.50   0.03   0.50   0.50   0.03   0.50   0.02   0.50   0.50   0.50   0.50   0.50   0.05   0.50   0.50   0.04   0.08   
0.01   0.01   0.01   0.00   0.01   0.01   0.01   0.03   0.01   0.01   0.01   0.25   0.03   0.00   0.16   0.03   0.03   0.04   0.03   0.00   0.00   0.09   0.09   0.01   0.01   0.01   0.00   0.00   0.00   0.03   0.27   0.03   0.03   0.07   0.23   0.67   0.01   0.00   0.03   0.16   0.10   0.00   0.03   0.01   0.05   0.01   0.98   0.04   0.05   0.02   0.05   0.01   0.01   0.98   0.04   0.27   0.02   0.14   0.05   0.06   0.07   0.14   0.00   0.10   0.16   0.02   0.21   0.02   0.08   0.03   0.14   0.10   0.06   0.04   0.21   0.03   0.04   0.03   
0.02   0.02   0.02   0.18   0.02   0.02   0.02   0.23   0.02   0.02   0.16   0.80   0.06   0.21   0.65   0.05   0.07   0.15   0.26   0.01   0.02   0.31   0.47   0.16   0.02   0.02   0.01   0.01   0.01   0.07   0.81   0.07   0.07   0.97   0.80   0.95   0.02   0.21   0.88   0.99   0.98   0.18   0.05   0.02   0.11   0.85   0.98   0.92   0.11   0.07   0.32   0.65   0.02   0.98   0.32   0.75   0.78   0.53   0.98   0.93   0.45   0.62   0.54   0.40   0.56   0.85   0.67   0.91   0.35   0.07   0.53   0.54   0.37   0.93   0.66   0.11   0.94   0.79   
0.13   0.50   0.63   0.50   0.93   0.55   0.72   0.69   0.50   0.84   0.50   0.80   0.36   0.50   0.50   0.30   0.60   0.27   0.64   0.50   0.50   0.45   0.14   0.50   0.50   0.50   0.50   0.50   0.50   0.42   0.50   0.50   0.33   0.50   0.94   0.50   0.77   0.50   0.50   0.50   0.50   0.50   0.61   0.20   0.04   0.50   0.50   0.68   0.66   0.50   0.74   0.50   0.50   0.50   0.51   0.72   0.20   0.50   0.50   0.50   0.88   0.50   0.46   0.87   0.50   0.50   0.50   0.50   0.99   0.94   0.54   0.50   0.98   0.50   0.50   0.93   0.50   0.65   
0.01   0.03   0.10   0.04   0.86   0.01   0.14   0.83   0.04   0.71   0.04   0.98   0.08   0.41   0.89   0.06   0.08   0.05   0.80   0.04   0.04   0.42   0.32   0.01   0.07   0.04   0.04   0.03   0.01   0.04   0.98   0.03   0.03   0.99   0.99   0.98   0.17   0.87   0.98   0.99   0.99   0.04   0.18   0.02   0.02   0.88   0.99   0.99   0.73   0.04   0.83   0.91   0.04   0.99   0.40   0.96   0.78   0.98   0.98   0.99   0.95   0.88   0.81   0.91   0.90   0.99   0.98   0.98   0.99   0.88   0.77   0.68   0.99   0.99   0.98   0.91   0.98   0.96   

0.50   0.50   0.50   0.50   0.50   0.50   0.50   0.50   0.50   0.50   0.50   0.50   0.50   0.50   0.50   0.50   0.50   0.50   0.50   0.50   0.50   0.50   0.50   0.50   0.50   0.50   0.50   0.50   0.50   0.50   0.50   0.50   0.50   0.04   0.50   0.50   0.50   0.50   0.04   0.05   0.05   0.50   0.50   0.50   0.50   0.04   0.50   0.05   0.50   0.50   0.50   0.04   0.50   0.50   0.50   0.50   0.05   0.50   0.03   0.05   0.50   0.50   0.50   0.50   0.50   0.03   0.50   0.03   0.50   0.50   0.50   0.50   0.50   0.04   0.50   0.50   0.04   0.06   
0.01   0.01   0.01   0.05   0.01   0.01   0.01   0.03   0.01   0.01   0.01   0.26   0.03   0.06   0.16   0.03   0.03   0.04   0.03   0.00   0.02   0.09   0.09   0.01   0.01   0.01   0.00   0.00   0.00   0.03   0.27   0.03   0.03   0.07   0.24   0.68   0.01   0.06   0.03   0.15   0.06   0.05   0.03   0.01   0.05   0.02   0.98   0.04   0.05   0.03   0.05   0.01   0.01   0.98   0.04   0.28   0.02   0.15   0.07   0.06   0.08   0.14   0.14   0.10   0.17   0.02   0.22   0.02   0.08   0.03   0.14   0.10   0.06   0.04   0.22   0.03   0.03   0.03   
0.02   0.02   0.02   0.17   0.11   0.02   0.02   0.19   0.02   0.02   0.14   0.77   0.05   0.19   0.60   0.04   0.06   0.14   0.21   0.01   0.02   0.27   0.42   0.14   0.02   0.02   0.01   0.01   0.01   0.06   0.77   0.06   0.06   0.97   0.76   0.92   0.02   0.19   0.89   0.99   0.95   0.17   0.04   0.02   0.09   0.87   0.99   0.93   0.23   0.21   0.27   0.61   0.02   0.99   0.42   0.78   0.74   0.59   0.99   0.93   0.51   0.66   0.51   0.36   0.51   0.86   0.70   0.92   0.45   0.06   0.49   0.59   0.33   0.94   0.70   0.26   0.90   0.81   
0.12   0.50   0.57   0.50   0.90   0.49   0.67   0.63   0.50   0.80   0.50   0.75   0.32   0.50   0.50   0.27   0.54   0.24   0.58   0.50   0.50   0.41   0.13   0.50   0.50   0.50   0.50   0.50   0.50   0.37   0.50   0.50   0.30   0.50   0.91   0.50   0.71   0.50   0.50   0.50   0.50   0.50   0.55   0.19   0.04   0.50   0.50   0.62   0.60   0.50   0.68   0.50   0.50   0.50   0.46   0.66   0.18   0.50   0.50   0.50   0.84   0.50   0.41   0.83   0.50   0.50   0.50   0.50   0.50   0.92   0.48   0.50   0.97   0.50   0.50   0.90   0.50   0.59   
0.01   0.03   0.05   0.04   0.81   0.01   0.07   0.41   0.04   0.13   0.04   0.92   0.04   0.26   0.82   0.03   0.04   0.02   0.34   0.04   0.04   0.18   0.13   0.01   0.05   0.04   0.04   0.03   0.01   0.02   0.97   0.03   0.01   0.99   0.96   0.96   0.08   0.81   0.97   0.99   0.99   0.04   0.08   0.01   0.01   0.80   0.99   0.97   0.59   0.03   0.38   0.83   0.04   0.99   0.30   0.90   0.38   0.96   0.98   0.99   0.87   0.80   0.43   0.49   0.85   0.99   0.97   0.96   0.17   0.66   0.33   0.55   0.96   0.99   0.96   0.87   0.97   0.89   

0.50   0.50   0.50   0.50   0.50   0.50   0.50   0.50   0.50   0.50   0.50   0.50   0.50   0.50   0.50   0.50   0.50   0.50   0.50   0.50   0.50   0.50   0.50   0.50   0.50   0.50   0.50   0.50   0.50   0.50   0.50   0.50   0.50   0.04   0.50   0.50   0.50   0.50   0.04   0.05   0.05   0.50   0.50   0.50   0.50   0.04   0.50   0.05   0.50   0.50   0.50   0.04   0.50   0.50   0.50   0.50   0.05   0.50   0.03   0.05   0.50   0.50   0.50   0.50   0.50   0.03   0.50   0.03   0.50   0.50   0.50   0.50   0.50   0.04   0.50   0.50   0.04   0.06   
0.01   0.01   0.01   0.05   0.01   0.01   0.01   0.03   0.01   0.01   0.01   0.26   0.03   0.07   0.16   0.03   0.03   0.04   0.03   0.00   0.02   0.09   0.09   0.01   0.01   0.01   0.00   0.00   0.00   0.03   0.28   0.03   0.03   0.07   0.24   0.69   0.01   0.07   0.03   0.16   0.07   0.05   0.03   0.01   0.05   0.02   0.98   0.04   0.05   0.03   0.05   0.01   0.01   0.98   0.04   0.28   0.02   0.15   0.07   0.06   0.08   0.14   0.14   0.10   0.17   0.02   0.22   0.02   0.08   0.03   0.14   0.10   0.06   0.05   0.22   0.04   0.03   0.03   
0.01   0.02   0.01   0.28   0.22   0.02   0.01   0.08   0.11   0.01   0.05   0.81   0.17   0.30   0.64   0.03   0.03   0.06   0.08   0.01   0.02   0.37   0.20   0.05   0.11   0.01   0.01   0.01   0.01   0.16   0.81   0.16   0.03   0.97   0.59   0.94   0.01   0.30   0.92   0.99   0.96   0.28   0.16   0.01   0.21   0.88   0.99   0.95   0.13   0.29   0.34   0.68   0.01   0.99   0.21   0.84   0.77   0.66   0.99   0.95   0.55   0.67   0.58   0.44   0.58   0.89   0.76   0.95   0.51   0.03   0.55   0.63   0.38   0.95   0.75   0.35   0.92   0.83   
0.50   0.50   0.37   0.50   0.89   0.50   0.55   0.41   0.50   0.82   0.50   0.76   0.11   0.50   0.50   0.12   0.42   0.15   0.38   0.50   0.50   0.23   0.05   0.50   0.50   0.50   0.50   0.50   0.50   0.38   0.50   0.50   0.30   0.50   0.92   0.50   0.60   0.50   0.50   0.50   0.50   0.50   0.50   0.09   0.01   0.50   0.50   0.59   0.34   0.50   0.65   0.50   0.50   0.50   0.43   0.62   0.09   0.50   0.50   0.50   0.84   0.50   0.40   0.82   0.50   0.50   0.50   0.50   0.50   0.87   0.49   0.50   0.97   0.50   0.50   0.85   0.50   0.47   
0.03   0.03   0.02   0.04   0.82   0.01   0.03   0.13   0.04   0.11   0.04   0.94   0.02   0.25   0.81   0.01   0.02   0.01   0.11   0.04   0.04   0.12   0.03   0.01   0.05   0.04   0.04   0.03   0.01   0.07   0.97   0.03   0.01   0.98   0.95   0.96   0.04   0.81   0.97   0.99   0.99   0.04   0.15   0.00   0.00   0.79   0.99   0.97   0.12   0.04   0.41   0.82   0.04   0.99   0.18   0.90   0.22   0.96   0.98   0.99   0.88   0.80   0.44   0.76   0.85   0.99   0.97   0.96   0.18   0.15   0.39   0.55   0.97   0.99   0.96   0.83   0.97   0.83   

0.50   0.50   0.50   0.50   0.50   0.50   0.50   0.50   0.50   0.50   0.50   0.50   0.50   0.50   0.50   0.50   0.50   0.50   0.50   0.50   0.50   0.50   0.50   0.50   0.50   0.50   0.50   0.50   0.50   0.50   0.50   0.50   0.50   0.04   0.50   0.50   0.50   0.50   0.04   0.05   0.05   0.50   0.50   0.50   0.50   0.04   0.50   0.05   0.50   0.50   0.50   0.04   0.50   0.50   0.50   0.50   0.05   0.50   0.03   0.05   0.50   0.50   0.50   0.50   0.50   0.03   0.50   0.03   0.50   0.50   0.50   0.50   0.50   0.04   0.50   0.50   0.04   0.06   
0.01   0.01   0.01   0.05   0.01   0.01   0.01   0.03   0.01   0.01   0.01   0.27   0.03   0.06   0.16   0.03   0.03   0.04   0.03   0.00   0.02   0.09   0.09   0.01   0.01   0.01   0.00   0.00   0.00   0.03   0.28   0.03   0.03   0.07   0.25   0.70   0.01   0.06   0.03   0.16   0.07   0.05   0.03   0.01   0.05   0.02   0.98   0.03   0.05   0.03   0.05   0.01   0.01   0.98   0.04   0.28   0.02   0.15   0.08   0.06   0.08   0.15   0.14   0.10   0.17   0.02   0.23   0.03   0.08   0.03   0.15   0.11   0.06   0.05   0.23   0.03   0.03   0.03   
0.01   0.01   0.01   0.22   0.17   0.01   0.01   0.09   0.09   0.01   0.06   0.84   0.13   0.24   0.70   0.03   0.03   0.06   0.29   0.01   0.02   0.29   0.23   0.24   0.09   0.01   0.01   0.01   0.01   0.13   0.82   0.13   0.03   0.98   0.70   0.94   0.01   0.24   0.92   0.99   0.96   0.22   0.12   0.01   0.17   0.90   0.99   0.86   0.12   0.23   0.29   0.57   0.01   0.99   0.22   0.84   0.81   0.56   0.99   0.95   0.65   0.74   0.47   0.37   0.64   0.89   0.65   0.95   0.44   0.03   0.48   0.69   0.53   0.96   0.77   0.27   0.93   0.86   
0.50   0.50   0.46   0.50   0.95   0.50   0.72   0.55   0.50   0.93   0.50   0.88   0.09   0.50   0.50   0.15   0.62   0.17   0.45   0.50   0.50   0.40   0.05   0.50   0.50   0.50   0.50   0.50   0.50   0.57   0.50   0.50   0.22   0.50   0.98   0.50   0.72   0.50   0.50   0.50   0.50   0.50   0.65   0.50   0.50   0.50   0.50   0.82   0.49   0.50   0.67   0.50   0.50   0.50   0.51   0.75   0.08   0.50   0.50   0.50   0.90   0.50   0.49   0.88   0.50   0.50   0.50   0.50   0.50   0.92   0.61   0.50   0.99   0.50   0.50   0.94   0.50   0.52   
0.04   0.03   0.02   0.04   0.90   0.01   0.07   0.21   0.04   0.61   0.04   0.98   0.02   0.23   0.82   0.01   0.04   0.01   0.29   0.04   0.04   0.19   0.03   0.01   0.05   0.04   0.04   0.03   0.01   0.12   0.97   0.03   0.01   0.99   0.99   0.96   0.07   0.82   0.97   0.99   0.99   0.04   0.22   0.03   0.23   0.80   0.99   0.98   0.19   0.04   0.42   0.82   0.04   0.99   0.22   0.95   0.24   0.96   0.98   0.99   0.95   0.80   0.48   0.81   0.85   0.99   0.97   0.96   0.20   0.21   0.47   0.55   0.99   0.99   0.96   0.92   0.97   0.88   

0.50   0.50   0.50   0.50   0.50   0.50   0.50   0.50   0.50   0.50   0.50   0.50   0.50   0.50   0.50   0.50   0.50   0.50   0.50   0.50   0.50   0.50   0.50   0.50   0.50   0.50   0.50   0.50   0.50   0.50   0.50   0.50   0.50   0.04   0.50   0.50   0.50   0.50   0.04   0.05   0.05   0.50   0.50   0.50   0.50   0.04   0.50   0.05   0.50   0.50   0.50   0.04   0.50   0.50   0.50   0.50   0.05   0.50   0.03   0.05   0.50   0.50   0.50   0.50   0.50   0.03   0.50   0.03   0.50   0.50   0.50   0.50   0.50   0.04   0.50   0.50   0.04   0.06   
0.01   0.01   0.01   0.05   0.01   0.01   0.01   0.03   0.01   0.01   0.01   0.26   0.03   0.06   0.16   0.03   0.03   0.03   0.03   0.00   0.01   0.08   0.09   0.01   0.01   0.01   0.00   0.00   0.00   0.03   0.27   0.03   0.03   0.10   0.25   0.71   0.01   0.06   0.03   0.25   0.06   0.05   0.03   0.01   0.05   0.02   0.98   0.04   0.05   0.03   0.05   0.01   0.01   0.98   0.04   0.28   0.02   0.15   0.06   0.05   0.08   0.14   0.14   0.10   0.16   0.02   0.22   0.03   0.08   0.03   0.14   0.10   0.06   0.04   0.22   0.03   0.03   0.03   
0.01   0.01   0.01   0.21   0.16   0.01   0.01   0.09   0.08   0.01   0.06   0.87   0.12   0.22   0.76   0.03   0.03   0.05   0.29   0.01   0.01   0.27   0.23   0.23   0.08   0.01   0.01   0.01   0.01   0.12   0.79   0.12   0.03   0.98   0.76   0.92   0.01   0.22   0.90   0.99   0.94   0.21   0.11   0.01   0.16   0.92   0.99   0.89   0.12   0.22   0.27   0.55   0.01   0.99   0.21   0.87   0.79   0.54   0.97   0.93   0.62   0.72   0.44   0.35   0.62   0.87   0.63   0.96   0.42   0.03   0.45   0.67   0.51   0.94   0.81   0.26   0.91   0.84   
0.50   0.50   0.43   0.50   0.92   0.50   0.67   0.51   0.50   0.89   0.50   0.83   0.10   0.50   0.50   0.16   0.58   0.18   0.43   0.50   0.50   0.38   0.06   0.50   0.50   0.50   0.50   0.50   0.50   0.53   0.50   0.50   0.23   0.50   0.96   0.50   0.66   0.50   0.50   0.50   0.50   0.50   0.60   0.50   0.50   0.50   0.50   0.77   0.45   0.50   0.62   0.50   0.50   0.50   0.48   0.70   0.09   0.50   0.50   0.50   0.86   0.50   0.46   0.83   0.50   0.50   0.50   0.50   0.50   0.88   0.56   0.50   0.50   0.50   0.50   0.91   0.50   0.48   
0.03   0.03   0.02   0.03   0.82   0.01   0.05   0.16   0.03   0.20   0.03   0.97   0.02   0.21   0.82   0.01   0.03   0.01   0.22   0.03   0.03   0.15   0.03   0.01   0.05   0.03   0.03   0.03   0.01   0.09   0.97   0.03   0.01   0.99   0.99   0.96   0.05   0.81   0.97   0.99   0.99   0.03   0.16   0.03   0.21   0.79   0.99   0.97   0.14   0.04   0.32   0.80   0.03   0.99   0.16   0.94   0.20   0.96   0.98   0.99   0.90   0.79   0.39   0.72   0.84   0.99   0.97   0.96   0.16   0.13   0.38   0.54   0.43   0.99   0.96   0.85   0.97   0.81   

0.50   0.50   0.50   0.50   0.50   0.50   0.50   0.50   0.50   0.50   0.50   0.50   0.50   0.50   0.50   0.50   0.50   0.50   0.50   0.50   0.50   0.50   0.50   0.50   0.50   0.50   0.50   0.50   0.50   0.50   0.50   0.50   0.50   0.04   0.50   0.50   0.50   0.50   0.04   0.05   0.05   0.50   0.50   0.50   0.50   0.04   0.50   0.04   0.50   0.50   0.50   0.50   0.50   0.50   0.50   0.50   0.05   0.50   0.03   0.05   0.50   0.50   0.50   0.50   0.50   0.03   0.50   0.03   0.50   0.50   0.50   0.50   0.50   0.04   0.50   0.50   0.04   0.06   
0.01   0.01   0.01   0.05   0.01   0.01   0.01   0.03   0.01   0.01   0.01   0.27   0.03   0.06   0.16   0.03   0.03   0.04   0.03   0.00   0.02   0.09   0.09   0.01   0.01   0.01   0.00   0.00   0.00   0.03   0.28   0.03   0.03   0.11   0.25   0.71   0.01   0.06   0.03   0.14   0.06   0.05   0.03   0.01   0.05   0.03   0.98   0.05   0.05   0.03   0.05   0.15   0.01   0.98   0.05   0.29   0.02   0.15   0.07   0.06   0.08   0.15   0.15   0.10   0.18   0.02   0.23   0.04   0.08   0.03   0.15   0.11   0.06   0.04   0.23   0.04   0.02   0.03   
0.01   0.02   0.02   0.24   0.15   0.01   0.01   0.07   0.07   0.01   0.05   0.87   0.11   0.20   0.76   0.02   0.02   0.07   0.25   0.01   0.01   0.24   0.19   0.19   0.10   0.01   0.01   0.01   0.01   0.11   0.77   0.11   0.04   0.99   0.73   0.91   0.02   0.20   0.89   0.99   0.95   0.24   0.10   0.01   0.18   0.93   0.99   0.89   0.10   0.24   0.29   0.52   0.01   0.99   0.19   0.86   0.76   0.51   0.98   0.93   0.59   0.69   0.41   0.37   0.63   0.87   0.64   0.96   0.39   0.02   0.42   0.64   0.47   0.93   0.81   0.24   0.89   0.84   
0.50   0.50   0.46   0.50   0.90   0.50   0.62   0.58   0.50   0.90   0.50   0.81   0.12   0.50   0.50   0.19   0.57   0.19   0.51   0.50   0.50   0.33   0.06   0.50   0.50   0.50   0.50   0.50   0.50   0.55   0.50   0.50   0.50   0.50   0.96   0.50   0.67   0.50   0.50   0.50   0.50   0.50   0.59   0.50   0.50   0.50   0.50   0.74   0.45   0.50   0.59   0.50   0.50   0.50   0.57   0.69   0.09   0.50   0.50   0.50   0.85   0.50   0.49   0.85   0.50   0.50   0.50   0.50   0.50   0.89   0.70   0.50   0.50   0.50   0.50   0.90   0.50   0.54   
0.03   0.03   0.03   0.04   0.78   0.01   0.03   0.18   0.04   0.15   0.04   0.97   0.02   0.20   0.81   0.01   0.02   0.01   0.26   0.04   0.04   0.12   0.02   0.01   0.04   0.04   0.04   0.03   0.01   0.09   0.97   0.03   0.02   0.99   0.99   0.96   0.06   0.81   0.97   0.99   0.99   0.04   0.15   0.02   0.20   0.79   0.99   0.98   0.13   0.04   0.32   0.80   0.04   0.99   0.21   0.95   0.20   0.96   0.98   0.99   0.89   0.80   0.43   0.79   0.85   0.99   0.97   0.96   0.16   0.13   0.66   0.55   0.42   0.99   0.96   0.84   0.97   0.86   

0.50   0.50   0.50   0.50   0.50   0.50   0.50   0.50   0.50   0.50   0.50   0.50   0.50   0.50   0.50   0.50   0.50   0.50   0.50   0.50   0.50   0.50   0.50   0.50   0.50   0.50   0.50   0.50   0.50   0.50   0.50   0.50   0.50   0.04   0.50   0.50   0.50   0.50   0.04   0.05   0.05   0.50   0.50   0.50   0.50   0.04   0.50   0.04   0.50   0.50   0.50   0.50   0.50   0.50   0.50   0.50   0.05   0.50   0.03   0.05   0.50   0.50   0.50   0.50   0.50   0.03   0.50   0.03   0.50   0.50   0.50   0.50   0.50   0.04   0.50   0.50   0.04   0.06   
0.01   0.01   0.01   0.05   0.01   0.01   0.01   0.03   0.01   0.01   0.01   0.27   0.03   0.06   0.16   0.03   0.03   0.04   0.03   0.00   0.02   0.09   0.09   0.01   0.01   0.01   0.00   0.00   0.00   0.03   0.28   0.03   0.03   0.09   0.25   0.71   0.01   0.06   0.03   0.15   0.05   0.05   0.03   0.01   0.05   0.03   0.98   0.05   0.05   0.03   0.05   0.15   0.01   0.98   0.05   0.29   0.02   0.15   0.07   0.06   0.08   0.15   0.15   0.10   0.18   0.02   0.23   0.04   0.08   0.03   0.15   0.11   0.06   0.03   0.23   0.04   0.03   0.03   
0.01   0.02   0.02   0.22   0.13   0.04   0.01   0.06   0.07   0.01   0.04   0.89   0.16   0.18   0.79   0.02   0.02   0.07   0.21   0.01   0.01   0.31   0.24   0.16   0.16   0.01   0.01   0.01   0.01   0.16   0.80   0.10   0.04   0.97   0.69   0.92   0.02   0.18   0.90   0.99   0.93   0.22   0.16   0.01   0.24   0.93   0.99   0.91   0.09   0.22   0.27   0.57   0.01   0.99   0.16   0.84   0.78   0.48   0.98   0.94   0.55   0.72   0.47   0.42   0.66   0.85   0.68   0.97   0.37   0.02   0.40   0.60   0.43   0.91   0.83   0.22   0.90   0.85   
0.50   0.50   0.45   0.50   0.92   0.50   0.63   0.58   0.50   0.91   0.50   0.83   0.10   0.50   0.50   0.17   0.57   0.17   0.50   0.50   0.50   0.31   0.05   0.50   0.50   0.50   0.50   0.50   0.50   0.55   0.50   0.50   0.50   0.50   0.97   0.50   0.67   0.50   0.50   0.50   0.50   0.50   0.59   0.50   0.50   0.50   0.50   0.76   0.44   0.50   0.59   0.50   0.50   0.50   0.56   0.70   0.07   0.50   0.50   0.50   0.86   0.50   0.49   0.87   0.50   0.50   0.50   0.50   0.50   0.90   0.71   0.50   0.50   0.50   0.50   0.91   0.50   0.54   
0.03   0.03   0.03   0.04   0.78   0.01   0.03   0.16   0.04   0.20   0.04   0.97   0.02   0.21   0.81   0.01   0.02   0.01   0.22   0.04   0.04   0.15   0.02   0.01   0.05   0.04   0.04   0.03   0.01   0.16   0.97   0.03   0.02   0.98   0.99   0.96   0.07   0.81   0.97   0.99   0.99   0.04   0.23   0.03   0.22   0.79   0.99   0.98   0.11   0.04   0.29   0.80   0.04   0.99   0.17   0.93   0.17   0.96   0.97   0.99   0.88   0.79   0.45   0.83   0.84   0.99   0.97   0.96   0.16   0.15   0.49   0.53   0.41   0.99   0.96   0.82   0.97   0.85   

0.50   0.50   0.50   0.50   0.50   0.50   0.50   0.50   0.50   0.50   0.50   0.50   0.50   0.50   0.50   0.50   0.50   0.50   0.50   0.50   0.50   0.50   0.50   0.50   0.50   0.50   0.50   0.50   0.50   0.50   0.50   0.50   0.50   0.04   0.50   0.50   0.50   0.50   0.04   0.05   0.05   0.50   0.50   0.50   0.50   0.04   0.50   0.04   0.50   0.50   0.50   0.50   0.50   0.50   0.50   0.50   0.05   0.50   0.03   0.05   0.50   0.50   0.50   0.50   0.50   0.03   0.50   0.03   0.50   0.50   0.50   0.50   0.50   0.04   0.50   0.50   0.04   0.06   
0.01   0.01   0.01   0.05   0.01   0.01   0.01   0.03   0.01   0.01   0.01   0.27   0.03   0.06   0.16   0.03   0.03   0.04   0.03   0.00   0.02   0.09   0.09   0.01   0.01   0.01   0.00   0.00   0.00   0.03   0.28   0.03   0.03   0.09   0.25   0.71   0.01   0.06   0.03   0.15   0.05   0.05   0.03   0.01   0.05   0.03   0.98   0.05   0.05   0.03   0.05   0.15   0.01   0.98   0.05   0.29   0.02   0.15   0.07   0.06   0.08   0.15   0.15   0.10   0.18   0.02   0.23   0.04   0.08   0.03   0.15   0.11   0.06   0.03   0.23   0.04   0.03   0.03   
0.01   0.02   0.02   0.22   0.13   0.04   0.01   0.06   0.07   0.01   0.04   0.89   0.16   0.18   0.79   0.02   0.02   0.07   0.21   0.01   0.01   0.31   0.24   0.16   0.16   0.01   0.01   0.01   0.01   0.16   0.80   0.10   0.04   0.97   0.69   0.92   0.02   0.18   0.90   0.99   0.93   0.22   0.16   0.01   0.24   0.93   0.99   0.91   0.09   0.22   0.27   0.57   0.01   0.99   0.16   0.84   0.78   0.48   0.98   0.94   0.55   0.72   0.47   0.42   0.66   0.85   0.68   0.97   0.37   0.02   0.40   0.60   0.43   0.91   0.83   0.22   0.90   0.85   
0.50   0.50   0.43   0.50   0.93   0.50   0.62   0.58   0.50   0.92   0.50   0.84   0.08   0.50   0.50   0.14   0.57   0.15   0.49   0.50   0.50   0.28   0.03   0.50   0.50   0.50   0.50   0.50   0.50   0.54   0.50   0.50   0.50   0.50   0.98   0.50   0.68   0.50   0.50   0.50   0.50   0.50   0.59   0.50   0.50   0.50   0.50   0.77   0.43   0.50   0.58   0.50   0.50   0.50   0.56   0.71   0.06   0.50   0.50   0.50   0.88   0.50   0.47   0.88   0.50   0.50   0.50   0.50   0.50   0.92   0.71   0.50   0.50   0.50   0.50   0.93   0.50   0.53   
0.04   0.03   0.03   0.71   0.84   0.01   0.04   0.17   0.71   0.53   0.71   0.98   0.02   0.22   0.83   0.01   0.03   0.01   0.24   0.71   0.71   0.16   0.02   0.01   0.05   0.71   0.71   0.03   0.01   0.18   0.98   0.03   0.02   0.99   0.99   0.97   0.07   0.82   0.98   0.99   0.99   0.71   0.26   0.03   0.24   0.82   0.99   0.99   0.11   0.04   0.31   0.86   0.71   0.99   0.18   0.96   0.18   0.97   0.98   0.99   0.92   0.82   0.67   0.88   0.86   0.99   0.98   0.97   0.17   0.18   0.70   0.60   0.47   0.99   0.97   0.88   0.98   0.88   

0.00   0.00   0.00   0.00   0.00   0.00   0.00   0.00   0.00   0.00   0.00   0.00   0.00   0.00   0.00   0.00   0.00   0.00   0.00   0.00   0.00   0.00   0.00   0.00   0.00   0.00   0.00   0.00   0.00   0.00   1.00   0.00   0.00   1.00   1.00   1.00   0.00   0.00   1.00   1.00   1.00   0.00   0.00   0.00   0.00   1.00   1.00   1.00   0.00   0.00   1.00   0.00   0.00   1.00   1.00   1.00   1.00   1.00   1.00   1.00   1.00   1.00   1.00   1.00   1.00   1.00   1.00   1.00   1.00   1.00   1.00   1.00   1.00   1.00   1.00   1.00   1.00   1.00   