5.00   5.00   5.00   5.00   5.00   5.00   5.00   5.00   5.00   5.00   5.00   5.00   5.00   5.00   5.00   5.00   5.00   5.00   5.00   5.00   5.00   5.00   5.00   5.00   5.00   5.00   5.00   5.00   5.00   5.00   5.00   5.00   5.00   5.00   5.00   5.00   5.00   5.00   5.00   5.00   5.00   5.00   5.00   5.00   5.00   5.00   5.00   5.00   5.00   5.00   5.00   5.00   5.00   5.00   5.00   5.00   5.00   5.00   5.00   5.00   5.00   5.00   5.00   5.00   5.00   5.00   5.00   5.00   5.00   5.00   5.00   5.00   5.00   5.00   5.00   5.00   5.00   5.00   
0.97   0.59   0.59   0.97   0.59   0.59   0.97   0.97   0.97   0.97   0.97   0.82   0.59   0.97   0.97   0.97   0.59   0.59   0.97   0.59   0.97   0.97   0.97   0.97   0.59   0.59   0.82   0.97   0.97   0.97   0.97   0.59   0.59   0.97   0.59   0.03   0.97   0.59   0.03   0.03   0.59   0.59   0.97   0.97   0.03   0.59   0.03   0.59   0.59   0.97   0.03   0.03   0.97   0.59   0.03   0.82   0.03   0.03   0.82   0.03   0.03   0.03   0.59   0.03   0.03   0.03   0.59   0.03   0.03   0.03   0.59   0.97   0.82   0.03   0.59   0.03   0.03   0.03   
0.97   0.59   0.59   0.97   0.59   0.59   0.97   0.97   0.97   0.97   0.97   0.82   0.59   0.97   0.97   0.97   0.59   0.59   0.97   0.59   0.97   0.97   0.97   0.97   0.59   0.59   0.82   0.97   0.97   0.97   0.97   0.59   0.59   0.97   0.59   0.03   0.97   0.59   0.03   0.03   0.59   0.59   0.97   0.97   0.03   0.59   0.03   0.59   0.59   0.97   0.03   0.03   0.97   0.59   0.03   0.82   0.03   0.03   0.82   0.03   0.03   0.03   0.59   0.03   0.03   0.03   0.59   0.03   0.03   0.03   0.59   0.97   0.82   0.03   0.59   0.03   0.03   0.03   
0.16   0.38   0.56   0.14   0.35   0.69   0.76   0.45   0.02   0.59   0.27   0.80   0.22   0.15   0.65   0.49   0.17   0.26   0.43   0.68   0.49   0.34   0.39   0.05   0.69   0.30   0.39   0.47   0.32   0.36   0.36   0.54   0.33   0.65   0.82   0.50   0.60   0.03   0.55   0.58   0.86   0.28   0.28   0.03   0.97   0.08   0.92   0.86   0.59   0.28   0.82   0.36   0.01   0.86   0.73   0.39   0.73   0.85   0.76   0.87   0.82   0.88   0.84   0.71   0.62   0.84   0.27   0.87   0.54   0.52   0.96   0.70   0.79   0.38   0.59   0.82   0.62   0.24   
0.01   0.03   0.87   0.01   0.03   0.92   0.94   0.79   0.00   0.87   0.62   0.99   0.02   0.01   0.89   0.81   0.01   0.02   0.78   0.92   0.81   0.69   0.74   0.00   0.92   0.02   0.97   0.80   0.68   0.72   0.72   0.86   0.03   0.89   0.96   0.98   0.87   0.00   0.99   0.99   0.97   0.02   0.64   0.00   1.00   0.00   1.00   0.97   0.88   0.63   1.00   0.97   0.00   0.97   0.99   0.97   0.99   1.00   0.99   1.00   1.00   1.00   0.96   0.99   0.99   1.00   0.02   1.00   0.98   0.98   0.99   0.91   0.99   0.97   0.88   1.00   0.99   0.95   

5.00   5.00   5.00   5.00   5.00   5.00   5.00   5.00   5.00   5.00   5.00   5.00   5.00   5.00   5.00   5.00   5.00   5.00   5.00   5.00   5.00   5.00   5.00   5.00   5.00   5.00   5.00   5.00   5.00   5.00   5.00   5.00   5.00   5.00   5.00   5.00   5.00   5.00   5.00   5.00   5.00   5.00   5.00   5.00   5.00   5.00   5.00   5.00   5.00   5.00   5.00   5.00   5.00   5.00   5.00   5.00   5.00   5.00   5.00   5.00   5.00   5.00   5.00   5.00   5.00   5.00   5.00   5.00   5.00   5.00   5.00   5.00   5.00   5.00   5.00   5.00   5.00   5.00   
0.02   0.26   0.26   0.02   0.26   0.26   0.02   0.02   0.02   0.02   0.02   0.83   0.26   0.35   0.35   0.02   0.26   0.26   0.02   0.26   0.02   0.02   0.02   0.35   0.26   0.26   0.66   0.02   0.02   0.02   0.02   0.58   0.26   0.35   0.26   0.83   0.02   0.26   0.98   0.98   0.58   0.26   0.35   0.35   0.98   0.26   0.98   0.58   0.26   0.02   0.83   0.83   0.02   0.26   0.83   0.83   0.83   0.98   0.83   0.98   0.83   0.98   0.58   0.98   0.83   0.98   0.26   0.83   0.83   0.83   0.26   0.02   0.66   0.98   0.26   0.98   0.98   0.98   
0.02   0.26   0.26   0.02   0.26   0.26   0.02   0.02   0.02   0.02   0.02   0.83   0.26   0.35   0.35   0.02   0.26   0.26   0.02   0.26   0.02   0.02   0.02   0.35   0.26   0.26   0.66   0.02   0.02   0.02   0.02   0.58   0.26   0.35   0.26   0.83   0.02   0.26   0.98   0.98   0.58   0.26   0.35   0.35   0.98   0.26   0.98   0.58   0.26   0.02   0.83   0.83   0.02   0.26   0.83   0.83   0.83   0.98   0.83   0.98   0.83   0.98   0.58   0.98   0.83   0.98   0.26   0.83   0.83   0.83   0.26   0.02   0.66   0.98   0.26   0.98   0.98   0.98   
0.09   0.30   0.66   0.50   0.26   0.74   0.90   0.50   0.50   0.67   0.14   0.50   0.11   0.50   0.82   0.70   0.10   0.13   0.42   0.87   0.64   0.27   0.32   0.50   0.82   0.22   0.52   0.58   0.25   0.31   0.37   0.66   0.22   0.85   0.97   0.54   0.78   0.50   0.63   0.64   0.89   0.14   0.20   0.50   0.50   0.50   0.50   0.95   0.61   0.17   0.50   0.39   0.50   0.98   0.91   0.32   0.50   0.50   0.85   0.50   0.50   0.50   0.96   0.85   0.69   0.50   0.22   0.50   0.61   0.65   1.00   0.92   0.50   0.35   0.76   0.50   0.82   0.15   
0.00   0.02   0.09   0.81   0.02   0.91   0.96   0.75   0.81   0.86   0.01   0.98   0.01   0.81   0.98   0.87   0.01   0.01   0.69   0.96   0.84   0.01   0.02   0.81   0.94   0.01   0.95   0.81   0.01   0.02   0.64   0.96   0.01   0.99   0.99   0.96   0.91   0.05   0.99   0.99   0.99   0.01   0.76   0.81   0.98   0.05   0.98   1.00   0.07   0.01   0.98   0.93   0.81   0.99   0.99   0.97   0.98   0.98   1.00   0.98   0.98   0.98   1.00   1.00   0.98   0.98   0.01   0.98   0.97   0.97   1.00   0.97   0.98   0.98   0.92   0.98   1.00   0.93   

5.00   5.00   5.00   5.00   5.00   5.00   5.00   5.00   5.00   5.00   5.00   5.00   5.00   5.00   5.00   5.00   5.00   5.00   5.00   5.00   5.00   5.00   5.00   5.00   5.00   5.00   5.00   5.00   5.00   5.00   5.00   5.00   5.00   5.00   5.00   5.00   5.00   5.00   5.00   5.00   5.00   5.00   5.00   5.00   5.00   5.00   5.00   5.00   5.00   5.00   5.00   5.00   5.00   5.00   5.00   5.00   5.00   5.00   5.00   5.00   5.00   5.00   5.00   5.00   5.00   5.00   5.00   5.00   5.00   5.00   5.00   5.00   5.00   5.00   5.00   5.00   5.00   5.00   
0.02   0.08   0.08   0.02   0.08   0.52   0.37   0.02   0.37   0.02   0.37   0.95   0.08   0.68   0.68   0.02   0.08   0.08   0.02   0.08   0.02   0.02   0.02   0.22   0.08   0.52   0.84   0.02   0.02   0.02   0.02   0.78   0.52   0.68   0.52   0.54   0.02   0.52   0.98   0.98   0.78   0.08   0.68   0.68   0.98   0.08   0.98   0.78   0.52   0.02   0.90   0.90   0.02   0.52   0.90   0.95   0.90   0.98   0.95   0.98   0.90   0.98   0.78   0.98   0.90   0.98   0.52   0.90   0.90   0.90   0.52   0.37   0.84   0.98   0.52   0.98   0.98   0.98   
0.02   0.08   0.08   0.02   0.08   0.52   0.37   0.02   0.37   0.02   0.37   0.95   0.08   0.68   0.68   0.02   0.08   0.08   0.02   0.08   0.02   0.02   0.02   0.22   0.08   0.52   0.84   0.02   0.02   0.02   0.02   0.78   0.52   0.68   0.52   0.54   0.02   0.52   0.98   0.98   0.78   0.08   0.68   0.68   0.98   0.08   0.98   0.78   0.52   0.02   0.90   0.90   0.02   0.52   0.90   0.95   0.90   0.98   0.95   0.98   0.90   0.98   0.78   0.98   0.90   0.98   0.52   0.90   0.90   0.90   0.52   0.37   0.84   0.98   0.52   0.98   0.98   0.98   
0.50   0.18   0.77   0.50   0.17   0.61   0.88   0.58   0.50   0.74   0.50   0.50   0.50   0.50   0.94   0.50   0.50   0.10   0.36   0.95   0.63   0.23   0.36   0.50   0.71   0.34   0.65   0.38   0.16   0.13   0.39   0.53   0.13   0.76   0.98   0.67   0.70   0.50   0.72   0.70   0.88   0.21   0.16   0.50   0.50   0.50   0.50   0.50   0.70   0.13   0.50   0.71   0.50   0.50   0.50   0.42   0.50   0.50   0.50   0.50   0.50   0.50   0.50   0.50   0.83   0.50   0.27   0.50   0.76   0.69   0.50   0.95   0.50   0.31   0.80   0.50   0.50   0.13   
0.69   0.01   0.18   0.76   0.01   0.86   0.96   0.03   0.76   0.63   0.69   0.97   0.07   0.76   0.99   0.03   0.07   0.01   0.01   0.93   0.04   0.01   0.01   0.76   0.13   0.36   0.96   0.02   0.01   0.00   0.02   0.93   0.14   0.97   1.00   0.91   0.59   0.07   1.00   0.99   0.99   0.02   0.65   0.76   0.98   0.07   0.98   0.92   0.90   0.00   0.98   0.98   0.76   0.07   0.94   0.98   0.98   0.98   0.98   0.98   0.98   0.98   0.92   0.99   0.99   0.98   0.28   0.98   0.98   0.97   0.07   0.98   0.97   0.97   0.94   0.98   0.99   0.92   

5.00   5.00   5.00   5.00   5.00   5.00   5.00   5.00   5.00   5.00   5.00   5.00   5.00   5.00   5.00   5.00   5.00   5.00   5.00   5.00   5.00   5.00   5.00   5.00   5.00   5.00   5.00   5.00   5.00   5.00   5.00   5.00   5.00   5.00   5.00   5.00   5.00   5.00   5.00   5.00   5.00   5.00   5.00   5.00   5.00   5.00   5.00   5.00   5.00   5.00   5.00   5.00   5.00   5.00   5.00   5.00   5.00   5.00   5.00   5.00   5.00   5.00   5.00   5.00   5.00   5.00   5.00   5.00   5.00   5.00   5.00   5.00   5.00   5.00   5.00   5.00   5.00   5.00   
0.02   0.09   0.09   0.02   0.09   0.59   0.44   0.02   0.44   0.02   0.44   0.96   0.09   0.74   0.74   0.02   0.09   0.09   0.02   0.09   0.02   0.02   0.02   0.29   0.09   0.59   0.87   0.03   0.03   0.02   0.02   0.82   0.60   0.74   0.59   0.62   0.02   0.59   0.99   0.98   0.82   0.09   0.74   0.74   0.98   0.09   0.98   0.82   0.59   0.02   0.92   0.92   0.03   0.59   0.92   0.96   0.92   0.98   0.96   0.98   0.92   0.99   0.82   0.98   0.92   0.98   0.59   0.92   0.92   0.92   0.59   0.44   0.87   0.99   0.59   0.98   0.98   0.98   
0.02   0.09   0.09   0.02   0.09   0.59   0.44   0.02   0.44   0.02   0.44   0.96   0.09   0.74   0.74   0.02   0.09   0.09   0.02   0.09   0.02   0.02   0.02   0.29   0.09   0.59   0.87   0.03   0.03   0.02   0.02   0.82   0.60   0.74   0.59   0.62   0.02   0.59   0.99   0.98   0.82   0.09   0.74   0.74   0.98   0.09   0.98   0.82   0.59   0.02   0.92   0.92   0.03   0.59   0.92   0.96   0.92   0.98   0.96   0.98   0.92   0.99   0.82   0.98   0.92   0.98   0.59   0.92   0.92   0.92   0.59   0.44   0.87   0.99   0.59   0.98   0.98   0.98   
0.50   0.10   0.65   0.50   0.11   0.49   0.91   0.48   0.50   0.73   0.50   0.50   0.50   0.50   0.96   0.40   0.50   0.09   0.36   0.93   0.72   0.12   0.41   0.50   0.72   0.26   0.82   0.28   0.50   0.50   0.25   0.75   0.06   0.76   0.50   0.90   0.74   0.50   0.50   0.50   0.97   0.25   0.23   0.50   0.50   0.50   0.50   0.50   0.61   0.50   0.50   0.85   0.50   0.50   0.50   0.64   0.50   0.50   0.50   0.50   0.50   0.50   0.50   0.50   0.81   0.50   0.36   0.50   0.76   0.91   0.50   0.97   0.50   0.60   0.89   0.50   0.50   0.48   
0.70   0.01   0.65   0.76   0.01   0.81   0.97   0.02   0.76   0.66   0.70   0.97   0.08   0.76   1.00   0.02   0.08   0.01   0.01   0.93   0.64   0.00   0.02   0.76   0.72   0.33   0.99   0.01   0.03   0.03   0.01   0.97   0.09   0.97   0.82   0.98   0.67   0.08   0.99   0.99   1.00   0.02   0.76   0.76   0.98   0.08   0.98   0.93   0.88   0.03   0.98   0.99   0.76   0.08   0.94   0.99   0.98   0.98   0.98   0.98   0.98   0.98   0.93   0.99   0.99   0.98   0.44   0.98   0.98   0.99   0.08   0.99   0.97   0.99   0.97   0.98   0.99   0.99   

5.00   5.00   5.00   5.00   5.00   5.00   5.00   5.00   5.00   5.00   5.00   5.00   5.00   5.00   5.00   5.00   5.00   5.00   5.00   5.00   5.00   5.00   5.00   5.00   5.00   5.00   5.00   5.00   5.00   5.00   5.00   5.00   5.00   5.00   5.00   5.00   5.00   5.00   5.00   5.00   5.00   5.00   5.00   5.00   5.00   5.00   5.00   5.00   5.00   5.00   5.00   5.00   5.00   5.00   5.00   5.00   5.00   5.00   5.00   5.00   5.00   5.00   5.00   5.00   5.00   5.00   5.00   5.00   5.00   5.00   5.00   5.00   5.00   5.00   5.00   5.00   5.00   5.00   
0.03   0.08   0.08   0.03   0.08   0.59   0.44   0.03   0.41   0.03   0.44   0.96   0.09   0.75   0.75   0.03   0.08   0.09   0.02   0.08   0.02   0.02   0.02   0.30   0.08   0.59   0.87   0.02   0.02   0.03   0.03   0.82   0.59   0.73   0.56   0.61   0.03   0.56   0.99   0.98   0.82   0.08   0.73   0.75   0.98   0.09   0.99   0.81   0.56   0.02   0.91   0.91   0.03   0.56   0.91   0.96   0.91   0.98   0.96   0.98   0.91   0.99   0.81   0.99   0.92   0.99   0.59   0.91   0.91   0.91   0.56   0.41   0.87   0.99   0.56   0.99   0.98   0.99   
0.03   0.08   0.08   0.03   0.08   0.59   0.44   0.03   0.41   0.03   0.44   0.96   0.09   0.75   0.75   0.03   0.08   0.09   0.02   0.08   0.02   0.02   0.02   0.30   0.08   0.59   0.87   0.02   0.02   0.03   0.03   0.82   0.59   0.73   0.56   0.61   0.03   0.56   0.99   0.98   0.82   0.08   0.73   0.75   0.98   0.09   0.99   0.81   0.56   0.02   0.91   0.91   0.03   0.56   0.91   0.96   0.91   0.98   0.96   0.98   0.91   0.99   0.81   0.99   0.92   0.99   0.59   0.91   0.91   0.91   0.56   0.41   0.87   0.99   0.56   0.99   0.98   0.99   
0.50   0.09   0.50   0.50   0.09   0.44   0.93   0.50   0.50   0.83   0.50   0.50   0.50   0.50   0.50   0.29   0.50   0.10   0.39   0.86   0.66   0.50   0.38   0.50   0.58   0.20   0.89   0.18   0.50   0.50   0.27   0.78   0.07   0.80   0.50   0.93   0.73   0.50   0.50   0.50   0.50   0.22   0.26   0.50   0.50   0.50   0.50   0.50   0.52   0.50   0.50   0.89   0.50   0.50   0.50   0.72   0.50   0.50   0.50   0.50   0.50   0.50   0.50   0.50   0.88   0.50   0.38   0.50   0.71   0.50   0.50   0.96   0.50   0.68   0.92   0.50   0.50   0.64   
0.71   0.00   0.04   0.78   0.00   0.81   0.98   0.52   0.78   0.85   0.71   0.98   0.07   0.78   0.92   0.06   0.07   0.03   0.01   0.81   0.04   0.03   0.01   0.78   0.05   0.32   0.99   0.00   0.03   0.03   0.05   0.98   0.12   0.97   0.82   0.99   0.75   0.07   0.99   0.99   0.93   0.01   0.75   0.78   0.98   0.07   0.98   0.92   0.79   0.03   0.98   0.99   0.78   0.07   0.94   0.99   0.98   0.98   0.98   0.98   0.98   0.98   0.92   0.99   0.99   0.98   0.76   0.98   0.97   0.95   0.07   0.99   0.98   1.00   0.97   0.98   0.99   0.99   

5.00   5.00   5.00   5.00   5.00   5.00   5.00   5.00   5.00   5.00   5.00   5.00   5.00   5.00   5.00   5.00   5.00   5.00   5.00   5.00   5.00   5.00   5.00   5.00   5.00   5.00   5.00   5.00   5.00   5.00   5.00   5.00   5.00   5.00   5.00   5.00   5.00   5.00   5.00   5.00   5.00   5.00   5.00   5.00   5.00   5.00   5.00   5.00   5.00   5.00   5.00   5.00   5.00   5.00   5.00   5.00   5.00   5.00   5.00   5.00   5.00   5.00   5.00   5.00   5.00   5.00   5.00   5.00   5.00   5.00   5.00   5.00   5.00   5.00   5.00   5.00   5.00   5.00   
0.02   0.06   0.06   0.02   0.06   0.40   0.30   0.02   0.28   0.02   0.30   0.87   0.07   0.57   0.57   0.02   0.06   0.23   0.02   0.06   0.02   0.02   0.16   0.36   0.06   0.40   0.71   0.02   0.02   0.02   0.02   0.81   0.42   0.55   0.61   0.42   0.02   0.38   0.99   0.98   0.67   0.06   0.55   0.57   0.98   0.07   0.93   0.65   0.61   0.02   0.78   0.79   0.03   0.38   0.89   0.96   0.78   0.98   0.96   0.92   0.78   0.99   0.65   0.99   0.79   0.99   0.40   0.78   0.78   0.89   0.38   0.50   0.71   0.99   0.61   0.99   0.98   0.99   
0.02   0.06   0.06   0.02   0.06   0.40   0.30   0.02   0.28   0.02   0.30   0.87   0.07   0.57   0.57   0.02   0.06   0.23   0.02   0.06   0.02   0.02   0.16   0.36   0.06   0.40   0.71   0.02   0.02   0.02   0.02   0.81   0.42   0.55   0.61   0.42   0.02   0.38   0.99   0.98   0.67   0.06   0.55   0.57   0.98   0.07   0.93   0.65   0.61   0.02   0.78   0.79   0.03   0.38   0.89   0.96   0.78   0.98   0.96   0.92   0.78   0.99   0.65   0.99   0.79   0.99   0.40   0.78   0.78   0.89   0.38   0.50   0.71   0.99   0.61   0.99   0.98   0.99   
0.50   0.50   0.50   0.50   0.50   0.21   0.94   0.63   0.50   0.89   0.50   0.50   0.50   0.50   0.50   0.37   0.50   0.12   0.52   0.79   0.86   0.50   0.48   0.50   0.43   0.17   0.97   0.50   0.50   0.50   0.10   0.93   0.03   0.77   0.50   0.98   0.81   0.50   0.50   0.50   0.50   0.32   0.37   0.50   0.50   0.50   0.50   0.50   0.58   0.50   0.50   0.97   0.50   0.50   0.50   0.50   0.50   0.50   0.50   0.50   0.50   0.50   0.50   0.50   0.87   0.50   0.58   0.50   0.77   0.50   0.50   0.96   0.50   0.50   0.98   0.50   0.50   0.50   
0.69   0.03   0.03   0.76   0.03   0.27   0.98   0.60   0.76   0.88   0.69   0.97   0.06   0.76   0.91   0.07   0.06   0.04   0.02   0.10   0.73   0.03   0.07   0.76   0.02   0.22   1.00   0.02   0.03   0.03   0.01   1.00   0.04   0.96   0.79   1.00   0.79   0.06   0.99   0.99   0.92   0.01   0.82   0.76   0.98   0.06   0.98   0.92   0.82   0.03   0.98   1.00   0.76   0.06   0.93   0.98   0.98   0.98   0.98   0.98   0.98   0.98   0.92   0.99   0.99   0.98   0.85   0.98   0.97   0.94   0.06   0.99   0.97   0.99   0.99   0.98   0.99   0.99   

5.00   5.00   5.00   5.00   5.00   5.00   5.00   5.00   5.00   5.00   5.00   5.00   5.00   5.00   5.00   5.00   5.00   5.00   5.00   5.00   5.00   5.00   5.00   5.00   5.00   5.00   5.00   5.00   5.00   5.00   5.00   5.00   5.00   5.00   5.00   5.00   5.00   5.00   5.00   5.00   5.00   5.00   5.00   5.00   5.00   5.00   5.00   5.00   5.00   5.00   5.00   5.00   5.00   5.00   5.00   5.00   5.00   5.00   5.00   5.00   5.00   5.00   5.00   5.00   5.00   5.00   5.00   5.00   5.00   5.00   5.00   5.00   5.00   5.00   5.00   5.00   5.00   5.00   
0.02   0.06   0.06   0.02   0.06   0.40   0.30   0.02   0.29   0.02   0.30   0.93   0.07   0.56   0.56   0.02   0.06   0.25   0.02   0.06   0.02   0.02   0.18   0.39   0.06   0.40   0.85   0.02   0.02   0.02   0.02   0.78   0.40   0.77   0.80   0.63   0.02   0.39   0.99   0.99   0.82   0.06   0.55   0.56   0.99   0.07   0.96   0.82   0.61   0.02   0.76   0.76   0.02   0.69   0.95   0.98   0.76   0.99   0.98   0.87   0.76   0.93   0.64   0.94   0.89   0.94   0.40   0.76   0.89   0.95   0.69   0.75   0.70   0.99   0.61   0.94   0.99   0.99   
0.02   0.06   0.06   0.02   0.06   0.40   0.30   0.02   0.29   0.02   0.30   0.93   0.07   0.56   0.56   0.02   0.06   0.25   0.02   0.06   0.02   0.02   0.18   0.39   0.06   0.40   0.85   0.02   0.02   0.02   0.02   0.78   0.40   0.77   0.80   0.63   0.02   0.39   0.99   0.99   0.82   0.06   0.55   0.56   0.99   0.07   0.96   0.82   0.61   0.02   0.76   0.76   0.02   0.69   0.95   0.98   0.76   0.99   0.98   0.87   0.76   0.93   0.64   0.94   0.89   0.94   0.40   0.76   0.89   0.95   0.69   0.75   0.70   0.99   0.61   0.94   0.99   0.99   
0.50   0.50   0.46   0.50   0.50   0.11   0.92   0.58   0.50   0.91   0.50   0.50   0.50   0.50   0.50   0.30   0.50   0.09   0.38   0.77   0.76   0.50   0.43   0.50   0.30   0.15   0.50   0.50   0.50   0.50   0.08   0.50   0.01   0.75   0.50   0.50   0.86   0.50   0.50   0.50   0.50   0.13   0.36   0.50   0.50   0.50   0.50   0.50   0.49   0.50   0.50   0.50   0.50   0.50   0.50   0.50   0.50   0.50   0.50   0.50   0.50   0.50   0.50   0.50   0.88   0.50   0.57   0.50   0.68   0.50   0.50   0.95   0.50   0.50   0.97   0.50   0.50   0.50   
0.66   0.03   0.02   0.75   0.03   0.10   0.96   0.11   0.75   0.85   0.66   0.97   0.06   0.75   0.90   0.04   0.06   0.02   0.01   0.08   0.05   0.03   0.02   0.75   0.01   0.13   0.93   0.02   0.03   0.03   0.01   0.92   0.01   0.97   0.45   0.82   0.79   0.06   0.99   0.99   0.91   0.00   0.71   0.75   0.98   0.06   0.98   0.90   0.38   0.03   0.98   0.91   0.75   0.06   0.93   0.98   0.98   0.98   0.98   0.98   0.98   0.98   0.90   0.99   0.99   0.98   0.77   0.98   0.97   0.93   0.06   0.99   0.97   0.99   0.99   0.98   0.99   0.99   

5.00   5.00   5.00   5.00   5.00   5.00   5.00   5.00   5.00   5.00   5.00   5.00   5.00   5.00   5.00   5.00   5.00   5.00   5.00   5.00   5.00   5.00   5.00   5.00   5.00   5.00   5.00   5.00   5.00   5.00   5.00   5.00   5.00   5.00   5.00   5.00   5.00   5.00   5.00   5.00   5.00   5.00   5.00   5.00   5.00   5.00   5.00   5.00   5.00   5.00   5.00   5.00   5.00   5.00   5.00   5.00   5.00   5.00   5.00   5.00   5.00   5.00   5.00   5.00   5.00   5.00   5.00   5.00   5.00   5.00   5.00   5.00   5.00   5.00   5.00   5.00   5.00   5.00   
0.02   0.27   0.05   0.02   0.05   0.25   0.44   0.02   0.18   0.02   0.44   0.75   0.05   0.33   0.33   0.02   0.05   0.17   0.02   0.27   0.21   0.02   0.12   0.45   0.05   0.25   0.85   0.02   0.02   0.02   0.02   0.78   0.25   0.54   0.80   0.66   0.02   0.25   0.99   0.99   0.81   0.05   0.33   0.33   0.99   0.05   0.96   0.81   0.41   0.02   0.78   0.78   0.02   0.71   0.95   0.97   0.78   0.99   0.97   0.87   0.78   0.93   0.67   0.94   0.90   0.94   0.25   0.78   0.90   0.95   0.71   0.53   0.50   0.99   0.41   0.94   0.99   0.99   
0.02   0.27   0.05   0.02   0.05   0.25   0.44   0.02   0.18   0.02   0.44   0.75   0.05   0.33   0.33   0.02   0.05   0.17   0.02   0.27   0.21   0.02   0.12   0.45   0.05   0.25   0.85   0.02   0.02   0.02   0.02   0.78   0.25   0.54   0.80   0.66   0.02   0.25   0.99   0.99   0.81   0.05   0.33   0.33   0.99   0.05   0.96   0.81   0.41   0.02   0.78   0.78   0.02   0.71   0.95   0.97   0.78   0.99   0.97   0.87   0.78   0.93   0.67   0.94   0.90   0.94   0.25   0.78   0.90   0.95   0.71   0.53   0.50   0.99   0.41   0.94   0.99   0.99   
0.50   0.50   0.55   0.50   0.50   0.14   0.92   0.62   0.50   0.86   0.50   0.50   0.50   0.50   0.50   0.39   0.50   0.11   0.39   0.74   0.76   0.50   0.38   0.50   0.29   0.13   0.50   0.50   0.50   0.50   0.07   0.50   0.01   0.78   0.50   0.50   0.88   0.50   0.50   0.50   0.50   0.50   0.34   0.50   0.50   0.50   0.50   0.50   0.43   0.50   0.50   0.50   0.50   0.50   0.50   0.50   0.50   0.50   0.50   0.50   0.50   0.50   0.50   0.50   0.87   0.50   0.63   0.50   0.47   0.50   0.50   0.96   0.50   0.50   0.97   0.50   0.50   0.50   
0.64   0.03   0.04   0.72   0.03   0.10   0.97   0.11   0.72   0.75   0.64   0.97   0.07   0.72   0.88   0.05   0.07   0.02   0.01   0.77   0.75   0.02   0.02   0.72   0.01   0.09   0.93   0.02   0.02   0.02   0.01   0.91   0.01   0.96   0.44   0.85   0.78   0.79   0.99   0.99   0.90   0.03   0.41   0.72   0.98   0.79   0.98   0.89   0.26   0.02   0.98   0.92   0.72   0.07   0.94   0.98   0.98   0.98   0.98   0.98   0.98   0.98   0.89   0.99   0.99   0.98   0.76   0.98   0.94   0.94   0.07   0.99   0.97   0.99   0.98   0.98   0.99   0.99   

5.00   5.00   5.00   5.00   5.00   5.00   5.00   5.00   5.00   5.00   5.00   5.00   5.00   5.00   5.00   5.00   5.00   5.00   5.00   5.00   5.00   5.00   5.00   5.00   5.00   5.00   5.00   5.00   5.00   5.00   5.00   5.00   5.00   5.00   5.00   5.00   5.00   5.00   5.00   5.00   5.00   5.00   5.00   5.00   5.00   5.00   5.00   5.00   5.00   5.00   5.00   5.00   5.00   5.00   5.00   5.00   5.00   5.00   5.00   5.00   5.00   5.00   5.00   5.00   5.00   5.00   5.00   5.00   5.00   5.00   5.00   5.00   5.00   5.00   5.00   5.00   5.00   5.00   
0.02   0.23   0.05   0.02   0.05   0.23   0.40   0.02   0.17   0.02   0.40   0.74   0.08   0.36   0.36   0.04   0.05   0.15   0.01   0.23   0.17   0.01   0.10   0.41   0.05   0.23   0.83   0.01   0.01   0.02   0.02   0.75   0.23   0.51   0.78   0.62   0.02   0.28   0.99   0.99   0.82   0.05   0.36   0.36   0.99   0.08   0.97   0.79   0.37   0.03   0.75   0.79   0.01   0.72   0.96   0.98   0.75   0.99   0.98   0.88   0.75   0.92   0.64   0.94   0.91   0.92   0.28   0.75   0.90   0.94   0.68   0.50   0.47   0.99   0.37   0.92   0.99   0.99   
0.02   0.23   0.05   0.02   0.05   0.23   0.40   0.02   0.17   0.02   0.40   0.74   0.08   0.36   0.36   0.04   0.05   0.15   0.01   0.23   0.17   0.01   0.10   0.41   0.05   0.23   0.83   0.01   0.01   0.02   0.02   0.75   0.23   0.51   0.78   0.62   0.02   0.28   0.99   0.99   0.82   0.05   0.36   0.36   0.99   0.08   0.97   0.79   0.37   0.03   0.75   0.79   0.01   0.72   0.96   0.98   0.75   0.99   0.98   0.88   0.75   0.92   0.64   0.94   0.91   0.92   0.28   0.75   0.90   0.94   0.68   0.50   0.47   0.99   0.37   0.92   0.99   0.99   
0.50   0.50   0.51   0.50   0.50   0.08   0.97   0.60   0.50   0.94   0.50   0.50   0.50   0.50   0.50   0.30   0.50   0.09   0.39   0.76   0.72   0.50   0.24   0.50   0.30   0.14   0.50   0.50   0.50   0.50   0.50   0.50   0.01   0.59   0.50   0.50   0.88   0.50   0.50   0.50   0.50   0.50   0.37   0.50   0.50   0.50   0.50   0.50   0.42   0.50   0.50   0.50   0.50   0.50   0.50   0.50   0.50   0.50   0.50   0.50   0.50   0.50   0.50   0.50   0.50   0.50   0.62   0.50   0.53   0.50   0.50   0.96   0.50   0.50   0.96   0.50   0.50   0.50   
0.63   0.03   0.03   0.72   0.03   0.05   0.99   0.09   0.72   0.86   0.63   0.97   0.06   0.72   0.88   0.14   0.06   0.01   0.01   0.36   0.59   0.03   0.01   0.72   0.01   0.09   0.93   0.01   0.03   0.03   0.07   0.91   0.00   0.88   0.42   0.83   0.74   0.78   0.99   0.99   0.89   0.03   0.72   0.72   0.98   0.78   0.98   0.89   0.21   0.03   0.98   0.91   0.72   0.06   0.93   0.98   0.98   0.98   0.98   0.98   0.98   0.98   0.89   0.99   0.96   0.98   0.83   0.98   0.96   0.93   0.06   0.98   0.97   0.99   0.97   0.98   0.99   0.99   

5.00   5.00   5.00   5.00   5.00   5.00   5.00   5.00   5.00   5.00   5.00   5.00   5.00   5.00   5.00   5.00   5.00   5.00   5.00   5.00   5.00   5.00   5.00   5.00   5.00   5.00   5.00   5.00   5.00   5.00   5.00   5.00   5.00   5.00   5.00   5.00   5.00   5.00   5.00   5.00   5.00   5.00   5.00   5.00   5.00   5.00   5.00   5.00   5.00   5.00   5.00   5.00   5.00   5.00   5.00   5.00   5.00   5.00   5.00   5.00   5.00   5.00   5.00   5.00   5.00   5.00   5.00   5.00   5.00   5.00   5.00   5.00   5.00   5.00   5.00   5.00   5.00   5.00   
0.01   0.24   0.04   0.01   0.04   0.22   0.40   0.01   0.16   0.01   0.44   0.72   0.07   0.36   0.39   0.03   0.04   0.15   0.01   0.26   0.21   0.01   0.12   0.45   0.04   0.22   0.84   0.01   0.01   0.01   0.01   0.75   0.22   0.54   0.80   0.63   0.01   0.27   0.99   0.98   0.84   0.04   0.35   0.36   0.98   0.07   0.96   0.81   0.36   0.03   0.74   0.77   0.01   0.71   0.95   0.97   0.74   0.98   0.97   0.87   0.74   0.93   0.63   0.93   0.90   0.92   0.27   0.74   0.89   0.93   0.67   0.49   0.45   0.99   0.36   0.92   0.98   0.99   
0.01   0.24   0.04   0.01   0.04   0.22   0.40   0.01   0.16   0.01   0.44   0.72   0.07   0.36   0.39   0.03   0.04   0.15   0.01   0.26   0.21   0.01   0.12   0.45   0.04   0.22   0.84   0.01   0.01   0.01   0.01   0.75   0.22   0.54   0.80   0.63   0.01   0.27   0.99   0.98   0.84   0.04   0.35   0.36   0.98   0.07   0.96   0.81   0.36   0.03   0.74   0.77   0.01   0.71   0.95   0.97   0.74   0.98   0.97   0.87   0.74   0.93   0.63   0.93   0.90   0.92   0.27   0.74   0.89   0.93   0.67   0.49   0.45   0.99   0.36   0.92   0.98   0.99   
0.50   0.50   0.47   0.50   0.50   0.09   0.95   0.55   0.50   0.91   0.50   0.50   0.50   0.50   0.50   0.29   0.50   0.10   0.37   0.71   0.67   0.50   0.24   0.50   0.29   0.15   0.50   0.50   0.50   0.50   0.50   0.50   0.50   0.54   0.50   0.50   0.83   0.50   0.50   0.50   0.50   0.50   0.35   0.50   0.50   0.50   0.50   0.50   0.40   0.50   0.50   0.50   0.50   0.50   0.50   0.50   0.50   0.50   0.50   0.50   0.50   0.50   0.50   0.50   0.50   0.50   0.57   0.50   0.49   0.50   0.50   0.93   0.50   0.50   0.94   0.50   0.50   0.50   
0.62   0.03   0.02   0.71   0.03   0.04   0.98   0.06   0.71   0.77   0.62   0.97   0.06   0.71   0.87   0.10   0.06   0.01   0.01   0.73   0.66   0.03   0.02   0.71   0.01   0.07   0.93   0.02   0.03   0.03   0.06   0.90   0.34   0.86   0.40   0.84   0.63   0.77   0.99   0.99   0.89   0.03   0.48   0.71   0.98   0.77   0.98   0.88   0.18   0.03   0.98   0.92   0.71   0.06   0.93   0.98   0.98   0.98   0.98   0.98   0.98   0.98   0.88   0.99   0.96   0.98   0.75   0.98   0.94   0.93   0.06   0.97   0.97   0.99   0.94   0.98   0.99   0.99   

5.00   5.00   5.00   5.00   5.00   5.00   5.00   5.00   5.00   5.00   5.00   5.00   5.00   5.00   5.00   5.00   5.00   5.00   5.00   5.00   5.00   5.00   5.00   5.00   5.00   5.00   5.00   5.00   5.00   5.00   5.00   5.00   5.00   5.00   5.00   5.00   5.00   5.00   5.00   5.00   5.00   5.00   5.00   5.00   5.00   5.00   5.00   5.00   5.00   5.00   5.00   5.00   5.00   5.00   5.00   5.00   5.00   5.00   5.00   5.00   5.00   5.00   5.00   5.00   5.00   5.00   5.00   5.00   5.00   5.00   5.00   5.00   5.00   5.00   5.00   5.00   5.00   5.00   
0.01   0.30   0.07   0.03   0.07   0.19   0.45   0.01   0.19   0.01   0.49   0.73   0.06   0.38   0.42   0.02   0.03   0.13   0.03   0.34   0.28   0.03   0.16   0.45   0.07   0.19   0.86   0.01   0.01   0.01   0.01   0.71   0.18   0.50   0.77   0.68   0.01   0.23   0.99   0.96   0.85   0.07   0.31   0.31   0.99   0.06   0.93   0.83   0.40   0.06   0.77   0.80   0.01   0.75   0.96   0.98   0.77   0.99   0.98   0.89   0.77   0.94   0.67   0.94   0.91   0.92   0.23   0.77   0.91   0.95   0.71   0.52   0.42   0.99   0.33   0.92   0.96   0.99   
0.01   0.30   0.07   0.03   0.07   0.19   0.45   0.01   0.19   0.01   0.49   0.73   0.06   0.38   0.42   0.02   0.03   0.13   0.03   0.34   0.28   0.03   0.16   0.45   0.07   0.19   0.86   0.01   0.01   0.01   0.01   0.71   0.18   0.50   0.77   0.68   0.01   0.23   0.99   0.96   0.85   0.07   0.31   0.31   0.99   0.06   0.93   0.83   0.40   0.06   0.77   0.80   0.01   0.75   0.96   0.98   0.77   0.99   0.98   0.89   0.77   0.94   0.67   0.94   0.91   0.92   0.23   0.77   0.91   0.95   0.71   0.52   0.42   0.99   0.33   0.92   0.96   0.99   
0.50   0.50   0.54   0.50   0.50   0.10   0.96   0.62   0.50   0.93   0.50   0.50   0.50   0.50   0.50   0.34   0.50   0.12   0.42   0.76   0.73   0.50   0.27   0.50   0.34   0.17   0.50   0.50   0.50   0.50   0.50   0.50   0.50   0.61   0.50   0.50   0.87   0.50   0.50   0.50   0.50   0.50   0.40   0.50   0.50   0.50   0.50   0.50   0.45   0.50   0.50   0.50   0.50   0.50   0.50   0.50   0.50   0.50   0.50   0.50   0.50   0.50   0.50   0.50   0.50   0.50   0.63   0.50   0.55   0.50   0.50   0.95   0.50   0.50   0.96   0.50   0.50   0.50   
0.63   0.03   0.02   0.72   0.03   0.08   0.98   0.20   0.72   0.89   0.63   0.97   0.06   0.72   0.89   0.23   0.06   0.03   0.01   0.69   0.60   0.03   0.01   0.72   0.01   0.13   0.93   0.02   0.03   0.03   0.08   0.91   0.38   0.90   0.43   0.84   0.80   0.78   0.99   0.99   0.90   0.03   0.76   0.72   0.98   0.78   0.98   0.89   0.18   0.03   0.98   0.91   0.72   0.06   0.93   0.98   0.98   0.98   0.98   0.98   0.98   0.98   0.89   0.99   0.96   0.98   0.86   0.98   0.95   0.93   0.06   0.97   0.97   0.99   0.97   0.98   0.99   0.99   

5.00   5.00   5.00   5.00   5.00   5.00   5.00   5.00   5.00   5.00   5.00   5.00   5.00   5.00   5.00   5.00   5.00   5.00   5.00   5.00   5.00   5.00   5.00   5.00   5.00   5.00   5.00   5.00   5.00   5.00   5.00   5.00   5.00   5.00   5.00   5.00   5.00   5.00   5.00   5.00   5.00   5.00   5.00   5.00   5.00   5.00   5.00   5.00   5.00   5.00   5.00   5.00   5.00   5.00   5.00   5.00   5.00   5.00   5.00   5.00   5.00   5.00   5.00   5.00   5.00   5.00   5.00   5.00   5.00   5.00   5.00   5.00   5.00   5.00   5.00   5.00   5.00   5.00   
0.01   0.30   0.06   0.03   0.10   0.17   0.44   0.02   0.17   0.02   0.55   0.76   0.08   0.44   0.48   0.04   0.05   0.17   0.05   0.39   0.33   0.03   0.20   0.51   0.10   0.23   0.88   0.01   0.01   0.01   0.01   0.70   0.17   0.55   0.79   0.72   0.01   0.28   0.99   0.97   0.87   0.06   0.37   0.31   0.99   0.05   0.94   0.85   0.38   0.08   0.75   0.82   0.02   0.77   0.94   0.98   0.80   0.97   0.98   0.90   0.80   0.94   0.71   0.95   0.92   0.93   0.28   0.80   0.92   0.92   0.69   0.51   0.47   0.99   0.31   0.93   0.95   0.99   
0.01   0.30   0.06   0.03   0.10   0.17   0.44   0.02   0.17   0.02   0.55   0.76   0.08   0.44   0.48   0.04   0.05   0.17   0.05   0.39   0.33   0.03   0.20   0.51   0.10   0.23   0.88   0.01   0.01   0.01   0.01   0.70   0.17   0.55   0.79   0.72   0.01   0.28   0.99   0.97   0.87   0.06   0.37   0.31   0.99   0.05   0.94   0.85   0.38   0.08   0.75   0.82   0.02   0.77   0.94   0.98   0.80   0.97   0.98   0.90   0.80   0.94   0.71   0.95   0.92   0.93   0.28   0.80   0.92   0.92   0.69   0.51   0.47   0.99   0.31   0.93   0.95   0.99   
0.50   0.50   0.56   0.50   0.50   0.12   0.96   0.64   0.50   0.93   0.50   0.50   0.50   0.50   0.50   0.36   0.50   0.14   0.45   0.77   0.74   0.50   0.30   0.50   0.37   0.20   0.50   0.50   0.50   0.50   0.50   0.50   0.50   0.63   0.50   0.50   0.88   0.50   0.50   0.50   0.50   0.50   0.43   0.50   0.50   0.50   0.50   0.50   0.48   0.50   0.50   0.50   0.50   0.50   0.50   0.50   0.50   0.50   0.50   0.50   0.50   0.50   0.50   0.50   0.50   0.50   0.65   0.50   0.57   0.50   0.50   0.95   0.50   0.50   0.96   0.50   0.50   0.50   
0.66   0.03   0.02   0.74   0.03   0.08   0.98   0.59   0.74   0.92   0.66   0.97   0.06   0.74   0.90   0.33   0.06   0.04   0.02   0.76   0.69   0.03   0.02   0.74   0.02   0.18   0.94   0.02   0.02   0.02   0.09   0.92   0.39   0.92   0.43   0.88   0.81   0.79   0.99   0.99   0.91   0.03   0.81   0.74   0.98   0.79   0.98   0.90   0.14   0.02   0.98   0.92   0.74   0.06   0.94   0.98   0.98   0.98   0.98   0.98   0.98   0.98   0.90   0.99   0.96   0.98   0.89   0.98   0.95   0.94   0.06   0.97   0.97   0.99   0.96   0.98   0.99   0.99   

5.00   5.00   5.00   5.00   5.00   5.00   5.00   5.00   5.00   5.00   5.00   5.00   5.00   5.00   5.00   5.00   5.00   5.00   5.00   5.00   5.00   5.00   5.00   5.00   5.00   5.00   5.00   5.00   5.00   5.00   5.00   5.00   5.00   5.00   5.00   5.00   5.00   5.00   5.00   5.00   5.00   5.00   5.00   5.00   5.00   5.00   5.00   5.00   5.00   5.00   5.00   5.00   5.00   5.00   5.00   5.00   5.00   5.00   5.00   5.00   5.00   5.00   5.00   5.00   5.00   5.00   5.00   5.00   5.00   5.00   5.00   5.00   5.00   5.00   5.00   5.00   5.00   5.00   
0.01   0.29   0.06   0.02   0.10   0.15   0.41   0.02   0.16   0.02   0.52   0.75   0.08   0.43   0.63   0.04   0.05   0.17   0.05   0.56   0.34   0.03   0.42   0.65   0.10   0.20   0.91   0.01   0.01   0.01   0.01   0.65   0.14   0.71   0.87   0.72   0.01   0.25   0.99   0.92   0.91   0.06   0.36   0.30   0.99   0.04   0.95   0.90   0.55   0.09   0.80   0.75   0.01   0.84   0.95   0.98   0.83   0.98   0.98   0.91   0.73   0.88   0.66   0.88   0.87   0.87   0.25   0.73   0.93   0.88   0.79   0.68   0.58   0.99   0.30   0.93   0.96   0.99   
0.01   0.29   0.06   0.02   0.10   0.15   0.41   0.02   0.16   0.02   0.52   0.75   0.08   0.43   0.63   0.04   0.05   0.17   0.05   0.56   0.34   0.03   0.42   0.65   0.10   0.20   0.91   0.01   0.01   0.01   0.01   0.65   0.14   0.71   0.87   0.72   0.01   0.25   0.99   0.92   0.91   0.06   0.36   0.30   0.99   0.04   0.95   0.90   0.55   0.09   0.80   0.75   0.01   0.84   0.95   0.98   0.83   0.98   0.98   0.91   0.73   0.88   0.66   0.88   0.87   0.87   0.25   0.73   0.93   0.88   0.79   0.68   0.58   0.99   0.30   0.93   0.96   0.99   
0.50   0.50   0.52   0.50   0.50   0.09   0.96   0.60   0.50   0.93   0.50   0.50   0.50   0.50   0.50   0.32   0.50   0.11   0.40   0.75   0.71   0.50   0.25   0.50   0.32   0.16   0.50   0.50   0.50   0.50   0.50   0.50   0.50   0.59   0.50   0.50   0.87   0.50   0.50   0.50   0.50   0.50   0.38   0.50   0.50   0.50   0.50   0.50   0.43   0.50   0.50   0.50   0.50   0.50   0.50   0.50   0.50   0.50   0.50   0.50   0.50   0.50   0.50   0.50   0.50   0.50   0.61   0.50   0.53   0.50   0.50   0.95   0.50   0.50   0.96   0.50   0.50   0.50   
0.64   0.03   0.01   0.73   0.03   0.03   0.97   0.10   0.73   0.82   0.64   0.97   0.06   0.73   0.88   0.11   0.06   0.02   0.01   0.86   0.71   0.03   0.14   0.73   0.01   0.07   0.94   0.02   0.02   0.02   0.06   0.91   0.34   0.92   0.41   0.86   0.64   0.79   0.99   0.99   0.90   0.03   0.46   0.73   0.98   0.79   0.98   0.89   0.34   0.02   0.98   0.93   0.73   0.06   0.94   0.98   0.98   0.98   0.98   0.98   0.98   0.98   0.89   0.99   0.96   0.98   0.74   0.98   0.96   0.94   0.06   0.98   0.97   0.99   0.95   0.98   0.99   0.99   

5.00   5.00   5.00   5.00   5.00   5.00   5.00   5.00   5.00   5.00   5.00   5.00   5.00   5.00   5.00   5.00   5.00   5.00   5.00   5.00   5.00   5.00   5.00   5.00   5.00   5.00   5.00   5.00   5.00   5.00   5.00   5.00   5.00   5.00   5.00   5.00   5.00   5.00   5.00   5.00   5.00   5.00   5.00   5.00   5.00   5.00   5.00   5.00   5.00   5.00   5.00   5.00   5.00   5.00   5.00   5.00   5.00   5.00   5.00   5.00   5.00   5.00   5.00   5.00   5.00   5.00   5.00   5.00   5.00   5.00   5.00   5.00   5.00   5.00   5.00   5.00   5.00   5.00   
0.01   0.24   0.05   0.02   0.08   0.12   0.56   0.02   0.14   0.02   0.44   0.64   0.06   0.34   0.53   0.03   0.04   0.12   0.05   0.47   0.28   0.02   0.33   0.54   0.08   0.16   0.93   0.01   0.01   0.01   0.01   0.54   0.11   0.73   0.88   0.61   0.01   0.21   0.99   0.92   0.92   0.05   0.28   0.22   0.99   0.04   0.95   0.91   0.63   0.32   0.83   0.65   0.01   0.75   0.96   0.98   0.86   0.98   0.98   0.92   0.78   0.90   0.56   0.79   0.89   0.88   0.20   0.78   0.95   0.78   0.82   0.57   0.47   0.99   0.23   0.94   0.87   0.99   
0.01   0.24   0.05   0.02   0.08   0.12   0.56   0.02   0.14   0.02   0.44   0.64   0.06   0.34   0.53   0.03   0.04   0.12   0.05   0.47   0.28   0.02   0.33   0.54   0.08   0.16   0.93   0.01   0.01   0.01   0.01   0.54   0.11   0.73   0.88   0.61   0.01   0.21   0.99   0.92   0.92   0.05   0.28   0.22   0.99   0.04   0.95   0.91   0.63   0.32   0.83   0.65   0.01   0.75   0.96   0.98   0.86   0.98   0.98   0.92   0.78   0.90   0.56   0.79   0.89   0.88   0.20   0.78   0.95   0.78   0.82   0.57   0.47   0.99   0.23   0.94   0.87   0.99   
0.50   0.50   0.53   0.50   0.50   0.10   0.96   0.62   0.50   0.93   0.50   0.50   0.50   0.50   0.50   0.34   0.50   0.12   0.42   0.76   0.72   0.50   0.27   0.50   0.34   0.17   0.50   0.50   0.50   0.50   0.50   0.50   0.50   0.60   0.50   0.50   0.87   0.50   0.50   0.50   0.50   0.50   0.40   0.50   0.50   0.50   0.50   0.50   0.45   0.50   0.50   0.50   0.50   0.50   0.50   0.50   0.50   0.50   0.50   0.50   0.50   0.50   0.50   0.50   0.50   0.50   0.63   0.50   0.55   0.50   0.50   0.95   0.50   0.50   0.96   0.50   0.50   0.50   
0.65   0.03   0.02   0.74   0.03   0.03   0.99   0.08   0.74   0.79   0.65   0.97   0.06   0.74   0.88   0.07   0.06   0.02   0.01   0.86   0.69   0.03   0.15   0.74   0.01   0.06   0.94   0.02   0.03   0.03   0.05   0.92   0.33   0.94   0.40   0.87   0.63   0.79   0.99   0.99   0.90   0.03   0.40   0.74   0.98   0.79   0.98   0.89   0.73   0.03   0.98   0.94   0.74   0.06   0.95   0.98   0.98   0.98   0.98   0.98   0.98   0.98   0.89   0.99   0.97   0.98   0.69   0.98   0.97   0.95   0.06   0.98   0.97   0.99   0.95   0.98   0.99   0.99   

5.00   5.00   5.00   5.00   5.00   5.00   5.00   5.00   5.00   5.00   5.00   5.00   5.00   5.00   5.00   5.00   5.00   5.00   5.00   5.00   5.00   5.00   5.00   5.00   5.00   5.00   5.00   5.00   5.00   5.00   5.00   5.00   5.00   5.00   5.00   5.00   5.00   5.00   5.00   5.00   5.00   5.00   5.00   5.00   5.00   5.00   5.00   5.00   5.00   5.00   5.00   5.00   5.00   5.00   5.00   5.00   5.00   5.00   5.00   5.00   5.00   5.00   5.00   5.00   5.00   5.00   5.00   5.00   5.00   5.00   5.00   5.00   5.00   5.00   5.00   5.00   5.00   5.00   
0.01   0.23   0.05   0.02   0.08   0.10   0.50   0.02   0.11   0.02   0.42   0.72   0.06   0.31   0.64   0.03   0.04   0.11   0.05   0.61   0.42   0.02   0.50   0.66   0.23   0.14   0.94   0.00   0.00   0.01   0.01   0.61   0.09   0.80   0.91   0.71   0.01   0.18   0.99   0.87   0.94   0.05   0.25   0.20   0.99   0.03   0.96   0.93   0.61   0.30   0.78   0.70   0.01   0.82   0.91   0.98   0.81   0.98   0.98   0.92   0.80   0.89   0.52   0.74   0.89   0.82   0.17   0.71   0.95   0.75   0.86   0.68   0.58   0.99   0.20   0.89   0.90   0.99   
0.01   0.23   0.05   0.02   0.08   0.10   0.50   0.02   0.11   0.02   0.42   0.72   0.06   0.31   0.64   0.03   0.04   0.11   0.05   0.61   0.42   0.02   0.50   0.66   0.23   0.14   0.94   0.00   0.00   0.01   0.01   0.61   0.09   0.80   0.91   0.71   0.01   0.18   0.99   0.87   0.94   0.05   0.25   0.20   0.99   0.03   0.96   0.93   0.61   0.30   0.78   0.70   0.01   0.82   0.91   0.98   0.81   0.98   0.98   0.92   0.80   0.89   0.52   0.74   0.89   0.82   0.17   0.71   0.95   0.75   0.86   0.68   0.58   0.99   0.20   0.89   0.90   0.99   
0.50   0.50   0.51   0.50   0.50   0.09   0.96   0.59   0.50   0.93   0.50   0.50   0.50   0.50   0.50   0.31   0.50   0.11   0.40   0.74   0.70   0.50   0.25   0.50   0.32   0.16   0.50   0.50   0.50   0.50   0.50   0.50   0.50   0.58   0.50   0.50   0.86   0.50   0.50   0.50   0.50   0.50   0.38   0.50   0.50   0.50   0.50   0.50   0.43   0.50   0.50   0.50   0.50   0.50   0.50   0.50   0.50   0.50   0.50   0.50   0.50   0.50   0.50   0.50   0.50   0.50   0.61   0.50   0.52   0.50   0.50   0.94   0.50   0.50   0.95   0.50   0.50   0.50   
0.65   0.03   0.02   0.74   0.03   0.01   0.97   0.04   0.74   0.66   0.65   0.97   0.07   0.74   0.88   0.03   0.07   0.01   0.01   0.89   0.78   0.02   0.25   0.74   0.10   0.03   0.94   0.02   0.02   0.02   0.03   0.91   0.26   0.93   0.34   0.90   0.08   0.80   0.99   0.99   0.90   0.03   0.20   0.74   0.98   0.80   0.98   0.89   0.43   0.02   0.98   0.95   0.74   0.07   0.95   0.98   0.98   0.98   0.98   0.98   0.98   0.98   0.89   0.99   0.97   0.98   0.25   0.98   0.97   0.95   0.07   0.98   0.97   0.99   0.88   0.98   0.99   0.99   

5.00   5.00   5.00   5.00   5.00   5.00   5.00   5.00   5.00   5.00   5.00   5.00   5.00   5.00   5.00   5.00   5.00   5.00   5.00   5.00   5.00   5.00   5.00   5.00   5.00   5.00   5.00   5.00   5.00   5.00   5.00   5.00   5.00   5.00   5.00   5.00   5.00   5.00   5.00   5.00   5.00   5.00   5.00   5.00   5.00   5.00   5.00   5.00   5.00   5.00   5.00   5.00   5.00   5.00   5.00   5.00   5.00   5.00   5.00   5.00   5.00   5.00   5.00   5.00   5.00   5.00   5.00   5.00   5.00   5.00   5.00   5.00   5.00   5.00   5.00   5.00   5.00   5.00   
0.01   0.21   0.04   0.02   0.07   0.08   0.43   0.01   0.09   0.01   0.36   0.76   0.05   0.27   0.53   0.03   0.03   0.10   0.04   0.51   0.36   0.02   0.58   0.72   0.19   0.12   0.95   0.00   0.00   0.01   0.01   0.70   0.08   0.69   0.91   0.76   0.01   0.15   0.99   0.90   0.94   0.04   0.21   0.17   0.99   0.03   0.96   0.94   0.50   0.24   0.68   0.77   0.01   0.71   0.93   0.99   0.84   0.98   0.99   0.94   0.84   0.92   0.64   0.80   0.91   0.86   0.15   0.78   0.96   0.80   0.87   0.57   0.49   0.99   0.17   0.91   0.91   0.99   
0.01   0.21   0.04   0.02   0.07   0.08   0.43   0.01   0.09   0.01   0.36   0.76   0.05   0.27   0.53   0.03   0.03   0.10   0.04   0.51   0.36   0.02   0.58   0.72   0.19   0.12   0.95   0.00   0.00   0.01   0.01   0.70   0.08   0.69   0.91   0.76   0.01   0.15   0.99   0.90   0.94   0.04   0.21   0.17   0.99   0.03   0.96   0.94   0.50   0.24   0.68   0.77   0.01   0.71   0.93   0.99   0.84   0.98   0.99   0.94   0.84   0.92   0.64   0.80   0.91   0.86   0.15   0.78   0.96   0.80   0.87   0.57   0.49   0.99   0.17   0.91   0.91   0.99   
0.50   0.50   0.50   0.50   0.50   0.09   0.96   0.59   0.50   0.92   0.50   0.50   0.50   0.50   0.50   0.31   0.50   0.11   0.39   0.74   0.70   0.50   0.25   0.50   0.31   0.16   0.50   0.50   0.50   0.50   0.50   0.50   0.50   0.57   0.50   0.50   0.86   0.50   0.50   0.50   0.50   0.50   0.37   0.50   0.50   0.50   0.50   0.50   0.42   0.50   0.50   0.50   0.50   0.50   0.50   0.50   0.50   0.50   0.50   0.50   0.50   0.50   0.50   0.50   0.50   0.50   0.60   0.50   0.52   0.50   0.50   0.94   0.50   0.50   0.95   0.50   0.50   0.50   
0.65   0.03   0.02   0.74   0.03   0.01   0.97   0.03   0.74   0.64   0.65   0.97   0.07   0.74   0.87   0.02   0.07   0.01   0.02   0.88   0.76   0.02   0.35   0.74   0.10   0.02   0.94   0.02   0.02   0.02   0.03   0.91   0.25   0.91   0.32   0.90   0.07   0.80   0.99   0.99   0.89   0.03   0.18   0.74   0.98   0.80   0.98   0.88   0.40   0.02   0.98   0.95   0.74   0.07   0.95   0.98   0.98   0.98   0.98   0.98   0.98   0.98   0.88   0.99   0.97   0.98   0.22   0.98   0.97   0.95   0.07   0.98   0.97   0.99   0.87   0.98   0.99   0.99   

5.00   5.00   5.00   5.00   5.00   5.00   5.00   5.00   5.00   5.00   5.00   5.00   5.00   5.00   5.00   5.00   5.00   5.00   5.00   5.00   5.00   5.00   5.00   5.00   5.00   5.00   5.00   5.00   5.00   5.00   5.00   5.00   5.00   5.00   5.00   5.00   5.00   5.00   5.00   5.00   5.00   5.00   5.00   5.00   5.00   5.00   5.00   5.00   5.00   5.00   5.00   5.00   5.00   5.00   5.00   5.00   5.00   5.00   5.00   5.00   5.00   5.00   5.00   5.00   5.00   5.00   5.00   5.00   5.00   5.00   5.00   5.00   5.00   5.00   5.00   5.00   5.00   5.00   
0.01   0.16   0.04   0.02   0.06   0.22   0.49   0.01   0.08   0.01   0.29   0.79   0.04   0.22   0.58   0.02   0.17   0.09   0.04   0.56   0.29   0.02   0.50   0.74   0.15   0.10   0.95   0.00   0.00   0.01   0.01   0.73   0.07   0.72   0.92   0.78   0.01   0.12   0.99   0.91   0.95   0.04   0.33   0.14   0.99   0.02   0.97   0.94   0.56   0.20   0.59   0.67   0.01   0.62   0.93   0.99   0.86   0.98   0.99   0.94   0.85   0.93   0.68   0.82   0.92   0.87   0.12   0.80   0.96   0.82   0.88   0.61   0.54   0.99   0.14   0.92   0.92   0.99   
0.01   0.16   0.04   0.02   0.06   0.22   0.49   0.01   0.08   0.01   0.29   0.79   0.04   0.22   0.58   0.02   0.17   0.09   0.04   0.56   0.29   0.02   0.50   0.74   0.15   0.10   0.95   0.00   0.00   0.01   0.01   0.73   0.07   0.72   0.92   0.78   0.01   0.12   0.99   0.91   0.95   0.04   0.33   0.14   0.99   0.02   0.97   0.94   0.56   0.20   0.59   0.67   0.01   0.62   0.93   0.99   0.86   0.98   0.99   0.94   0.85   0.93   0.68   0.82   0.92   0.87   0.12   0.80   0.96   0.82   0.88   0.61   0.54   0.99   0.14   0.92   0.92   0.99   
0.50   0.50   0.52   0.50   0.50   0.12   0.95   0.60   0.50   0.91   0.50   0.50   0.50   0.50   0.50   0.34   0.50   0.14   0.42   0.73   0.69   0.50   0.28   0.50   0.35   0.19   0.50   0.50   0.50   0.50   0.50   0.50   0.50   0.58   0.50   0.50   0.84   0.50   0.50   0.50   0.50   0.50   0.40   0.50   0.50   0.50   0.50   0.50   0.45   0.50   0.50   0.50   0.50   0.50   0.50   0.50   0.50   0.50   0.50   0.50   0.50   0.50   0.50   0.50   0.50   0.50   0.61   0.50   0.54   0.50   0.50   0.93   0.50   0.50   0.94   0.50   0.50   0.50   
0.64   0.03   0.02   0.74   0.03   0.04   0.97   0.03   0.74   0.53   0.64   0.97   0.07   0.74   0.87   0.02   0.07   0.01   0.01   0.88   0.65   0.02   0.27   0.74   0.07   0.03   0.94   0.02   0.02   0.02   0.03   0.91   0.26   0.92   0.34   0.89   0.06   0.80   0.99   0.99   0.89   0.03   0.29   0.74   0.98   0.80   0.98   0.89   0.64   0.02   0.98   0.95   0.74   0.07   0.95   0.98   0.98   0.98   0.98   0.98   0.98   0.98   0.89   0.99   0.97   0.98   0.19   0.98   0.98   0.95   0.07   0.98   0.97   0.99   0.82   0.98   0.99   0.99   

0.50   0.08   0.10   0.23   0.22   0.14   0.44   0.27   0.50   0.77   0.30   0.22   0.21   0.61   0.38   0.35   0.17   0.63   0.35   0.17   0.37   0.10   0.32   0.75   0.17   0.16   0.81   0.50   0.50   0.50   0.50   0.79   0.21   0.21   0.28   0.79   0.50   0.42   0.99   0.97   0.70   0.52   0.39   0.49   0.38   0.56   0.33   0.75   0.13   0.66   0.07   0.80   0.47   0.16   0.17   0.65   0.51   0.24   0.44   0.43   0.21   0.15   0.51   0.39   0.34   0.33   0.68   0.90   0.41   0.79   0.57   0.68   0.80   0.50   0.38   0.36   0.48   0.50   
0.01   0.01   0.00   0.01   0.02   0.03   0.34   0.01   0.07   0.05   0.12   0.38   0.01   0.26   0.37   0.02   0.03   0.13   0.02   0.15   0.15   0.00   0.25   0.89   0.03   0.02   0.98   0.00   0.00   0.01   0.01   0.91   0.02   0.30   0.79   0.92   0.01   0.08   1.00   1.00   0.97   0.04   0.19   0.12   0.98   0.03   0.92   0.98   0.11   0.26   0.07   0.88   0.01   0.17   0.68   0.99   0.84   0.92   0.98   0.91   0.45   0.63   0.67   0.72   0.83   0.75   0.20   0.97   0.93   0.93   0.89   0.75   0.82   0.99   0.08   0.84   0.90   0.99   
0.01   0.17   0.04   0.02   0.06   0.23   0.51   0.01   0.08   0.01   0.30   0.79   0.04   0.22   0.60   0.03   0.18   0.09   0.04   0.57   0.30   0.02   0.52   0.75   0.16   0.11   0.95   0.00   0.00   0.01   0.01   0.74   0.07   0.74   0.93   0.79   0.01   0.13   0.99   0.92   0.95   0.04   0.34   0.15   0.99   0.02   0.97   0.95   0.57   0.21   0.60   0.68   0.01   0.63   0.94   0.99   0.86   0.98   0.99   0.94   0.86   0.93   0.69   0.83   0.93   0.88   0.13   0.81   0.96   0.83   0.89   0.63   0.56   0.99   0.15   0.92   0.93   0.99   
0.50   0.50   0.54   0.50   0.50   0.11   0.96   0.62   0.50   0.93   0.50   0.50   0.50   0.50   0.50   0.35   0.50   0.13   0.43   0.76   0.72   0.50   0.28   0.50   0.35   0.19   0.50   0.50   0.50   0.50   0.50   0.50   0.50   0.60   0.50   0.50   0.86   0.50   0.50   0.50   0.50   0.50   0.41   0.50   0.50   0.50   0.50   0.50   0.46   0.50   0.50   0.50   0.50   0.50   0.50   0.50   0.50   0.50   0.50   0.50   0.50   0.50   0.50   0.50   0.50   0.50   0.63   0.50   0.55   0.50   0.50   0.94   0.50   0.50   0.95   0.50   0.50   0.50   
0.66   0.03   0.03   0.75   0.03   0.04   0.98   0.03   0.75   0.60   0.66   0.97   0.07   0.75   0.88   0.02   0.07   0.01   0.01   0.90   0.69   0.02   0.29   0.75   0.08   0.03   0.94   0.02   0.02   0.02   0.03   0.91   0.27   0.93   0.35   0.89   0.08   0.81   0.99   0.99   0.90   0.03   0.32   0.75   0.98   0.81   0.98   0.89   0.70   0.02   0.98   0.95   0.75   0.07   0.95   0.98   0.98   0.98   0.98   0.98   0.98   0.98   0.89   0.99   0.97   0.98   0.22   0.98   0.98   0.95   0.07   0.98   0.97   0.99   0.87   0.98   0.99   0.99   

0.50   0.06   0.50   0.50   0.10   0.10   0.33   0.50   0.37   0.58   0.19   0.15   0.15   0.51   0.23   0.24   0.09   0.50   0.23   0.16   0.20   0.50   0.17   0.62   0.11   0.12   0.68   0.50   0.50   0.50   0.50   0.66   0.12   0.13   0.15   0.60   0.50   0.36   0.50   0.50   0.65   0.36   0.27   0.32   0.38   0.40   0.21   0.72   0.06   0.42   0.05   0.67   0.29   0.11   0.09   0.36   0.38   0.14   0.35   0.26   0.13   0.07   0.43   0.19   0.28   0.20   0.54   0.83   0.32   0.64   0.47   0.51   0.70   0.50   0.19   0.21   0.33   0.50   
0.00   0.01   0.02   0.01   0.00   0.02   0.17   0.01   0.03   0.01   0.05   0.22   0.00   0.12   0.16   0.00   0.01   0.05   0.01   0.10   0.05   0.01   0.09   0.76   0.01   0.01   0.97   0.00   0.00   0.00   0.00   0.78   0.01   0.15   0.61   0.78   0.00   0.04   0.99   0.88   0.96   0.01   0.08   0.04   0.98   0.01   0.85   0.97   0.04   0.07   0.03   0.73   0.00   0.08   0.31   0.97   0.70   0.88   0.97   0.81   0.26   0.27   0.53   0.31   0.77   0.55   0.08   0.93   0.89   0.84   0.82   0.52   0.65   0.99   0.02   0.69   0.80   0.99   
0.01   0.17   0.04   0.02   0.06   0.22   0.50   0.01   0.08   0.01   0.30   0.79   0.04   0.22   0.60   0.03   0.17   0.09   0.04   0.57   0.30   0.02   0.52   0.75   0.16   0.10   0.95   0.00   0.00   0.01   0.01   0.74   0.07   0.73   0.93   0.79   0.01   0.13   0.99   0.92   0.95   0.04   0.34   0.15   0.99   0.02   0.97   0.95   0.57   0.20   0.60   0.68   0.01   0.63   0.94   0.99   0.86   0.98   0.99   0.94   0.86   0.93   0.69   0.82   0.92   0.88   0.13   0.81   0.96   0.82   0.89   0.62   0.55   0.99   0.15   0.92   0.93   0.99   
0.50   0.50   0.53   0.50   0.50   0.10   0.96   0.61   0.50   0.93   0.50   0.50   0.50   0.50   0.50   0.33   0.50   0.12   0.41   0.75   0.72   0.50   0.27   0.50   0.34   0.17   0.50   0.50   0.50   0.50   0.50   0.50   0.50   0.60   0.50   0.50   0.87   0.50   0.50   0.50   0.50   0.50   0.39   0.50   0.50   0.50   0.50   0.50   0.44   0.50   0.50   0.50   0.50   0.50   0.50   0.50   0.50   0.50   0.50   0.50   0.50   0.50   0.50   0.50   0.50   0.50   0.62   0.50   0.54   0.50   0.50   0.95   0.50   0.50   0.96   0.50   0.50   0.50   
0.65   0.03   0.02   0.74   0.03   0.03   0.98   0.03   0.74   0.62   0.65   0.97   0.07   0.74   0.88   0.02   0.07   0.01   0.01   0.90   0.69   0.02   0.26   0.74   0.07   0.02   0.94   0.02   0.02   0.02   0.03   0.91   0.27   0.93   0.35   0.89   0.08   0.80   0.99   0.99   0.90   0.03   0.31   0.74   0.98   0.80   0.98   0.89   0.67   0.02   0.98   0.95   0.74   0.07   0.95   0.98   0.98   0.98   0.98   0.98   0.98   0.98   0.89   0.99   0.97   0.98   0.22   0.98   0.98   0.95   0.07   0.98   0.97   0.99   0.88   0.98   0.99   0.99   

0.50   0.04   0.50   0.50   0.50   0.06   0.23   0.50   0.17   0.48   0.11   0.09   0.50   0.28   0.14   0.50   0.04   0.36   0.11   0.10   0.10   0.50   0.12   0.50   0.06   0.05   0.57   0.50   0.50   0.50   0.50   0.55   0.50   0.09   0.11   0.57   0.50   0.13   0.50   0.50   0.51   0.26   0.16   0.13   0.28   0.27   0.14   0.62   0.03   0.30   0.02   0.57   0.50   0.07   0.06   0.27   0.22   0.09   0.26   0.24   0.08   0.04   0.29   0.11   0.20   0.13   0.26   0.72   0.20   0.55   0.38   0.38   0.57   0.50   0.10   0.12   0.24   0.50   
0.00   0.00   0.02   0.01   0.02   0.01   0.07   0.01   0.01   0.01   0.01   0.09   0.02   0.03   0.06   0.01   0.00   0.02   0.00   0.04   0.01   0.01   0.04   0.51   0.00   0.00   0.91   0.00   0.00   0.00   0.00   0.56   0.03   0.06   0.24   0.63   0.00   0.01   0.99   0.79   0.89   0.01   0.03   0.01   0.96   0.00   0.66   0.92   0.01   0.03   0.01   0.50   0.01   0.03   0.13   0.93   0.26   0.72   0.93   0.66   0.10   0.11   0.19   0.12   0.54   0.19   0.02   0.78   0.71   0.66   0.63   0.20   0.29   0.99   0.01   0.25   0.59   0.99   
0.01   0.17   0.04   0.02   0.06   0.22   0.50   0.01   0.08   0.01   0.30   0.79   0.04   0.22   0.60   0.03   0.17   0.09   0.04   0.57   0.30   0.02   0.52   0.75   0.16   0.10   0.95   0.00   0.00   0.01   0.01   0.74   0.07   0.73   0.93   0.79   0.01   0.13   0.99   0.92   0.95   0.04   0.34   0.15   0.99   0.02   0.97   0.95   0.57   0.20   0.60   0.68   0.01   0.63   0.94   0.99   0.86   0.98   0.99   0.94   0.86   0.93   0.69   0.82   0.92   0.88   0.13   0.81   0.96   0.82   0.89   0.62   0.55   0.99   0.15   0.92   0.93   0.99   
0.50   0.50   0.57   0.50   0.50   0.13   0.89   0.74   0.50   0.90   0.50   0.50   0.50   0.50   0.50   0.30   0.50   0.50   0.37   0.71   0.77   0.50   0.48   0.50   0.28   0.23   0.50   0.50   0.50   0.50   0.50   0.50   0.50   0.75   0.50   0.50   0.82   0.50   0.50   0.50   0.50   0.50   0.59   0.50   0.50   0.50   0.50   0.50   0.43   0.50   0.50   0.50   0.50   0.50   0.50   0.50   0.50   0.50   0.50   0.50   0.50   0.50   0.50   0.50   0.50   0.50   0.78   0.50   0.50   0.50   0.50   0.96   0.50   0.50   0.98   0.50   0.50   0.50   
0.67   0.03   0.02   0.75   0.03   0.06   0.95   0.07   0.75   0.59   0.67   0.97   0.06   0.75   0.89   0.03   0.06   0.05   0.01   0.90   0.80   0.02   0.67   0.75   0.07   0.04   0.94   0.01   0.02   0.02   0.03   0.92   0.29   0.97   0.37   0.90   0.07   0.81   0.99   0.99   0.91   0.03   0.71   0.75   0.98   0.81   0.98   0.90   0.71   0.02   0.98   0.95   0.75   0.06   0.95   0.98   0.98   0.98   0.98   0.98   0.98   0.98   0.90   0.99   0.97   0.98   0.67   0.98   0.98   0.95   0.06   0.99   0.97   0.99   0.95   0.98   0.99   0.99   

0.00   0.00   0.00   0.00   0.00   0.00   0.00   0.00   0.00   0.00   0.00   0.00   0.00   0.00   0.00   0.00   0.00   0.00   0.00   0.00   0.00   0.00   0.00   0.00   0.00   0.00   0.00   0.00   0.00   0.00   0.00   1.00   0.00   0.00   1.00   1.00   0.00   0.00   1.00   1.00   1.00   0.00   0.00   0.00   1.00   0.00   1.00   1.00   1.00   0.00   0.00   1.00   0.00   1.00   1.00   1.00   1.00   1.00   1.00   1.00   1.00   1.00   1.00   1.00   1.00   1.00   0.00   1.00   1.00   1.00   1.00   1.00   1.00   1.00   1.00   1.00   1.00   1.00   