5.00   5.00   5.00   5.00   5.00   5.00   5.00   5.00   5.00   5.00   5.00   5.00   5.00   5.00   5.00   5.00   5.00   5.00   5.00   5.00   5.00   5.00   5.00   5.00   5.00   5.00   5.00   5.00   5.00   5.00   5.00   5.00   5.00   5.00   5.00   5.00   5.00   5.00   5.00   5.00   5.00   5.00   5.00   5.00   5.00   5.00   5.00   5.00   5.00   5.00   5.00   5.00   5.00   5.00   5.00   5.00   5.00   5.00   5.00   5.00   5.00   5.00   5.00   5.00   5.00   5.00   5.00   5.00   5.00   5.00   5.00   5.00   5.00   5.00   5.00   5.00   5.00   5.00   
0.06   0.06   0.06   0.06   0.06   0.06   0.06   0.06   0.06   0.06   0.83   0.06   0.06   0.06   0.83   0.06   0.06   0.06   0.06   0.06   0.06   0.06   0.06   0.06   0.98   0.06   0.06   0.06   0.83   0.06   0.83   0.83   0.06   0.06   0.06   0.98   0.83   0.06   0.06   0.06   0.06   0.06   0.06   0.98   0.83   0.98   0.06   0.06   0.06   0.06   0.06   0.06   0.06   0.83   0.98   0.83   0.83   0.06   0.83   0.06   0.06   0.83   0.06   0.98   0.83   0.06   0.83   0.06   0.06   0.06   0.06   0.98   0.06   0.98   0.06   0.06   0.06   0.98   
0.06   0.06   0.06   0.06   0.06   0.06   0.06   0.06   0.06   0.06   0.83   0.06   0.06   0.06   0.83   0.06   0.06   0.06   0.06   0.06   0.06   0.06   0.06   0.06   0.98   0.06   0.06   0.06   0.83   0.06   0.83   0.83   0.06   0.06   0.06   0.98   0.83   0.06   0.06   0.06   0.06   0.06   0.06   0.98   0.83   0.98   0.06   0.06   0.06   0.06   0.06   0.06   0.06   0.83   0.98   0.83   0.83   0.06   0.83   0.06   0.06   0.83   0.06   0.98   0.83   0.06   0.83   0.06   0.06   0.06   0.06   0.98   0.06   0.98   0.06   0.06   0.06   0.98   
0.11   0.05   0.36   0.21   0.57   0.27   0.14   0.34   0.01   0.17   0.55   0.05   0.44   0.13   0.31   0.34   0.28   0.19   0.44   0.02   0.01   0.21   0.06   0.23   0.76   0.04   0.10   0.35   0.10   0.20   0.86   0.74   0.04   0.68   0.03   0.65   0.91   0.01   0.31   0.15   0.07   0.09   0.90   0.86   0.63   0.37   0.23   0.16   0.19   0.56   0.77   0.58   0.28   0.37   0.44   0.81   0.69   0.61   0.55   0.47   0.19   0.63   0.24   0.82   0.97   0.82   0.18   0.78   0.97   0.56   0.95   0.97   0.87   0.76   0.70   0.50   0.71   0.72   
0.01   0.00   0.02   0.01   0.81   0.02   0.01   0.02   0.00   0.01   0.95   0.00   0.03   0.01   0.88   0.02   0.02   0.01   0.03   0.00   0.00   0.01   0.00   0.01   1.00   0.00   0.00   0.02   0.39   0.01   0.99   0.98   0.00   0.87   0.00   0.99   0.99   0.00   0.02   0.01   0.00   0.00   0.97   1.00   0.97   0.98   0.01   0.01   0.01   0.81   0.91   0.82   0.02   0.92   0.99   0.99   0.97   0.83   0.95   0.04   0.01   0.97   0.01   1.00   1.00   0.94   0.81   0.92   0.99   0.80   0.98   1.00   0.96   1.00   0.88   0.04   0.89   1.00   

5.00   5.00   5.00   5.00   5.00   5.00   5.00   5.00   5.00   5.00   5.00   5.00   5.00   5.00   5.00   5.00   5.00   5.00   5.00   5.00   5.00   5.00   5.00   5.00   5.00   5.00   5.00   5.00   5.00   5.00   5.00   5.00   5.00   5.00   5.00   5.00   5.00   5.00   5.00   5.00   5.00   5.00   5.00   5.00   5.00   5.00   5.00   5.00   5.00   5.00   5.00   5.00   5.00   5.00   5.00   5.00   5.00   5.00   5.00   5.00   5.00   5.00   5.00   5.00   5.00   5.00   5.00   5.00   5.00   5.00   5.00   5.00   5.00   5.00   5.00   5.00   5.00   5.00   
0.04   0.04   0.04   0.04   0.04   0.04   0.04   0.04   0.04   0.04   0.89   0.75   0.75   0.75   0.93   0.75   0.04   0.04   0.04   0.04   0.04   0.04   0.04   0.04   0.97   0.04   0.04   0.04   0.89   0.04   0.89   0.89   0.04   0.04   0.75   0.99   0.93   0.04   0.75   0.04   0.75   0.75   0.04   0.99   0.89   0.97   0.04   0.75   0.04   0.75   0.75   0.75   0.04   0.93   0.97   0.89   0.93   0.04   0.89   0.04   0.75   0.93   0.75   0.97   0.89   0.04   0.93   0.04   0.04   0.04   0.04   0.99   0.04   0.97   0.75   0.04   0.04   0.99   
0.04   0.04   0.04   0.04   0.04   0.04   0.04   0.04   0.04   0.04   0.89   0.75   0.75   0.75   0.93   0.75   0.04   0.04   0.04   0.04   0.04   0.04   0.04   0.04   0.97   0.04   0.04   0.04   0.89   0.04   0.89   0.89   0.04   0.04   0.75   0.99   0.93   0.04   0.75   0.04   0.75   0.75   0.04   0.99   0.89   0.97   0.04   0.75   0.04   0.75   0.75   0.75   0.04   0.93   0.97   0.89   0.93   0.04   0.89   0.04   0.75   0.93   0.75   0.97   0.89   0.04   0.93   0.04   0.04   0.04   0.04   0.99   0.04   0.97   0.75   0.04   0.04   0.99   
0.50   0.50   0.29   0.12   0.63   0.21   0.17   0.36   0.50   0.12   0.63   0.50   0.50   0.50   0.54   0.37   0.31   0.23   0.50   0.50   0.50   0.30   0.50   0.19   0.50   0.50   0.50   0.27   0.19   0.26   0.95   0.86   0.50   0.77   0.50   0.50   0.50   0.50   0.55   0.09   0.50   0.50   0.98   0.50   0.86   0.45   0.20   0.15   0.14   0.59   0.81   0.56   0.21   0.54   0.59   0.91   0.74   0.74   0.66   0.65   0.27   0.65   0.38   0.50   0.50   0.86   0.29   0.91   0.99   0.69   0.99   0.50   0.94   0.50   0.85   0.71   0.84   0.50   
0.04   0.04   0.02   0.01   0.07   0.01   0.01   0.02   0.04   0.01   0.97   0.04   0.87   0.04   0.97   0.80   0.02   0.01   0.04   0.04   0.04   0.02   0.04   0.01   0.99   0.04   0.04   0.02   0.80   0.01   1.00   0.99   0.04   0.90   0.04   0.99   0.95   0.04   0.89   0.00   0.04   0.04   0.99   0.99   0.99   0.98   0.01   0.14   0.01   0.91   0.97   0.90   0.01   0.97   0.99   0.99   0.99   0.88   0.97   0.07   0.26   0.98   0.80   0.99   0.95   0.94   0.92   0.96   1.00   0.86   1.00   0.99   0.98   0.99   0.98   0.87   0.93   0.99   

5.00   5.00   5.00   5.00   5.00   5.00   5.00   5.00   5.00   5.00   5.00   5.00   5.00   5.00   5.00   5.00   5.00   5.00   5.00   5.00   5.00   5.00   5.00   5.00   5.00   5.00   5.00   5.00   5.00   5.00   5.00   5.00   5.00   5.00   5.00   5.00   5.00   5.00   5.00   5.00   5.00   5.00   5.00   5.00   5.00   5.00   5.00   5.00   5.00   5.00   5.00   5.00   5.00   5.00   5.00   5.00   5.00   5.00   5.00   5.00   5.00   5.00   5.00   5.00   5.00   5.00   5.00   5.00   5.00   5.00   5.00   5.00   5.00   5.00   5.00   5.00   5.00   5.00   
0.04   0.04   0.04   0.04   0.04   0.04   0.04   0.04   0.04   0.51   0.80   0.54   0.54   0.54   0.91   0.54   0.04   0.04   0.51   0.04   0.04   0.04   0.51   0.04   0.96   0.04   0.04   0.04   0.80   0.04   0.78   0.78   0.04   0.04   0.54   0.99   0.87   0.04   0.54   0.04   0.54   0.54   0.04   0.97   0.84   0.93   0.04   0.54   0.04   0.54   0.54   0.54   0.04   0.85   0.93   0.78   0.87   0.04   0.86   0.04   0.54   0.85   0.54   0.93   0.80   0.04   0.85   0.04   0.04   0.04   0.04   0.97   0.51   0.93   0.54   0.04   0.04   0.97   
0.04   0.04   0.04   0.04   0.04   0.04   0.04   0.04   0.04   0.51   0.80   0.54   0.54   0.54   0.91   0.54   0.04   0.04   0.51   0.04   0.04   0.04   0.51   0.04   0.96   0.04   0.04   0.04   0.80   0.04   0.78   0.78   0.04   0.04   0.54   0.99   0.87   0.04   0.54   0.04   0.54   0.54   0.04   0.97   0.84   0.93   0.04   0.54   0.04   0.54   0.54   0.54   0.04   0.85   0.93   0.78   0.87   0.04   0.86   0.04   0.54   0.85   0.54   0.93   0.80   0.04   0.85   0.04   0.04   0.04   0.04   0.97   0.51   0.93   0.54   0.04   0.04   0.97   
0.50   0.50   0.36   0.50   0.64   0.23   0.15   0.38   0.50   0.50   0.68   0.50   0.50   0.50   0.58   0.45   0.35   0.15   0.51   0.50   0.50   0.29   0.50   0.11   0.50   0.50   0.50   0.25   0.23   0.25   0.50   0.88   0.50   0.82   0.50   0.50   0.50   0.50   0.60   0.50   0.50   0.50   0.99   0.50   0.89   0.56   0.19   0.14   0.50   0.66   0.87   0.68   0.15   0.63   0.62   0.50   0.67   0.80   0.74   0.67   0.33   0.55   0.37   0.50   0.50   0.85   0.30   0.95   0.50   0.75   0.50   0.50   0.96   0.50   0.88   0.77   0.92   0.50   
0.04   0.04   0.02   0.03   0.06   0.01   0.01   0.02   0.04   0.03   0.95   0.04   0.28   0.04   0.97   0.24   0.02   0.01   0.44   0.04   0.04   0.01   0.04   0.00   0.99   0.04   0.04   0.01   0.49   0.01   0.92   0.99   0.04   0.87   0.04   0.99   0.92   0.04   0.83   0.03   0.04   0.04   0.99   0.99   0.99   0.98   0.01   0.06   0.03   0.86   0.96   0.88   0.01   0.96   0.98   0.92   0.96   0.86   0.98   0.07   0.16   0.94   0.19   0.99   0.92   0.90   0.86   0.97   0.03   0.09   0.03   0.99   0.99   0.99   0.96   0.10   0.95   0.99   

5.00   5.00   5.00   5.00   5.00   5.00   5.00   5.00   5.00   5.00   5.00   5.00   5.00   5.00   5.00   5.00   5.00   5.00   5.00   5.00   5.00   5.00   5.00   5.00   5.00   5.00   5.00   5.00   5.00   5.00   5.00   5.00   5.00   5.00   5.00   5.00   5.00   5.00   5.00   5.00   5.00   5.00   5.00   5.00   5.00   5.00   5.00   5.00   5.00   5.00   5.00   5.00   5.00   5.00   5.00   5.00   5.00   5.00   5.00   5.00   5.00   5.00   5.00   5.00   5.00   5.00   5.00   5.00   5.00   5.00   5.00   5.00   5.00   5.00   5.00   5.00   5.00   5.00   
0.03   0.03   0.03   0.03   0.03   0.03   0.03   0.37   0.03   0.54   0.42   0.20   0.20   0.53   0.67   0.20   0.03   0.03   0.23   0.03   0.03   0.37   0.54   0.03   0.95   0.03   0.03   0.03   0.42   0.03   0.53   0.73   0.03   0.03   0.53   0.99   0.55   0.03   0.20   0.03   0.53   0.20   0.03   0.96   0.64   0.90   0.03   0.53   0.37   0.20   0.53   0.20   0.03   0.82   0.74   0.53   0.55   0.03   0.56   0.37   0.20   0.64   0.53   0.74   0.42   0.03   0.64   0.03   0.03   0.03   0.03   0.96   0.54   0.90   0.20   0.03   0.03   0.96   
0.03   0.03   0.03   0.03   0.03   0.03   0.03   0.37   0.03   0.54   0.42   0.20   0.20   0.53   0.67   0.20   0.03   0.03   0.23   0.03   0.03   0.37   0.54   0.03   0.95   0.03   0.03   0.03   0.42   0.03   0.53   0.73   0.03   0.03   0.53   0.99   0.55   0.03   0.20   0.03   0.53   0.20   0.03   0.96   0.64   0.90   0.03   0.53   0.37   0.20   0.53   0.20   0.03   0.82   0.74   0.53   0.55   0.03   0.56   0.37   0.20   0.64   0.53   0.74   0.42   0.03   0.64   0.03   0.03   0.03   0.03   0.96   0.54   0.90   0.20   0.03   0.03   0.96   
0.50   0.50   0.28   0.50   0.54   0.18   0.50   0.29   0.50   0.50   0.61   0.50   0.44   0.50   0.36   0.36   0.36   0.50   0.50   0.50   0.50   0.26   0.50   0.50   0.50   0.50   0.50   0.22   0.19   0.19   0.50   0.84   0.50   0.80   0.50   0.50   0.50   0.50   0.45   0.50   0.50   0.50   0.99   0.50   0.92   0.62   0.10   0.11   0.50   0.66   0.83   0.60   0.50   0.55   0.49   0.50   0.64   0.69   0.70   0.69   0.24   0.44   0.32   0.50   0.50   0.81   0.23   0.96   0.50   0.73   0.50   0.50   0.96   0.50   0.87   0.68   0.92   0.50   
0.04   0.04   0.01   0.03   0.03   0.01   0.03   0.12   0.04   0.03   0.85   0.04   0.17   0.04   0.85   0.13   0.02   0.03   0.33   0.04   0.04   0.10   0.04   0.03   0.98   0.04   0.04   0.01   0.24   0.01   0.86   0.97   0.04   0.11   0.04   0.98   0.88   0.04   0.17   0.03   0.04   0.04   0.99   0.98   0.99   0.97   0.00   0.09   0.03   0.75   0.93   0.28   0.03   0.93   0.92   0.86   0.91   0.06   0.94   0.79   0.07   0.83   0.28   0.98   0.88   0.12   0.42   0.94   0.03   0.08   0.03   0.98   0.99   0.98   0.91   0.06   0.89   0.98   

5.00   5.00   5.00   5.00   5.00   5.00   5.00   5.00   5.00   5.00   5.00   5.00   5.00   5.00   5.00   5.00   5.00   5.00   5.00   5.00   5.00   5.00   5.00   5.00   5.00   5.00   5.00   5.00   5.00   5.00   5.00   5.00   5.00   5.00   5.00   5.00   5.00   5.00   5.00   5.00   5.00   5.00   5.00   5.00   5.00   5.00   5.00   5.00   5.00   5.00   5.00   5.00   5.00   5.00   5.00   5.00   5.00   5.00   5.00   5.00   5.00   5.00   5.00   5.00   5.00   5.00   5.00   5.00   5.00   5.00   5.00   5.00   5.00   5.00   5.00   5.00   5.00   5.00   
0.15   0.01   0.15   0.15   0.15   0.01   0.15   0.68   0.01   0.83   0.67   0.42   0.42   0.80   0.88   0.42   0.15   0.01   0.62   0.01   0.15   0.68   0.83   0.01   0.99   0.01   0.01   0.01   0.67   0.15   0.87   0.94   0.15   0.15   0.80   1.00   0.80   0.01   0.42   0.15   0.80   0.03   0.01   0.99   0.92   0.97   0.01   0.80   0.07   0.42   0.80   0.42   0.01   0.96   0.93   0.87   0.80   0.15   0.83   0.68   0.42   0.91   0.80   0.93   0.07   0.15   0.91   0.15   0.15   0.15   0.15   0.99   0.83   0.97   0.42   0.01   0.15   0.99   
0.15   0.01   0.15   0.15   0.15   0.01   0.15   0.68   0.01   0.83   0.67   0.42   0.42   0.80   0.88   0.42   0.15   0.01   0.62   0.01   0.15   0.68   0.83   0.01   0.99   0.01   0.01   0.01   0.67   0.15   0.87   0.94   0.15   0.15   0.80   1.00   0.80   0.01   0.42   0.15   0.80   0.03   0.01   0.99   0.92   0.97   0.01   0.80   0.07   0.42   0.80   0.42   0.01   0.96   0.93   0.87   0.80   0.15   0.83   0.68   0.42   0.91   0.80   0.93   0.07   0.15   0.91   0.15   0.15   0.15   0.15   0.99   0.83   0.97   0.42   0.01   0.15   0.99   
0.50   0.50   0.22   0.50   0.54   0.17   0.50   0.26   0.50   0.50   0.59   0.50   0.49   0.50   0.28   0.37   0.29   0.50   0.44   0.50   0.50   0.24   0.50   0.50   0.50   0.50   0.50   0.18   0.13   0.14   0.50   0.81   0.50   0.80   0.50   0.50   0.50   0.50   0.38   0.50   0.50   0.50   0.99   0.50   0.93   0.61   0.50   0.08   0.50   0.65   0.83   0.57   0.50   0.52   0.45   0.50   0.63   0.66   0.62   0.71   0.18   0.42   0.33   0.50   0.50   0.82   0.19   0.96   0.50   0.69   0.50   0.50   0.97   0.50   0.86   0.62   0.92   0.50   
0.04   0.04   0.03   0.04   0.13   0.00   0.04   0.16   0.04   0.04   0.87   0.04   0.31   0.04   0.83   0.22   0.05   0.04   0.36   0.04   0.04   0.15   0.04   0.04   0.98   0.04   0.04   0.00   0.22   0.02   0.88   0.97   0.04   0.78   0.04   0.98   0.90   0.04   0.22   0.04   0.04   0.04   0.92   0.98   0.99   0.98   0.03   0.11   0.04   0.80   0.95   0.73   0.04   0.93   0.92   0.88   0.93   0.20   0.93   0.85   0.09   0.85   0.67   0.98   0.90   0.81   0.45   0.96   0.04   0.22   0.04   0.98   0.99   0.98   0.93   0.02   0.91   0.98   

5.00   5.00   5.00   5.00   5.00   5.00   5.00   5.00   5.00   5.00   5.00   5.00   5.00   5.00   5.00   5.00   5.00   5.00   5.00   5.00   5.00   5.00   5.00   5.00   5.00   5.00   5.00   5.00   5.00   5.00   5.00   5.00   5.00   5.00   5.00   5.00   5.00   5.00   5.00   5.00   5.00   5.00   5.00   5.00   5.00   5.00   5.00   5.00   5.00   5.00   5.00   5.00   5.00   5.00   5.00   5.00   5.00   5.00   5.00   5.00   5.00   5.00   5.00   5.00   5.00   5.00   5.00   5.00   5.00   5.00   5.00   5.00   5.00   5.00   5.00   5.00   5.00   5.00   
0.09   0.03   0.09   0.09   0.25   0.01   0.09   0.21   0.03   0.80   0.30   0.14   0.14   0.37   0.72   0.14   0.09   0.01   0.65   0.01   0.09   0.21   0.80   0.01   0.99   0.01   0.01   0.01   0.30   0.09   0.87   0.92   0.09   0.09   0.37   1.00   0.77   0.01   0.14   0.25   0.37   0.02   0.03   0.98   0.92   0.97   0.01   0.37   0.07   0.48   0.74   0.48   0.03   0.95   0.93   0.87   0.77   0.25   0.82   0.62   0.48   0.90   0.37   0.93   0.08   0.25   0.90   0.25   0.25   0.09   0.09   0.98   0.80   0.97   0.48   0.03   0.25   0.98   
0.09   0.03   0.09   0.09   0.25   0.01   0.09   0.21   0.03   0.80   0.30   0.14   0.14   0.37   0.72   0.14   0.09   0.01   0.65   0.01   0.09   0.21   0.80   0.01   0.99   0.01   0.01   0.01   0.30   0.09   0.87   0.92   0.09   0.09   0.37   1.00   0.77   0.01   0.14   0.25   0.37   0.02   0.03   0.98   0.92   0.97   0.01   0.37   0.07   0.48   0.74   0.48   0.03   0.95   0.93   0.87   0.77   0.25   0.82   0.62   0.48   0.90   0.37   0.93   0.08   0.25   0.90   0.25   0.25   0.09   0.09   0.98   0.80   0.97   0.48   0.03   0.25   0.98   
0.50   0.50   0.27   0.50   0.65   0.50   0.50   0.33   0.50   0.50   0.66   0.50   0.39   0.50   0.31   0.41   0.42   0.50   0.37   0.50   0.50   0.19   0.50   0.50   0.50   0.50   0.50   0.50   0.25   0.24   0.50   0.83   0.50   0.81   0.50   0.50   0.50   0.50   0.49   0.50   0.50   0.50   0.99   0.50   0.93   0.65   0.50   0.09   0.50   0.72   0.75   0.62   0.50   0.66   0.48   0.50   0.60   0.74   0.68   0.65   0.26   0.43   0.47   0.50   0.50   0.84   0.20   0.97   0.50   0.72   0.50   0.50   0.50   0.50   0.87   0.59   0.91   0.50   
0.04   0.04   0.02   0.03   0.84   0.01   0.03   0.07   0.04   0.03   0.82   0.04   0.09   0.04   0.72   0.10   0.05   0.03   0.50   0.04   0.04   0.03   0.04   0.03   0.99   0.04   0.04   0.01   0.18   0.02   0.95   0.99   0.04   0.72   0.04   0.99   0.91   0.04   0.13   0.03   0.04   0.04   0.98   0.99   1.00   0.99   0.03   0.03   0.03   0.92   0.95   0.88   0.03   0.98   0.97   0.95   0.94   0.89   0.97   0.89   0.27   0.94   0.59   0.99   0.91   0.94   0.85   0.99   0.03   0.15   0.03   0.99   0.87   0.99   0.97   0.17   0.97   0.99   

5.00   5.00   5.00   5.00   5.00   5.00   5.00   5.00   5.00   5.00   5.00   5.00   5.00   5.00   5.00   5.00   5.00   5.00   5.00   5.00   5.00   5.00   5.00   5.00   5.00   5.00   5.00   5.00   5.00   5.00   5.00   5.00   5.00   5.00   5.00   5.00   5.00   5.00   5.00   5.00   5.00   5.00   5.00   5.00   5.00   5.00   5.00   5.00   5.00   5.00   5.00   5.00   5.00   5.00   5.00   5.00   5.00   5.00   5.00   5.00   5.00   5.00   5.00   5.00   5.00   5.00   5.00   5.00   5.00   5.00   5.00   5.00   5.00   5.00   5.00   5.00   5.00   5.00   
0.08   0.03   0.08   0.08   0.25   0.01   0.08   0.15   0.03   0.68   0.21   0.11   0.11   0.23   0.53   0.11   0.08   0.01   0.51   0.01   0.08   0.15   0.68   0.01   0.93   0.01   0.01   0.01   0.21   0.08   0.80   0.96   0.08   0.08   0.23   1.00   0.89   0.01   0.11   0.25   0.23   0.02   0.03   0.99   0.85   0.98   0.01   0.23   0.06   0.42   0.64   0.83   0.03   0.97   0.96   0.93   0.89   0.25   0.72   0.84   0.42   0.95   0.23   0.96   0.07   0.25   0.84   0.25   0.25   0.08   0.08   0.99   0.89   0.98   0.83   0.03   0.78   0.93   
0.08   0.03   0.08   0.08   0.25   0.01   0.08   0.15   0.03   0.68   0.21   0.11   0.11   0.23   0.53   0.11   0.08   0.01   0.51   0.01   0.08   0.15   0.68   0.01   0.93   0.01   0.01   0.01   0.21   0.08   0.80   0.96   0.08   0.08   0.23   1.00   0.89   0.01   0.11   0.25   0.23   0.02   0.03   0.99   0.85   0.98   0.01   0.23   0.06   0.42   0.64   0.83   0.03   0.97   0.96   0.93   0.89   0.25   0.72   0.84   0.42   0.95   0.23   0.96   0.07   0.25   0.84   0.25   0.25   0.08   0.08   0.99   0.89   0.98   0.83   0.03   0.78   0.93   
0.50   0.50   0.19   0.50   0.58   0.50   0.50   0.25   0.50   0.50   0.64   0.50   0.34   0.50   0.37   0.34   0.35   0.50   0.36   0.50   0.50   0.17   0.50   0.50   0.50   0.50   0.50   0.50   0.26   0.28   0.50   0.82   0.50   0.75   0.50   0.50   0.50   0.50   0.49   0.50   0.50   0.50   0.99   0.50   0.50   0.66   0.50   0.07   0.50   0.70   0.75   0.55   0.50   0.67   0.46   0.50   0.68   0.73   0.65   0.68   0.29   0.41   0.47   0.50   0.50   0.81   0.21   0.96   0.50   0.72   0.50   0.50   0.50   0.50   0.88   0.50   0.90   0.50   
0.04   0.04   0.01   0.03   0.37   0.01   0.03   0.03   0.04   0.03   0.25   0.04   0.04   0.04   0.19   0.04   0.02   0.03   0.27   0.04   0.04   0.02   0.04   0.03   0.99   0.04   0.04   0.01   0.06   0.02   0.95   0.99   0.04   0.12   0.04   0.99   0.88   0.04   0.08   0.03   0.04   0.04   0.99   0.99   0.96   0.99   0.03   0.01   0.03   0.81   0.88   0.89   0.03   0.99   0.97   0.95   0.96   0.79   0.87   0.94   0.19   0.95   0.11   0.99   0.88   0.86   0.45   0.97   0.03   0.10   0.03   0.99   0.84   0.99   0.98   0.15   0.98   0.99   

5.00   5.00   5.00   5.00   5.00   5.00   5.00   5.00   5.00   5.00   5.00   5.00   5.00   5.00   5.00   5.00   5.00   5.00   5.00   5.00   5.00   5.00   5.00   5.00   5.00   5.00   5.00   5.00   5.00   5.00   5.00   5.00   5.00   5.00   5.00   5.00   5.00   5.00   5.00   5.00   5.00   5.00   5.00   5.00   5.00   5.00   5.00   5.00   5.00   5.00   5.00   5.00   5.00   5.00   5.00   5.00   5.00   5.00   5.00   5.00   5.00   5.00   5.00   5.00   5.00   5.00   5.00   5.00   5.00   5.00   5.00   5.00   5.00   5.00   5.00   5.00   5.00   5.00   
0.10   0.04   0.10   0.10   0.29   0.02   0.10   0.22   0.04   0.72   0.31   0.17   0.17   0.39   0.66   0.17   0.10   0.00   0.56   0.02   0.10   0.22   0.72   0.02   0.87   0.00   0.02   0.02   0.31   0.10   0.81   0.96   0.06   0.10   0.39   1.00   0.91   0.02   0.17   0.29   0.39   0.03   0.04   0.99   0.86   0.98   0.00   0.39   0.04   0.50   0.69   0.86   0.02   0.97   0.96   0.94   0.91   0.29   0.75   0.87   0.50   0.95   0.39   0.96   0.09   0.29   0.85   0.29   0.29   0.10   0.10   0.99   0.90   0.98   0.86   0.02   0.82   0.93   
0.10   0.04   0.10   0.10   0.29   0.02   0.10   0.22   0.04   0.72   0.31   0.17   0.17   0.39   0.66   0.17   0.10   0.00   0.56   0.02   0.10   0.22   0.72   0.02   0.87   0.00   0.02   0.02   0.31   0.10   0.81   0.96   0.06   0.10   0.39   1.00   0.91   0.02   0.17   0.29   0.39   0.03   0.04   0.99   0.86   0.98   0.00   0.39   0.04   0.50   0.69   0.86   0.02   0.97   0.96   0.94   0.91   0.29   0.75   0.87   0.50   0.95   0.39   0.96   0.09   0.29   0.85   0.29   0.29   0.10   0.10   0.99   0.90   0.98   0.86   0.02   0.82   0.93   
0.50   0.50   0.17   0.50   0.56   0.50   0.50   0.22   0.50   0.50   0.62   0.50   0.31   0.50   0.34   0.31   0.32   0.50   0.33   0.50   0.50   0.15   0.50   0.50   0.50   0.50   0.50   0.50   0.24   0.26   0.50   0.81   0.50   0.74   0.50   0.50   0.50   0.50   0.47   0.50   0.50   0.50   0.99   0.50   0.50   0.65   0.50   0.06   0.50   0.69   0.74   0.52   0.50   0.66   0.44   0.50   0.67   0.72   0.63   0.67   0.27   0.38   0.44   0.50   0.50   0.81   0.18   0.97   0.50   0.70   0.50   0.50   0.50   0.50   0.88   0.48   0.90   0.50   
0.04   0.04   0.02   0.03   0.32   0.01   0.03   0.05   0.04   0.03   0.73   0.04   0.07   0.04   0.64   0.07   0.04   0.03   0.29   0.04   0.04   0.03   0.04   0.03   0.99   0.04   0.04   0.01   0.14   0.03   0.94   0.99   0.04   0.60   0.04   0.99   0.90   0.04   0.13   0.03   0.04   0.04   0.97   0.99   0.96   0.99   0.03   0.02   0.03   0.84   0.90   0.90   0.03   0.99   0.97   0.94   0.97   0.81   0.90   0.94   0.19   0.94   0.53   0.99   0.90   0.87   0.48   0.98   0.03   0.17   0.03   0.99   0.85   0.99   0.98   0.02   0.98   0.99   

5.00   5.00   5.00   5.00   5.00   5.00   5.00   5.00   5.00   5.00   5.00   5.00   5.00   5.00   5.00   5.00   5.00   5.00   5.00   5.00   5.00   5.00   5.00   5.00   5.00   5.00   5.00   5.00   5.00   5.00   5.00   5.00   5.00   5.00   5.00   5.00   5.00   5.00   5.00   5.00   5.00   5.00   5.00   5.00   5.00   5.00   5.00   5.00   5.00   5.00   5.00   5.00   5.00   5.00   5.00   5.00   5.00   5.00   5.00   5.00   5.00   5.00   5.00   5.00   5.00   5.00   5.00   5.00   5.00   5.00   5.00   5.00   5.00   5.00   5.00   5.00   5.00   5.00   
0.10   0.04   0.10   0.10   0.28   0.01   0.10   0.21   0.04   0.71   0.31   0.17   0.16   0.37   0.65   0.16   0.10   0.00   0.54   0.02   0.10   0.21   0.71   0.01   0.87   0.00   0.01   0.01   0.30   0.10   0.81   0.96   0.05   0.10   0.37   1.00   0.91   0.02   0.16   0.28   0.38   0.03   0.04   0.99   0.86   0.98   0.00   0.37   0.04   0.50   0.68   0.85   0.02   0.97   0.96   0.93   0.91   0.28   0.74   0.87   0.50   0.95   0.37   0.96   0.08   0.28   0.85   0.28   0.28   0.10   0.10   0.99   0.90   0.98   0.85   0.02   0.81   0.93   
0.10   0.04   0.10   0.10   0.28   0.01   0.10   0.21   0.04   0.71   0.31   0.17   0.16   0.37   0.65   0.16   0.10   0.00   0.54   0.02   0.10   0.21   0.71   0.01   0.87   0.00   0.01   0.01   0.30   0.10   0.81   0.96   0.05   0.10   0.37   1.00   0.91   0.02   0.16   0.28   0.38   0.03   0.04   0.99   0.86   0.98   0.00   0.37   0.04   0.50   0.68   0.85   0.02   0.97   0.96   0.93   0.91   0.28   0.74   0.87   0.50   0.95   0.37   0.96   0.08   0.28   0.85   0.28   0.28   0.10   0.10   0.99   0.90   0.98   0.85   0.02   0.81   0.93   
0.50   0.50   0.21   0.50   0.64   0.50   0.50   0.27   0.50   0.50   0.69   0.50   0.38   0.50   0.41   0.38   0.38   0.50   0.39   0.50   0.50   0.18   0.50   0.50   0.50   0.50   0.50   0.50   0.29   0.31   0.50   0.86   0.50   0.80   0.50   0.50   0.50   0.50   0.54   0.50   0.50   0.50   1.00   0.50   0.50   0.72   0.50   0.07   0.50   0.76   0.80   0.60   0.50   0.73   0.51   0.50   0.74   0.78   0.70   0.74   0.32   0.45   0.51   0.50   0.50   0.86   0.22   0.98   0.50   0.77   0.50   0.50   0.50   0.50   0.91   0.55   0.93   0.50   
0.04   0.04   0.03   0.03   0.38   0.01   0.03   0.05   0.04   0.03   0.81   0.04   0.08   0.04   0.72   0.08   0.05   0.03   0.34   0.04   0.04   0.03   0.04   0.03   0.99   0.04   0.04   0.01   0.16   0.05   0.95   0.99   0.04   0.73   0.04   0.99   0.90   0.04   0.14   0.03   0.04   0.04   0.99   0.99   0.96   0.99   0.03   0.02   0.03   0.89   0.92   0.92   0.03   0.99   0.98   0.95   0.98   0.86   0.93   0.96   0.26   0.96   0.20   0.99   0.90   0.91   0.71   0.99   0.03   0.68   0.03   0.99   0.85   0.99   0.99   0.03   0.99   0.99   

5.00   5.00   5.00   5.00   5.00   5.00   5.00   5.00   5.00   5.00   5.00   5.00   5.00   5.00   5.00   5.00   5.00   5.00   5.00   5.00   5.00   5.00   5.00   5.00   5.00   5.00   5.00   5.00   5.00   5.00   5.00   5.00   5.00   5.00   5.00   5.00   5.00   5.00   5.00   5.00   5.00   5.00   5.00   5.00   5.00   5.00   5.00   5.00   5.00   5.00   5.00   5.00   5.00   5.00   5.00   5.00   5.00   5.00   5.00   5.00   5.00   5.00   5.00   5.00   5.00   5.00   5.00   5.00   5.00   5.00   5.00   5.00   5.00   5.00   5.00   5.00   5.00   5.00   
0.07   0.04   0.07   0.07   0.12   0.09   0.26   0.44   0.03   0.75   0.57   0.39   0.39   0.59   0.78   0.39   0.26   0.00   0.61   0.02   0.26   0.44   0.75   0.09   0.90   0.00   0.02   0.02   0.57   0.07   0.84   0.95   0.04   0.07   0.59   1.00   0.91   0.02   0.39   0.42   0.20   0.13   0.13   0.99   0.88   0.98   0.00   0.59   0.04   0.59   0.74   0.47   0.02   0.97   0.96   0.92   0.91   0.42   0.80   0.84   0.59   0.95   0.59   0.96   0.28   0.12   0.88   0.12   0.12   0.07   0.26   0.99   0.89   0.98   0.83   0.02   0.38   0.96   
0.07   0.04   0.07   0.07   0.12   0.09   0.26   0.44   0.03   0.75   0.57   0.39   0.39   0.59   0.78   0.39   0.26   0.00   0.61   0.02   0.26   0.44   0.75   0.09   0.90   0.00   0.02   0.02   0.57   0.07   0.84   0.95   0.04   0.07   0.59   1.00   0.91   0.02   0.39   0.42   0.20   0.13   0.13   0.99   0.88   0.98   0.00   0.59   0.04   0.59   0.74   0.47   0.02   0.97   0.96   0.92   0.91   0.42   0.80   0.84   0.59   0.95   0.59   0.96   0.28   0.12   0.88   0.12   0.12   0.07   0.26   0.99   0.89   0.98   0.83   0.02   0.38   0.96   
0.50   0.50   0.11   0.50   0.66   0.50   0.50   0.22   0.50   0.50   0.70   0.50   0.28   0.50   0.33   0.41   0.28   0.50   0.45   0.50   0.50   0.28   0.50   0.50   0.50   0.50   0.50   0.50   0.30   0.34   0.50   0.50   0.50   0.79   0.50   0.50   0.50   0.50   0.56   0.50   0.50   0.50   1.00   0.50   0.50   0.50   0.50   0.10   0.50   0.68   0.78   0.63   0.50   0.66   0.53   0.50   0.68   0.74   0.73   0.83   0.26   0.42   0.51   0.50   0.50   0.83   0.25   0.96   0.50   0.80   0.50   0.50   0.50   0.50   0.90   0.56   0.90   0.50   
0.04   0.04   0.01   0.04   0.23   0.01   0.03   0.12   0.04   0.04   0.86   0.04   0.15   0.04   0.73   0.24   0.08   0.03   0.46   0.04   0.04   0.16   0.04   0.03   0.99   0.04   0.04   0.01   0.30   0.04   0.93   0.95   0.04   0.53   0.04   0.99   0.90   0.04   0.37   0.04   0.04   0.04   0.99   0.99   0.94   0.98   0.03   0.09   0.04   0.86   0.93   0.84   0.03   0.98   0.97   0.93   0.97   0.83   0.94   0.97   0.26   0.94   0.71   0.99   0.90   0.74   0.74   0.93   0.04   0.54   0.04   0.99   0.85   0.99   0.98   0.02   0.95   0.99   

5.00   5.00   5.00   5.00   5.00   5.00   5.00   5.00   5.00   5.00   5.00   5.00   5.00   5.00   5.00   5.00   5.00   5.00   5.00   5.00   5.00   5.00   5.00   5.00   5.00   5.00   5.00   5.00   5.00   5.00   5.00   5.00   5.00   5.00   5.00   5.00   5.00   5.00   5.00   5.00   5.00   5.00   5.00   5.00   5.00   5.00   5.00   5.00   5.00   5.00   5.00   5.00   5.00   5.00   5.00   5.00   5.00   5.00   5.00   5.00   5.00   5.00   5.00   5.00   5.00   5.00   5.00   5.00   5.00   5.00   5.00   5.00   5.00   5.00   5.00   5.00   5.00   5.00   
0.06   0.03   0.07   0.07   0.11   0.07   0.21   0.36   0.03   0.71   0.48   0.33   0.32   0.51   0.73   0.32   0.21   0.00   0.55   0.01   0.21   0.36   0.81   0.07   0.88   0.00   0.01   0.01   0.47   0.07   0.80   0.96   0.03   0.07   0.51   1.00   0.92   0.01   0.32   0.36   0.17   0.10   0.11   0.98   0.86   0.99   0.00   0.51   0.03   0.71   0.80   0.41   0.01   0.96   0.97   0.94   0.89   0.36   0.76   0.81   0.52   0.94   0.51   0.95   0.21   0.11   0.85   0.11   0.11   0.13   0.21   0.98   0.87   0.97   0.80   0.01   0.33   0.94   
0.06   0.03   0.07   0.07   0.11   0.07   0.21   0.36   0.03   0.71   0.48   0.33   0.32   0.51   0.73   0.32   0.21   0.00   0.55   0.01   0.21   0.36   0.81   0.07   0.88   0.00   0.01   0.01   0.47   0.07   0.80   0.96   0.03   0.07   0.51   1.00   0.92   0.01   0.32   0.36   0.17   0.10   0.11   0.98   0.86   0.99   0.00   0.51   0.03   0.71   0.80   0.41   0.01   0.96   0.97   0.94   0.89   0.36   0.76   0.81   0.52   0.94   0.51   0.95   0.21   0.11   0.85   0.11   0.11   0.13   0.21   0.98   0.87   0.97   0.80   0.01   0.33   0.94   
0.50   0.50   0.13   0.50   0.71   0.50   0.50   0.25   0.50   0.50   0.74   0.50   0.32   0.50   0.38   0.46   0.32   0.50   0.50   0.50   0.50   0.32   0.50   0.50   0.50   0.50   0.50   0.50   0.35   0.38   0.50   0.50   0.50   0.82   0.50   0.50   0.50   0.50   0.61   0.50   0.50   0.50   1.00   0.50   0.50   0.50   0.50   0.12   0.50   0.72   0.81   0.67   0.50   0.71   0.58   0.50   0.72   0.78   0.77   0.85   0.30   0.47   0.56   0.50   0.50   0.85   0.29   0.97   0.50   0.83   0.50   0.50   0.50   0.50   0.92   0.61   0.92   0.50   
0.76   0.76   0.01   0.04   0.28   0.01   0.03   0.13   0.76   0.04   0.93   0.76   0.17   0.76   0.84   0.27   0.09   0.03   0.79   0.76   0.76   0.17   0.76   0.03   0.99   0.76   0.76   0.01   0.49   0.05   0.95   0.97   0.76   0.63   0.76   0.99   0.93   0.76   0.41   0.04   0.76   0.76   1.00   0.99   0.96   0.99   0.03   0.10   0.04   0.94   0.97   0.90   0.03   0.99   0.99   0.95   0.98   0.88   0.97   0.98   0.32   0.96   0.79   0.99   0.93   0.81   0.84   0.95   0.04   0.83   0.04   0.99   0.89   0.99   0.99   0.02   0.97   0.99   

5.00   5.00   5.00   5.00   5.00   5.00   5.00   5.00   5.00   5.00   5.00   5.00   5.00   5.00   5.00   5.00   5.00   5.00   5.00   5.00   5.00   5.00   5.00   5.00   5.00   5.00   5.00   5.00   5.00   5.00   5.00   5.00   5.00   5.00   5.00   5.00   5.00   5.00   5.00   5.00   5.00   5.00   5.00   5.00   5.00   5.00   5.00   5.00   5.00   5.00   5.00   5.00   5.00   5.00   5.00   5.00   5.00   5.00   5.00   5.00   5.00   5.00   5.00   5.00   5.00   5.00   5.00   5.00   5.00   5.00   5.00   5.00   5.00   5.00   5.00   5.00   5.00   5.00   
0.06   0.03   0.06   0.06   0.10   0.15   0.21   0.34   0.03   0.64   0.65   0.31   0.50   0.46   0.80   0.30   0.21   0.00   0.48   0.02   0.21   0.54   0.83   0.08   0.82   0.00   0.01   0.01   0.64   0.06   0.72   0.96   0.03   0.06   0.46   1.00   0.90   0.02   0.50   0.32   0.30   0.12   0.22   0.99   0.86   0.99   0.00   0.46   0.04   0.62   0.73   0.43   0.01   0.96   0.95   0.90   0.91   0.32   0.81   0.85   0.65   0.90   0.46   0.96   0.28   0.10   0.78   0.10   0.10   0.12   0.21   0.96   0.89   0.98   0.83   0.01   0.47   0.95   
0.06   0.03   0.06   0.06   0.10   0.15   0.21   0.34   0.03   0.64   0.65   0.31   0.50   0.46   0.80   0.30   0.21   0.00   0.48   0.02   0.21   0.54   0.83   0.08   0.82   0.00   0.01   0.01   0.64   0.06   0.72   0.96   0.03   0.06   0.46   1.00   0.90   0.02   0.50   0.32   0.30   0.12   0.22   0.99   0.86   0.99   0.00   0.46   0.04   0.62   0.73   0.43   0.01   0.96   0.95   0.90   0.91   0.32   0.81   0.85   0.65   0.90   0.46   0.96   0.28   0.10   0.78   0.10   0.10   0.12   0.21   0.96   0.89   0.98   0.83   0.01   0.47   0.95   
0.50   0.50   0.18   0.50   0.72   0.50   0.50   0.31   0.50   0.50   0.75   0.50   0.37   0.50   0.42   0.50   0.37   0.50   0.54   0.50   0.50   0.37   0.50   0.50   0.50   0.50   0.50   0.50   0.39   0.43   0.50   0.50   0.50   0.82   0.50   0.50   0.50   0.50   0.64   0.50   0.50   0.50   0.50   0.50   0.50   0.50   0.50   0.16   0.50   0.74   0.81   0.69   0.50   0.72   0.61   0.50   0.73   0.79   0.77   0.85   0.36   0.51   0.59   0.50   0.50   0.85   0.34   0.96   0.50   0.83   0.50   0.50   0.50   0.50   0.91   0.63   0.91   0.50   
0.79   0.79   0.02   0.04   0.22   0.01   0.03   0.16   0.79   0.04   0.97   0.79   0.49   0.79   0.93   0.32   0.11   0.03   0.49   0.79   0.79   0.47   0.79   0.03   0.99   0.79   0.79   0.01   0.87   0.05   0.95   0.96   0.79   0.61   0.79   0.99   0.95   0.79   0.89   0.04   0.79   0.79   0.07   0.99   0.96   0.99   0.03   0.15   0.04   0.92   0.96   0.90   0.03   0.99   0.98   0.95   0.99   0.85   0.98   0.99   0.77   0.95   0.82   0.99   0.95   0.75   0.85   0.93   0.04   0.77   0.04   0.99   0.88   0.99   0.99   0.01   0.98   0.99   

5.00   5.00   5.00   5.00   5.00   5.00   5.00   5.00   5.00   5.00   5.00   5.00   5.00   5.00   5.00   5.00   5.00   5.00   5.00   5.00   5.00   5.00   5.00   5.00   5.00   5.00   5.00   5.00   5.00   5.00   5.00   5.00   5.00   5.00   5.00   5.00   5.00   5.00   5.00   5.00   5.00   5.00   5.00   5.00   5.00   5.00   5.00   5.00   5.00   5.00   5.00   5.00   5.00   5.00   5.00   5.00   5.00   5.00   5.00   5.00   5.00   5.00   5.00   5.00   5.00   5.00   5.00   5.00   5.00   5.00   5.00   5.00   5.00   5.00   5.00   5.00   5.00   5.00   
0.04   0.04   0.06   0.05   0.10   0.15   0.16   0.34   0.03   0.66   0.64   0.24   0.48   0.45   0.80   0.23   0.21   0.00   0.50   0.02   0.21   0.52   0.80   0.08   0.84   0.00   0.01   0.01   0.55   0.05   0.74   0.96   0.02   0.05   0.36   1.00   0.90   0.02   0.39   0.25   0.22   0.10   0.23   0.98   0.87   0.99   0.00   0.45   0.04   0.63   0.73   0.39   0.02   0.96   0.95   0.91   0.91   0.33   0.82   0.85   0.65   0.90   0.36   0.96   0.29   0.10   0.79   0.10   0.10   0.13   0.16   0.97   0.89   0.98   0.83   0.02   0.38   0.95   
0.04   0.04   0.06   0.05   0.10   0.15   0.16   0.34   0.03   0.66   0.64   0.24   0.48   0.45   0.80   0.23   0.21   0.00   0.50   0.02   0.21   0.52   0.80   0.08   0.84   0.00   0.01   0.01   0.55   0.05   0.74   0.96   0.02   0.05   0.36   1.00   0.90   0.02   0.39   0.25   0.22   0.10   0.23   0.98   0.87   0.99   0.00   0.45   0.04   0.63   0.73   0.39   0.02   0.96   0.95   0.91   0.91   0.33   0.82   0.85   0.65   0.90   0.36   0.96   0.29   0.10   0.79   0.10   0.10   0.13   0.16   0.97   0.89   0.98   0.83   0.02   0.38   0.95   
0.50   0.50   0.13   0.50   0.70   0.50   0.50   0.24   0.50   0.50   0.73   0.50   0.31   0.50   0.36   0.45   0.31   0.50   0.49   0.50   0.50   0.30   0.50   0.50   0.50   0.50   0.50   0.50   0.33   0.37   0.50   0.50   0.50   0.82   0.50   0.50   0.50   0.50   0.60   0.50   0.50   0.50   0.50   0.50   0.50   0.50   0.50   0.11   0.50   0.72   0.81   0.67   0.50   0.70   0.57   0.50   0.72   0.78   0.76   0.85   0.29   0.45   0.55   0.50   0.50   0.85   0.28   0.97   0.50   0.83   0.50   0.50   0.50   0.50   0.92   0.60   0.92   0.50   
0.76   0.76   0.01   0.04   0.19   0.01   0.03   0.11   0.76   0.04   0.96   0.76   0.36   0.76   0.88   0.23   0.08   0.03   0.43   0.76   0.76   0.35   0.76   0.03   0.99   0.76   0.76   0.01   0.79   0.03   0.94   0.96   0.76   0.19   0.76   0.99   0.94   0.76   0.84   0.04   0.76   0.76   0.06   0.99   0.95   0.99   0.03   0.09   0.04   0.90   0.96   0.87   0.03   0.99   0.98   0.94   0.98   0.83   0.98   0.98   0.44   0.93   0.75   0.99   0.94   0.73   0.78   0.93   0.04   0.73   0.04   0.99   0.87   0.99   0.99   0.01   0.98   0.99   

5.00   5.00   5.00   5.00   5.00   5.00   5.00   5.00   5.00   5.00   5.00   5.00   5.00   5.00   5.00   5.00   5.00   5.00   5.00   5.00   5.00   5.00   5.00   5.00   5.00   5.00   5.00   5.00   5.00   5.00   5.00   5.00   5.00   5.00   5.00   5.00   5.00   5.00   5.00   5.00   5.00   5.00   5.00   5.00   5.00   5.00   5.00   5.00   5.00   5.00   5.00   5.00   5.00   5.00   5.00   5.00   5.00   5.00   5.00   5.00   5.00   5.00   5.00   5.00   5.00   5.00   5.00   5.00   5.00   5.00   5.00   5.00   5.00   5.00   5.00   5.00   5.00   5.00   
0.03   0.04   0.05   0.04   0.09   0.17   0.14   0.30   0.02   0.80   0.79   0.21   0.43   0.39   0.87   0.20   0.19   0.00   0.48   0.02   0.19   0.48   0.75   0.09   0.90   0.00   0.01   0.01   0.53   0.04   0.82   0.93   0.02   0.04   0.31   1.00   0.86   0.02   0.34   0.23   0.18   0.10   0.52   0.98   0.91   0.99   0.00   0.39   0.04   0.57   0.82   0.29   0.02   0.92   0.96   0.86   0.87   0.30   0.80   0.78   0.60   0.85   0.31   0.97   0.35   0.09   0.74   0.09   0.09   0.11   0.14   0.93   0.91   0.98   0.76   0.02   0.29   0.93   
0.03   0.04   0.05   0.04   0.09   0.17   0.14   0.30   0.02   0.80   0.79   0.21   0.43   0.39   0.87   0.20   0.19   0.00   0.48   0.02   0.19   0.48   0.75   0.09   0.90   0.00   0.01   0.01   0.53   0.04   0.82   0.93   0.02   0.04   0.31   1.00   0.86   0.02   0.34   0.23   0.18   0.10   0.52   0.98   0.91   0.99   0.00   0.39   0.04   0.57   0.82   0.29   0.02   0.92   0.96   0.86   0.87   0.30   0.80   0.78   0.60   0.85   0.31   0.97   0.35   0.09   0.74   0.09   0.09   0.11   0.14   0.93   0.91   0.98   0.76   0.02   0.29   0.93   
0.50   0.50   0.14   0.50   0.71   0.50   0.50   0.27   0.50   0.50   0.74   0.50   0.33   0.50   0.39   0.47   0.33   0.50   0.50   0.50   0.50   0.33   0.50   0.50   0.50   0.50   0.50   0.50   0.36   0.39   0.50   0.50   0.50   0.82   0.50   0.50   0.50   0.50   0.62   0.50   0.50   0.50   0.50   0.50   0.50   0.50   0.50   0.13   0.50   0.72   0.81   0.67   0.50   0.71   0.59   0.50   0.72   0.78   0.76   0.85   0.31   0.47   0.57   0.50   0.50   0.85   0.30   0.96   0.50   0.82   0.50   0.50   0.50   0.50   0.91   0.61   0.91   0.50   
0.76   0.76   0.01   0.03   0.17   0.01   0.03   0.12   0.76   0.03   0.97   0.76   0.35   0.76   0.93   0.21   0.08   0.03   0.42   0.76   0.76   0.34   0.76   0.03   0.99   0.76   0.76   0.01   0.80   0.03   0.94   0.96   0.76   0.17   0.76   0.99   0.95   0.76   0.82   0.03   0.76   0.76   0.06   0.99   0.95   0.99   0.03   0.10   0.03   0.91   0.98   0.85   0.03   0.98   0.99   0.94   0.98   0.82   0.98   0.98   0.42   0.93   0.74   0.99   0.95   0.70   0.78   0.91   0.03   0.74   0.03   0.99   0.87   0.99   0.99   0.01   0.97   0.99   

5.00   5.00   5.00   5.00   5.00   5.00   5.00   5.00   5.00   5.00   5.00   5.00   5.00   5.00   5.00   5.00   5.00   5.00   5.00   5.00   5.00   5.00   5.00   5.00   5.00   5.00   5.00   5.00   5.00   5.00   5.00   5.00   5.00   5.00   5.00   5.00   5.00   5.00   5.00   5.00   5.00   5.00   5.00   5.00   5.00   5.00   5.00   5.00   5.00   5.00   5.00   5.00   5.00   5.00   5.00   5.00   5.00   5.00   5.00   5.00   5.00   5.00   5.00   5.00   5.00   5.00   5.00   5.00   5.00   5.00   5.00   5.00   5.00   5.00   5.00   5.00   5.00   5.00   
0.03   0.04   0.05   0.14   0.27   0.10   0.08   0.17   0.03   0.56   0.76   0.11   0.24   0.20   0.84   0.10   0.31   0.00   0.58   0.02   0.11   0.27   0.75   0.05   0.89   0.00   0.01   0.01   0.33   0.03   0.83   0.94   0.01   0.03   0.15   1.00   0.88   0.02   0.41   0.15   0.14   0.05   0.54   0.98   0.91   0.99   0.00   0.20   0.04   0.37   0.59   0.57   0.02   0.93   0.97   0.89   0.88   0.45   0.80   0.82   0.65   0.88   0.15   0.97   0.43   0.27   0.77   0.27   0.27   0.27   0.24   0.94   0.91   0.98   0.80   0.02   0.56   0.92   
0.03   0.04   0.05   0.14   0.27   0.10   0.08   0.17   0.03   0.56   0.76   0.11   0.24   0.20   0.84   0.10   0.31   0.00   0.58   0.02   0.11   0.27   0.75   0.05   0.89   0.00   0.01   0.01   0.33   0.03   0.83   0.94   0.01   0.03   0.15   1.00   0.88   0.02   0.41   0.15   0.14   0.05   0.54   0.98   0.91   0.99   0.00   0.20   0.04   0.37   0.59   0.57   0.02   0.93   0.97   0.89   0.88   0.45   0.80   0.82   0.65   0.88   0.15   0.97   0.43   0.27   0.77   0.27   0.27   0.27   0.24   0.94   0.91   0.98   0.80   0.02   0.56   0.92   
0.50   0.50   0.13   0.50   0.70   0.50   0.50   0.25   0.50   0.50   0.73   0.50   0.31   0.50   0.37   0.46   0.31   0.50   0.49   0.50   0.50   0.31   0.50   0.50   0.50   0.50   0.50   0.50   0.34   0.38   0.50   0.50   0.50   0.82   0.50   0.50   0.50   0.50   0.61   0.50   0.50   0.50   0.50   0.50   0.50   0.50   0.50   0.12   0.50   0.72   0.81   0.67   0.50   0.70   0.58   0.50   0.72   0.78   0.76   0.85   0.30   0.46   0.56   0.50   0.50   0.85   0.28   0.96   0.50   0.83   0.50   0.50   0.50   0.50   0.92   0.60   0.92   0.50   
0.80   0.80   0.01   0.03   0.80   0.01   0.03   0.04   0.80   0.03   0.97   0.80   0.12   0.80   0.92   0.07   0.18   0.03   0.83   0.80   0.80   0.10   0.80   0.03   0.99   0.80   0.80   0.01   0.36   0.02   0.96   0.97   0.80   0.12   0.80   0.99   0.95   0.80   0.79   0.03   0.80   0.80   0.04   0.99   0.98   0.99   0.03   0.02   0.03   0.82   0.95   0.94   0.03   0.99   0.99   0.96   0.98   0.91   0.98   0.99   0.46   0.96   0.13   0.99   0.95   0.91   0.84   0.98   0.03   0.89   0.03   0.99   0.90   0.99   0.99   0.01   0.99   0.99   

5.00   5.00   5.00   5.00   5.00   5.00   5.00   5.00   5.00   5.00   5.00   5.00   5.00   5.00   5.00   5.00   5.00   5.00   5.00   5.00   5.00   5.00   5.00   5.00   5.00   5.00   5.00   5.00   5.00   5.00   5.00   5.00   5.00   5.00   5.00   5.00   5.00   5.00   5.00   5.00   5.00   5.00   5.00   5.00   5.00   5.00   5.00   5.00   5.00   5.00   5.00   5.00   5.00   5.00   5.00   5.00   5.00   5.00   5.00   5.00   5.00   5.00   5.00   5.00   5.00   5.00   5.00   5.00   5.00   5.00   5.00   5.00   5.00   5.00   5.00   5.00   5.00   5.00   
0.03   0.05   0.05   0.15   0.29   0.10   0.07   0.15   0.03   0.52   0.81   0.10   0.22   0.18   0.80   0.09   0.30   0.00   0.55   0.02   0.10   0.24   0.71   0.04   0.86   0.00   0.01   0.01   0.30   0.03   0.87   0.95   0.01   0.03   0.13   1.00   0.90   0.02   0.39   0.14   0.13   0.04   0.68   0.96   0.93   0.97   0.00   0.18   0.04   0.33   0.54   0.71   0.02   0.95   0.95   0.92   0.86   0.62   0.85   0.79   0.62   0.86   0.13   0.98   0.59   0.29   0.83   0.29   0.29   0.27   0.41   0.96   0.93   0.99   0.86   0.02   0.70   0.93   
0.03   0.05   0.05   0.15   0.29   0.10   0.07   0.15   0.03   0.52   0.81   0.10   0.22   0.18   0.80   0.09   0.30   0.00   0.55   0.02   0.10   0.24   0.71   0.04   0.86   0.00   0.01   0.01   0.30   0.03   0.87   0.95   0.01   0.03   0.13   1.00   0.90   0.02   0.39   0.14   0.13   0.04   0.68   0.96   0.93   0.97   0.00   0.18   0.04   0.33   0.54   0.71   0.02   0.95   0.95   0.92   0.86   0.62   0.85   0.79   0.62   0.86   0.13   0.98   0.59   0.29   0.83   0.29   0.29   0.27   0.41   0.96   0.93   0.99   0.86   0.02   0.70   0.93   
0.50   0.50   0.10   0.50   0.67   0.50   0.50   0.21   0.50   0.50   0.70   0.50   0.27   0.50   0.32   0.41   0.27   0.50   0.45   0.50   0.50   0.27   0.50   0.50   0.50   0.50   0.50   0.50   0.29   0.33   0.50   0.50   0.50   0.80   0.50   0.50   0.50   0.50   0.57   0.50   0.50   0.50   0.50   0.50   0.50   0.50   0.50   0.09   0.50   0.69   0.79   0.64   0.50   0.67   0.53   0.50   0.69   0.75   0.74   0.84   0.25   0.41   0.51   0.50   0.50   0.84   0.24   0.96   0.50   0.81   0.50   0.50   0.50   0.50   0.91   0.56   0.91   0.50   
0.77   0.77   0.00   0.03   0.45   0.01   0.03   0.03   0.77   0.03   0.97   0.77   0.08   0.77   0.84   0.05   0.11   0.03   0.49   0.77   0.77   0.07   0.77   0.03   0.99   0.77   0.77   0.01   0.24   0.01   0.96   0.97   0.77   0.10   0.77   0.99   0.94   0.77   0.70   0.03   0.77   0.77   0.03   0.99   0.97   0.99   0.03   0.02   0.03   0.72   0.91   0.94   0.03   0.99   0.98   0.96   0.97   0.93   0.98   0.98   0.33   0.92   0.10   0.99   0.94   0.87   0.82   0.97   0.03   0.82   0.03   0.99   0.88   0.99   0.99   0.01   0.99   0.99   

5.00   5.00   5.00   5.00   5.00   5.00   5.00   5.00   5.00   5.00   5.00   5.00   5.00   5.00   5.00   5.00   5.00   5.00   5.00   5.00   5.00   5.00   5.00   5.00   5.00   5.00   5.00   5.00   5.00   5.00   5.00   5.00   5.00   5.00   5.00   5.00   5.00   5.00   5.00   5.00   5.00   5.00   5.00   5.00   5.00   5.00   5.00   5.00   5.00   5.00   5.00   5.00   5.00   5.00   5.00   5.00   5.00   5.00   5.00   5.00   5.00   5.00   5.00   5.00   5.00   5.00   5.00   5.00   5.00   5.00   5.00   5.00   5.00   5.00   5.00   5.00   5.00   5.00   
0.02   0.05   0.04   0.14   0.28   0.08   0.05   0.12   0.03   0.48   0.76   0.07   0.18   0.15   0.80   0.07   0.36   0.00   0.62   0.01   0.09   0.20   0.75   0.04   0.89   0.00   0.01   0.01   0.24   0.02   0.85   0.96   0.01   0.02   0.10   1.00   0.88   0.01   0.33   0.20   0.11   0.03   0.73   0.96   0.94   0.96   0.00   0.15   0.09   0.30   0.58   0.76   0.06   0.96   0.95   0.93   0.87   0.59   0.82   0.77   0.57   0.84   0.10   0.97   0.58   0.28   0.85   0.28   0.38   0.34   0.46   0.96   0.94   0.99   0.87   0.06   0.74   0.94   
0.02   0.05   0.04   0.14   0.28   0.08   0.05   0.12   0.03   0.48   0.76   0.07   0.18   0.15   0.80   0.07   0.36   0.00   0.62   0.01   0.09   0.20   0.75   0.04   0.89   0.00   0.01   0.01   0.24   0.02   0.85   0.96   0.01   0.02   0.10   1.00   0.88   0.01   0.33   0.20   0.11   0.03   0.73   0.96   0.94   0.96   0.00   0.15   0.09   0.30   0.58   0.76   0.06   0.96   0.95   0.93   0.87   0.59   0.82   0.77   0.57   0.84   0.10   0.97   0.58   0.28   0.85   0.28   0.38   0.34   0.46   0.96   0.94   0.99   0.87   0.06   0.74   0.94   
0.50   0.50   0.50   0.50   0.69   0.50   0.50   0.19   0.50   0.50   0.65   0.50   0.20   0.50   0.42   0.42   0.23   0.50   0.43   0.50   0.50   0.30   0.50   0.50   0.50   0.50   0.50   0.50   0.32   0.37   0.50   0.50   0.50   0.78   0.50   0.50   0.50   0.50   0.58   0.50   0.50   0.50   0.50   0.50   0.50   0.50   0.50   0.13   0.50   0.73   0.78   0.71   0.50   0.69   0.52   0.50   0.66   0.78   0.78   0.87   0.42   0.41   0.51   0.50   0.50   0.85   0.19   0.96   0.50   0.85   0.50   0.50   0.50   0.50   0.50   0.63   0.92   0.50   
0.77   0.77   0.04   0.03   0.45   0.01   0.03   0.02   0.77   0.03   0.94   0.77   0.04   0.77   0.89   0.04   0.13   0.03   0.76   0.77   0.77   0.06   0.77   0.03   0.99   0.77   0.77   0.01   0.17   0.01   0.96   0.97   0.77   0.07   0.77   0.99   0.93   0.77   0.33   0.03   0.77   0.77   0.04   0.99   0.97   0.99   0.03   0.02   0.03   0.73   0.92   0.96   0.03   0.99   0.98   0.96   0.97   0.92   0.98   0.98   0.44   0.91   0.07   0.99   0.93   0.87   0.79   0.96   0.03   0.90   0.03   0.99   0.89   0.99   0.93   0.04   0.99   0.99   

5.00   5.00   5.00   5.00   5.00   5.00   5.00   5.00   5.00   5.00   5.00   5.00   5.00   5.00   5.00   5.00   5.00   5.00   5.00   5.00   5.00   5.00   5.00   5.00   5.00   5.00   5.00   5.00   5.00   5.00   5.00   5.00   5.00   5.00   5.00   5.00   5.00   5.00   5.00   5.00   5.00   5.00   5.00   5.00   5.00   5.00   5.00   5.00   5.00   5.00   5.00   5.00   5.00   5.00   5.00   5.00   5.00   5.00   5.00   5.00   5.00   5.00   5.00   5.00   5.00   5.00   5.00   5.00   5.00   5.00   5.00   5.00   5.00   5.00   5.00   5.00   5.00   5.00   
0.02   0.06   0.04   0.15   0.30   0.09   0.06   0.13   0.03   0.51   0.78   0.08   0.19   0.16   0.82   0.07   0.38   0.00   0.64   0.01   0.09   0.21   0.77   0.04   0.90   0.00   0.01   0.01   0.25   0.02   0.86   0.96   0.01   0.02   0.11   1.00   0.89   0.01   0.34   0.21   0.11   0.03   0.75   0.96   0.94   0.97   0.00   0.16   0.09   0.36   0.60   0.78   0.06   0.96   0.96   0.94   0.88   0.61   0.85   0.80   0.59   0.85   0.11   0.97   0.60   0.30   0.86   0.30   0.41   0.36   0.48   0.96   0.95   0.99   0.89   0.08   0.76   0.94   
0.02   0.06   0.04   0.15   0.30   0.09   0.06   0.13   0.03   0.51   0.78   0.08   0.19   0.16   0.82   0.07   0.38   0.00   0.64   0.01   0.09   0.21   0.77   0.04   0.90   0.00   0.01   0.01   0.25   0.02   0.86   0.96   0.01   0.02   0.11   1.00   0.89   0.01   0.34   0.21   0.11   0.03   0.75   0.96   0.94   0.97   0.00   0.16   0.09   0.36   0.60   0.78   0.06   0.96   0.96   0.94   0.88   0.61   0.85   0.80   0.59   0.85   0.11   0.97   0.60   0.30   0.86   0.30   0.41   0.36   0.48   0.96   0.95   0.99   0.89   0.08   0.76   0.94   
0.50   0.50   0.50   0.50   0.70   0.50   0.50   0.21   0.50   0.50   0.67   0.50   0.22   0.50   0.44   0.45   0.25   0.50   0.46   0.50   0.50   0.33   0.50   0.50   0.50   0.50   0.50   0.50   0.35   0.40   0.50   0.50   0.50   0.79   0.50   0.50   0.50   0.50   0.60   0.50   0.50   0.50   0.50   0.50   0.50   0.50   0.50   0.14   0.50   0.74   0.79   0.72   0.50   0.70   0.54   0.50   0.67   0.79   0.79   0.87   0.45   0.43   0.54   0.50   0.50   0.86   0.21   0.96   0.50   0.86   0.50   0.50   0.50   0.50   0.50   0.65   0.92   0.50   
0.80   0.80   0.05   0.03   0.77   0.01   0.03   0.03   0.80   0.03   0.96   0.80   0.06   0.80   0.92   0.06   0.19   0.03   0.82   0.80   0.80   0.08   0.80   0.03   0.99   0.80   0.80   0.01   0.25   0.02   0.97   0.98   0.80   0.10   0.80   0.99   0.94   0.80   0.71   0.03   0.80   0.80   0.04   0.99   0.98   0.99   0.03   0.02   0.03   0.76   0.93   0.97   0.03   0.99   0.99   0.97   0.98   0.95   0.98   0.98   0.75   0.94   0.10   0.99   0.94   0.91   0.85   0.97   0.03   0.92   0.03   0.99   0.90   0.99   0.95   0.03   0.99   0.99   

5.00   5.00   5.00   5.00   5.00   5.00   5.00   5.00   5.00   5.00   5.00   5.00   5.00   5.00   5.00   5.00   5.00   5.00   5.00   5.00   5.00   5.00   5.00   5.00   5.00   5.00   5.00   5.00   5.00   5.00   5.00   5.00   5.00   5.00   5.00   5.00   5.00   5.00   5.00   5.00   5.00   5.00   5.00   5.00   5.00   5.00   5.00   5.00   5.00   5.00   5.00   5.00   5.00   5.00   5.00   5.00   5.00   5.00   5.00   5.00   5.00   5.00   5.00   5.00   5.00   5.00   5.00   5.00   5.00   5.00   5.00   5.00   5.00   5.00   5.00   5.00   5.00   5.00   
0.02   0.06   0.04   0.14   0.30   0.08   0.05   0.12   0.04   0.46   0.72   0.07   0.16   0.14   0.76   0.06   0.35   0.00   0.60   0.01   0.08   0.18   0.72   0.04   0.91   0.00   0.01   0.01   0.21   0.02   0.88   0.97   0.01   0.02   0.09   1.00   0.91   0.01   0.30   0.20   0.10   0.03   0.71   0.94   0.95   0.97   0.00   0.14   0.10   0.50   0.56   0.75   0.07   0.96   0.94   0.95   0.85   0.57   0.82   0.76   0.54   0.82   0.09   0.95   0.69   0.30   0.83   0.47   0.56   0.35   0.44   0.97   0.96   0.99   0.86   0.09   0.81   0.92   
0.02   0.06   0.04   0.14   0.30   0.08   0.05   0.12   0.04   0.46   0.72   0.07   0.16   0.14   0.76   0.06   0.35   0.00   0.60   0.01   0.08   0.18   0.72   0.04   0.91   0.00   0.01   0.01   0.21   0.02   0.88   0.97   0.01   0.02   0.09   1.00   0.91   0.01   0.30   0.20   0.10   0.03   0.71   0.94   0.95   0.97   0.00   0.14   0.10   0.50   0.56   0.75   0.07   0.96   0.94   0.95   0.85   0.57   0.82   0.76   0.54   0.82   0.09   0.95   0.69   0.30   0.83   0.47   0.56   0.35   0.44   0.97   0.96   0.99   0.86   0.09   0.81   0.92   
0.50   0.50   0.50   0.50   0.69   0.50   0.50   0.19   0.50   0.50   0.66   0.50   0.21   0.50   0.43   0.43   0.24   0.50   0.44   0.50   0.50   0.31   0.50   0.50   0.50   0.50   0.50   0.50   0.33   0.38   0.50   0.50   0.50   0.79   0.50   0.50   0.50   0.50   0.59   0.50   0.50   0.50   0.50   0.50   0.50   0.50   0.50   0.13   0.50   0.73   0.78   0.71   0.50   0.69   0.52   0.50   0.66   0.78   0.78   0.87   0.43   0.41   0.52   0.50   0.50   0.86   0.19   0.96   0.50   0.85   0.50   0.50   0.50   0.50   0.50   0.63   0.92   0.50   
0.77   0.77   0.04   0.03   0.45   0.01   0.03   0.02   0.77   0.03   0.94   0.77   0.04   0.77   0.88   0.04   0.13   0.03   0.75   0.77   0.77   0.06   0.77   0.03   0.99   0.77   0.77   0.01   0.16   0.01   0.96   0.97   0.77   0.08   0.77   0.99   0.93   0.77   0.33   0.03   0.77   0.77   0.04   0.99   0.97   0.99   0.03   0.02   0.03   0.81   0.92   0.96   0.03   0.99   0.98   0.96   0.97   0.92   0.97   0.98   0.43   0.91   0.07   0.99   0.93   0.87   0.79   0.98   0.03   0.90   0.03   0.99   0.88   0.99   0.93   0.03   0.99   0.99   

5.00   5.00   5.00   5.00   5.00   5.00   5.00   5.00   5.00   5.00   5.00   5.00   5.00   5.00   5.00   5.00   5.00   5.00   5.00   5.00   5.00   5.00   5.00   5.00   5.00   5.00   5.00   5.00   5.00   5.00   5.00   5.00   5.00   5.00   5.00   5.00   5.00   5.00   5.00   5.00   5.00   5.00   5.00   5.00   5.00   5.00   5.00   5.00   5.00   5.00   5.00   5.00   5.00   5.00   5.00   5.00   5.00   5.00   5.00   5.00   5.00   5.00   5.00   5.00   5.00   5.00   5.00   5.00   5.00   5.00   5.00   5.00   5.00   5.00   5.00   5.00   5.00   5.00   
0.02   0.06   0.04   0.14   0.30   0.08   0.05   0.12   0.04   0.46   0.72   0.07   0.16   0.14   0.76   0.06   0.35   0.00   0.60   0.01   0.08   0.18   0.72   0.04   0.91   0.00   0.01   0.01   0.21   0.02   0.88   0.97   0.01   0.02   0.09   1.00   0.91   0.01   0.30   0.20   0.10   0.03   0.71   0.94   0.95   0.97   0.00   0.14   0.10   0.50   0.56   0.75   0.07   0.96   0.94   0.95   0.85   0.57   0.82   0.76   0.54   0.82   0.09   0.95   0.69   0.30   0.83   0.47   0.56   0.35   0.44   0.97   0.96   0.99   0.86   0.09   0.81   0.92   
0.02   0.06   0.04   0.14   0.30   0.08   0.05   0.12   0.04   0.46   0.72   0.07   0.16   0.14   0.76   0.06   0.35   0.00   0.60   0.01   0.08   0.18   0.72   0.04   0.91   0.00   0.01   0.01   0.21   0.02   0.88   0.97   0.01   0.02   0.09   1.00   0.91   0.01   0.30   0.20   0.10   0.03   0.71   0.94   0.95   0.97   0.00   0.14   0.10   0.50   0.56   0.75   0.07   0.96   0.94   0.95   0.85   0.57   0.82   0.76   0.54   0.82   0.09   0.95   0.69   0.30   0.83   0.47   0.56   0.35   0.44   0.97   0.96   0.99   0.86   0.09   0.81   0.92   
0.50   0.50   0.50   0.50   0.67   0.50   0.50   0.18   0.50   0.50   0.64   0.50   0.20   0.50   0.41   0.41   0.22   0.50   0.42   0.50   0.50   0.29   0.50   0.50   0.50   0.50   0.50   0.50   0.31   0.36   0.50   0.50   0.50   0.77   0.50   0.50   0.50   0.50   0.57   0.50   0.50   0.50   0.50   0.50   0.50   0.50   0.50   0.12   0.50   0.72   0.76   0.69   0.50   0.68   0.50   0.50   0.65   0.77   0.77   0.86   0.41   0.39   0.50   0.50   0.50   0.85   0.18   0.96   0.50   0.84   0.50   0.50   0.50   0.50   0.50   0.61   0.91   0.50   
0.77   0.77   0.04   0.03   0.43   0.01   0.03   0.02   0.77   0.03   0.93   0.77   0.04   0.77   0.87   0.04   0.12   0.03   0.70   0.77   0.77   0.05   0.77   0.03   0.99   0.77   0.77   0.01   0.15   0.01   0.96   0.97   0.77   0.07   0.77   0.99   0.93   0.77   0.31   0.03   0.77   0.77   0.04   0.99   0.97   0.99   0.03   0.02   0.03   0.80   0.91   0.96   0.03   0.99   0.98   0.96   0.96   0.92   0.97   0.97   0.41   0.90   0.06   0.99   0.93   0.86   0.77   0.98   0.03   0.88   0.03   0.99   0.88   0.99   0.93   0.03   0.99   0.99   

0.00   0.00   0.00   0.00   0.00   0.00   0.00   0.00   0.00   0.00   0.00   0.00   0.00   0.00   0.00   0.00   0.00   0.00   0.00   0.00   0.00   0.00   0.00   0.00   0.00   0.00   0.00   0.00   0.00   0.00   1.00   1.00   0.00   0.00   0.00   1.00   1.00   0.00   0.00   0.00   0.00   0.00   1.00   1.00   1.00   1.00   1.00   0.00   0.00   1.00   1.00   1.00   1.00   1.00   1.00   1.00   1.00   1.00   1.00   1.00   1.00   1.00   0.00   1.00   1.00   1.00   1.00   1.00   1.00   1.00   1.00   1.00   1.00   1.00   1.00   1.00   1.00   1.00   