5.00   5.00   5.00   5.00   5.00   5.00   5.00   5.00   5.00   5.00   5.00   5.00   5.00   5.00   5.00   5.00   5.00   5.00   5.00   5.00   5.00   5.00   5.00   5.00   5.00   5.00   5.00   5.00   5.00   5.00   5.00   5.00   5.00   5.00   5.00   5.00   5.00   5.00   5.00   5.00   5.00   5.00   5.00   5.00   5.00   5.00   5.00   5.00   5.00   5.00   5.00   5.00   5.00   5.00   5.00   5.00   5.00   5.00   5.00   5.00   5.00   5.00   5.00   5.00   5.00   5.00   5.00   5.00   5.00   5.00   5.00   5.00   5.00   5.00   5.00   5.00   5.00   5.00   
0.06   0.06   0.06   0.06   0.06   0.06   0.06   0.06   0.06   0.06   0.06   0.67   0.06   0.06   0.06   0.99   0.06   0.06   0.06   0.06   0.06   0.06   0.06   0.06   0.90   0.90   0.99   0.06   0.06   0.06   0.06   0.06   0.06   0.90   0.90   0.06   0.90   0.06   0.06   0.99   0.67   0.06   0.06   0.06   0.06   0.06   0.90   0.99   0.67   0.90   0.06   0.06   0.06   0.90   0.90   0.90   0.99   0.90   0.99   0.90   0.06   0.67   0.06   0.06   0.06   0.06   0.06   0.67   0.06   0.90   0.06   0.90   0.90   0.06   0.99   0.90   0.90   0.90   
0.06   0.06   0.06   0.06   0.06   0.06   0.06   0.06   0.06   0.06   0.06   0.67   0.06   0.06   0.06   0.99   0.06   0.06   0.06   0.06   0.06   0.06   0.06   0.06   0.90   0.90   0.99   0.06   0.06   0.06   0.06   0.06   0.06   0.90   0.90   0.06   0.90   0.06   0.06   0.99   0.67   0.06   0.06   0.06   0.06   0.06   0.90   0.99   0.67   0.90   0.06   0.06   0.06   0.90   0.90   0.90   0.99   0.90   0.99   0.90   0.06   0.67   0.06   0.06   0.06   0.06   0.06   0.67   0.06   0.90   0.06   0.90   0.90   0.06   0.99   0.90   0.90   0.90   
0.14   0.03   0.05   0.14   0.77   0.39   0.43   0.12   0.41   0.01   0.10   0.80   0.04   0.62   0.15   0.74   0.45   0.10   0.07   0.08   0.60   0.01   0.00   0.30   0.16   0.05   0.75   0.03   0.01   0.16   0.88   0.04   0.48   0.25   0.40   0.43   0.76   0.09   0.26   0.97   0.98   0.01   0.04   0.08   0.06   0.01   0.99   0.85   0.80   0.05   0.12   0.72   0.03   0.45   0.07   0.80   0.43   0.78   0.81   0.91   0.46   0.67   0.56   0.86   0.86   0.51   0.32   0.85   0.54   0.12   0.59   0.78   0.79   0.53   0.81   0.87   0.30   0.73   
0.01   0.00   0.00   0.01   0.87   0.03   0.03   0.01   0.03   0.00   0.01   0.98   0.00   0.77   0.01   1.00   0.04   0.00   0.00   0.00   0.75   0.00   0.00   0.02   0.69   0.12   1.00   0.00   0.00   0.01   0.94   0.00   0.04   0.80   0.89   0.03   0.97   0.00   0.02   1.00   1.00   0.00   0.00   0.00   0.00   0.00   1.00   1.00   0.98   0.13   0.01   0.83   0.00   0.91   0.18   0.98   0.98   0.98   1.00   0.99   0.04   0.97   0.72   0.92   0.92   0.04   0.02   0.99   0.70   0.29   0.74   0.98   0.98   0.68   1.00   0.99   0.83   0.97   

5.00   5.00   5.00   5.00   5.00   5.00   5.00   5.00   5.00   5.00   5.00   5.00   5.00   5.00   5.00   5.00   5.00   5.00   5.00   5.00   5.00   5.00   5.00   5.00   5.00   5.00   5.00   5.00   5.00   5.00   5.00   5.00   5.00   5.00   5.00   5.00   5.00   5.00   5.00   5.00   5.00   5.00   5.00   5.00   5.00   5.00   5.00   5.00   5.00   5.00   5.00   5.00   5.00   5.00   5.00   5.00   5.00   5.00   5.00   5.00   5.00   5.00   5.00   5.00   5.00   5.00   5.00   5.00   5.00   5.00   5.00   5.00   5.00   5.00   5.00   5.00   5.00   5.00   
0.33   0.03   0.33   0.03   0.33   0.03   0.33   0.33   0.33   0.03   0.33   0.95   0.33   0.33   0.03   0.98   0.33   0.03   0.33   0.03   0.03   0.03   0.03   0.33   0.06   0.50   0.98   0.03   0.03   0.03   0.33   0.33   0.33   0.06   0.06   0.33   0.50   0.33   0.33   0.98   0.95   0.03   0.03   0.03   0.33   0.33   0.06   0.98   0.16   0.06   0.03   0.03   0.33   0.06   0.06   0.50   0.19   0.06   0.98   0.06   0.03   0.95   0.03   0.03   0.33   0.33   0.33   0.16   0.03   0.06   0.03   0.06   0.50   0.03   0.98   0.50   0.06   0.06   
0.33   0.03   0.33   0.03   0.33   0.03   0.33   0.33   0.33   0.03   0.33   0.95   0.33   0.33   0.03   0.98   0.33   0.03   0.33   0.03   0.03   0.03   0.03   0.33   0.06   0.50   0.98   0.03   0.03   0.03   0.33   0.33   0.33   0.06   0.06   0.33   0.50   0.33   0.33   0.98   0.95   0.03   0.03   0.03   0.33   0.33   0.06   0.98   0.16   0.06   0.03   0.03   0.33   0.06   0.06   0.50   0.19   0.06   0.98   0.06   0.03   0.95   0.03   0.03   0.33   0.33   0.33   0.16   0.03   0.06   0.03   0.06   0.50   0.03   0.98   0.50   0.06   0.06   
0.09   0.50   0.50   0.06   0.69   0.28   0.53   0.50   0.47   0.50   0.50   0.88   0.50   0.52   0.07   0.50   0.31   0.50   0.50   0.50   0.53   0.50   0.50   0.12   0.23   0.06   0.50   0.50   0.50   0.07   0.89   0.50   0.28   0.32   0.50   0.57   0.92   0.50   0.27   0.50   0.50   0.50   0.50   0.50   0.50   0.50   0.50   0.50   0.68   0.06   0.50   0.76   0.50   0.36   0.07   0.91   0.55   0.90   0.50   0.99   0.80   0.68   0.69   0.92   0.96   0.71   0.39   0.93   0.57   0.16   0.84   0.91   0.81   0.75   0.50   0.94   0.33   0.94   
0.02   0.04   0.04   0.00   0.92   0.01   0.85   0.04   0.82   0.04   0.04   1.00   0.04   0.85   0.00   0.99   0.10   0.04   0.04   0.04   0.03   0.04   0.04   0.03   0.14   0.10   0.99   0.04   0.04   0.00   0.98   0.04   0.09   0.20   0.88   0.87   0.99   0.04   0.08   0.99   0.98   0.04   0.04   0.04   0.04   0.04   0.91   0.99   0.98   0.03   0.04   0.86   0.04   0.81   0.04   0.99   0.99   0.98   0.99   1.00   0.88   0.99   0.81   0.96   0.99   0.92   0.77   1.00   0.04   0.09   0.91   0.99   0.98   0.85   0.99   1.00   0.21   0.99   

5.00   5.00   5.00   5.00   5.00   5.00   5.00   5.00   5.00   5.00   5.00   5.00   5.00   5.00   5.00   5.00   5.00   5.00   5.00   5.00   5.00   5.00   5.00   5.00   5.00   5.00   5.00   5.00   5.00   5.00   5.00   5.00   5.00   5.00   5.00   5.00   5.00   5.00   5.00   5.00   5.00   5.00   5.00   5.00   5.00   5.00   5.00   5.00   5.00   5.00   5.00   5.00   5.00   5.00   5.00   5.00   5.00   5.00   5.00   5.00   5.00   5.00   5.00   5.00   5.00   5.00   5.00   5.00   5.00   5.00   5.00   5.00   5.00   5.00   5.00   5.00   5.00   5.00   
0.29   0.02   0.82   0.02   0.82   0.02   0.29   0.29   0.29   0.02   0.29   0.98   0.82   0.29   0.02   0.99   0.29   0.02   0.29   0.02   0.02   0.02   0.02   0.82   0.08   0.87   0.99   0.02   0.02   0.02   0.29   0.29   0.29   0.08   0.08   0.29   0.87   0.82   0.82   0.99   0.98   0.62   0.02   0.62   0.29   0.29   0.68   0.71   0.52   0.68   0.02   0.02   0.82   0.08   0.08   0.39   0.91   0.68   0.99   0.08   0.62   0.98   0.62   0.62   0.82   0.82   0.82   0.87   0.02   0.68   0.02   0.08   0.87   0.02   0.71   0.39   0.08   0.08   
0.29   0.02   0.82   0.02   0.82   0.02   0.29   0.29   0.29   0.02   0.29   0.98   0.82   0.29   0.02   0.99   0.29   0.02   0.29   0.02   0.02   0.02   0.02   0.82   0.08   0.87   0.99   0.02   0.02   0.02   0.29   0.29   0.29   0.08   0.08   0.29   0.87   0.82   0.82   0.99   0.98   0.62   0.02   0.62   0.29   0.29   0.68   0.71   0.52   0.68   0.02   0.02   0.82   0.08   0.08   0.39   0.91   0.68   0.99   0.08   0.62   0.98   0.62   0.62   0.82   0.82   0.82   0.87   0.02   0.68   0.02   0.08   0.87   0.02   0.71   0.39   0.08   0.08   
0.08   0.50   0.50   0.50   0.58   0.22   0.59   0.50   0.31   0.50   0.50   0.50   0.50   0.27   0.50   0.50   0.30   0.50   0.50   0.50   0.60   0.50   0.50   0.06   0.19   0.07   0.50   0.50   0.50   0.50   0.86   0.50   0.31   0.60   0.57   0.51   0.93   0.50   0.33   0.50   0.50   0.50   0.50   0.50   0.50   0.50   0.50   0.50   0.59   0.05   0.50   0.75   0.50   0.49   0.06   0.92   0.41   0.92   0.50   0.50   0.91   0.85   0.73   0.95   0.96   0.77   0.27   0.50   0.62   0.14   0.84   0.93   0.74   0.80   0.50   0.50   0.42   0.96   
0.01   0.04   0.04   0.03   0.91   0.01   0.65   0.04   0.07   0.04   0.04   0.97   0.04   0.06   0.03   0.99   0.06   0.04   0.04   0.04   0.04   0.04   0.04   0.14   0.08   0.25   0.99   0.04   0.04   0.03   0.89   0.04   0.07   0.73   0.71   0.14   0.99   0.04   0.77   0.99   0.97   0.04   0.04   0.04   0.04   0.04   0.90   0.99   0.89   0.13   0.04   0.08   0.04   0.26   0.02   0.97   0.98   0.99   0.99   0.87   0.98   1.00   0.93   0.99   0.99   0.96   0.72   0.96   0.04   0.33   0.80   0.96   0.97   0.76   0.99   0.92   0.21   0.98   

5.00   5.00   5.00   5.00   5.00   5.00   5.00   5.00   5.00   5.00   5.00   5.00   5.00   5.00   5.00   5.00   5.00   5.00   5.00   5.00   5.00   5.00   5.00   5.00   5.00   5.00   5.00   5.00   5.00   5.00   5.00   5.00   5.00   5.00   5.00   5.00   5.00   5.00   5.00   5.00   5.00   5.00   5.00   5.00   5.00   5.00   5.00   5.00   5.00   5.00   5.00   5.00   5.00   5.00   5.00   5.00   5.00   5.00   5.00   5.00   5.00   5.00   5.00   5.00   5.00   5.00   5.00   5.00   5.00   5.00   5.00   5.00   5.00   5.00   5.00   5.00   5.00   5.00   
0.14   0.02   0.55   0.02   0.55   0.02   0.14   0.14   0.14   0.02   0.21   0.92   0.55   0.14   0.02   0.99   0.14   0.02   0.14   0.02   0.08   0.02   0.02   0.55   0.13   0.89   0.99   0.02   0.02   0.02   0.14   0.14   0.14   0.13   0.13   0.14   0.71   0.55   0.55   0.97   0.92   0.30   0.02   0.30   0.14   0.14   0.37   0.37   0.18   0.37   0.02   0.02   0.55   0.06   0.06   0.19   0.65   0.37   0.97   0.06   0.30   0.97   0.30   0.30   0.55   0.55   0.55   0.54   0.02   0.37   0.02   0.06   0.89   0.02   0.37   0.19   0.06   0.06   
0.14   0.02   0.55   0.02   0.55   0.02   0.14   0.14   0.14   0.02   0.21   0.92   0.55   0.14   0.02   0.99   0.14   0.02   0.14   0.02   0.08   0.02   0.02   0.55   0.13   0.89   0.99   0.02   0.02   0.02   0.14   0.14   0.14   0.13   0.13   0.14   0.71   0.55   0.55   0.97   0.92   0.30   0.02   0.30   0.14   0.14   0.37   0.37   0.18   0.37   0.02   0.02   0.55   0.06   0.06   0.19   0.65   0.37   0.97   0.06   0.30   0.97   0.30   0.30   0.55   0.55   0.55   0.54   0.02   0.37   0.02   0.06   0.89   0.02   0.37   0.19   0.06   0.06   
0.05   0.50   0.50   0.50   0.66   0.14   0.69   0.50   0.47   0.50   0.50   0.50   0.50   0.14   0.50   0.50   0.21   0.50   0.50   0.50   0.59   0.50   0.50   0.04   0.22   0.05   0.50   0.50   0.50   0.50   0.82   0.50   0.30   0.64   0.57   0.47   0.50   0.50   0.28   0.50   0.50   0.50   0.50   0.50   0.50   0.50   0.50   0.50   0.58   0.07   0.50   0.69   0.50   0.64   0.04   0.92   0.36   0.89   0.50   0.50   0.92   0.50   0.60   0.89   0.50   0.67   0.13   0.50   0.66   0.12   0.79   0.95   0.67   0.78   0.50   0.50   0.35   0.95   
0.00   0.04   0.04   0.03   0.86   0.00   0.63   0.04   0.06   0.04   0.04   0.95   0.04   0.01   0.03   0.99   0.02   0.04   0.04   0.04   0.32   0.04   0.04   0.03   0.25   0.20   0.99   0.04   0.04   0.03   0.78   0.04   0.03   0.88   0.85   0.06   0.91   0.04   0.22   0.99   0.94   0.04   0.04   0.04   0.04   0.04   0.88   0.99   0.87   0.11   0.04   0.05   0.04   0.77   0.02   0.97   0.95   0.98   0.99   0.86   0.96   0.95   0.42   0.95   0.80   0.87   0.09   0.93   0.05   0.18   0.08   0.97   0.97   0.08   0.99   0.89   0.17   0.97   

5.00   5.00   5.00   5.00   5.00   5.00   5.00   5.00   5.00   5.00   5.00   5.00   5.00   5.00   5.00   5.00   5.00   5.00   5.00   5.00   5.00   5.00   5.00   5.00   5.00   5.00   5.00   5.00   5.00   5.00   5.00   5.00   5.00   5.00   5.00   5.00   5.00   5.00   5.00   5.00   5.00   5.00   5.00   5.00   5.00   5.00   5.00   5.00   5.00   5.00   5.00   5.00   5.00   5.00   5.00   5.00   5.00   5.00   5.00   5.00   5.00   5.00   5.00   5.00   5.00   5.00   5.00   5.00   5.00   5.00   5.00   5.00   5.00   5.00   5.00   5.00   5.00   5.00   
0.08   0.02   0.40   0.02   0.40   0.02   0.08   0.08   0.08   0.02   0.36   0.78   0.40   0.08   0.02   0.93   0.08   0.02   0.08   0.02   0.21   0.02   0.02   0.40   0.60   0.81   0.99   0.02   0.02   0.02   0.08   0.08   0.08   0.60   0.83   0.63   0.88   0.40   0.40   0.97   0.78   0.23   0.02   0.23   0.08   0.08   0.63   0.93   0.80   0.63   0.02   0.02   0.40   0.40   0.40   0.80   0.96   0.85   0.89   0.75   0.23   0.84   0.23   0.23   0.40   0.76   0.40   0.87   0.02   0.85   0.02   0.40   0.81   0.02   0.93   0.53   0.40   0.40   
0.08   0.02   0.40   0.02   0.40   0.02   0.08   0.08   0.08   0.02   0.36   0.78   0.40   0.08   0.02   0.93   0.08   0.02   0.08   0.02   0.21   0.02   0.02   0.40   0.60   0.81   0.99   0.02   0.02   0.02   0.08   0.08   0.08   0.60   0.83   0.63   0.88   0.40   0.40   0.97   0.78   0.23   0.02   0.23   0.08   0.08   0.63   0.93   0.80   0.63   0.02   0.02   0.40   0.40   0.40   0.80   0.96   0.85   0.89   0.75   0.23   0.84   0.23   0.23   0.40   0.76   0.40   0.87   0.02   0.85   0.02   0.40   0.81   0.02   0.93   0.53   0.40   0.40   
0.50   0.50   0.50   0.50   0.80   0.50   0.81   0.50   0.78   0.50   0.50   0.50   0.50   0.11   0.50   0.50   0.27   0.50   0.50   0.50   0.70   0.50   0.50   0.06   0.33   0.05   0.50   0.50   0.50   0.50   0.88   0.50   0.58   0.69   0.66   0.71   0.50   0.50   0.37   0.50   0.50   0.50   0.50   0.50   0.50   0.50   0.50   0.50   0.84   0.10   0.50   0.82   0.50   0.72   0.06   0.96   0.49   0.94   0.50   0.50   0.95   0.50   0.77   0.93   0.50   0.79   0.32   0.50   0.73   0.16   0.86   0.98   0.84   0.90   0.50   0.50   0.37   0.95   
0.07   0.04   0.04   0.03   0.91   0.02   0.81   0.04   0.77   0.04   0.04   0.97   0.04   0.01   0.03   0.99   0.03   0.04   0.04   0.04   0.20   0.04   0.04   0.04   0.21   0.10   0.99   0.04   0.04   0.03   0.88   0.04   0.10   0.84   0.95   0.93   0.93   0.04   0.28   0.99   0.96   0.04   0.04   0.04   0.04   0.04   0.89   0.99   0.99   0.12   0.04   0.09   0.04   0.41   0.02   0.99   0.98   1.00   0.99   0.87   0.97   0.97   0.88   0.96   0.85   0.97   0.23   0.96   0.06   0.71   0.12   0.99   0.97   0.85   0.99   0.91   0.14   0.97   

5.00   5.00   5.00   5.00   5.00   5.00   5.00   5.00   5.00   5.00   5.00   5.00   5.00   5.00   5.00   5.00   5.00   5.00   5.00   5.00   5.00   5.00   5.00   5.00   5.00   5.00   5.00   5.00   5.00   5.00   5.00   5.00   5.00   5.00   5.00   5.00   5.00   5.00   5.00   5.00   5.00   5.00   5.00   5.00   5.00   5.00   5.00   5.00   5.00   5.00   5.00   5.00   5.00   5.00   5.00   5.00   5.00   5.00   5.00   5.00   5.00   5.00   5.00   5.00   5.00   5.00   5.00   5.00   5.00   5.00   5.00   5.00   5.00   5.00   5.00   5.00   5.00   5.00   
0.10   0.02   0.53   0.02   0.53   0.02   0.10   0.10   0.10   0.02   0.50   0.85   0.53   0.10   0.02   0.95   0.10   0.02   0.10   0.02   0.32   0.02   0.02   0.53   0.73   0.87   0.99   0.02   0.02   0.02   0.10   0.10   0.10   0.73   0.89   0.75   0.92   0.53   0.53   0.98   0.85   0.34   0.02   0.34   0.10   0.10   0.75   0.96   0.87   0.75   0.02   0.02   0.52   0.56   0.56   0.88   0.97   0.90   0.93   0.84   0.34   0.89   0.34   0.34   0.53   0.84   0.53   0.92   0.02   0.90   0.02   0.56   0.87   0.02   0.96   0.67   0.56   0.56   
0.10   0.02   0.53   0.02   0.53   0.02   0.10   0.10   0.10   0.02   0.50   0.85   0.53   0.10   0.02   0.95   0.10   0.02   0.10   0.02   0.32   0.02   0.02   0.53   0.73   0.87   0.99   0.02   0.02   0.02   0.10   0.10   0.10   0.73   0.89   0.75   0.92   0.53   0.53   0.98   0.85   0.34   0.02   0.34   0.10   0.10   0.75   0.96   0.87   0.75   0.02   0.02   0.52   0.56   0.56   0.88   0.97   0.90   0.93   0.84   0.34   0.89   0.34   0.34   0.53   0.84   0.53   0.92   0.02   0.90   0.02   0.56   0.87   0.02   0.96   0.67   0.56   0.56   
0.50   0.50   0.50   0.50   0.65   0.50   0.77   0.50   0.49   0.50   0.50   0.50   0.50   0.07   0.50   0.50   0.14   0.50   0.50   0.50   0.57   0.50   0.50   0.03   0.40   0.04   0.50   0.50   0.50   0.50   0.75   0.50   0.53   0.54   0.59   0.66   0.50   0.50   0.25   0.50   0.50   0.50   0.50   0.50   0.50   0.50   0.50   0.50   0.52   0.09   0.50   0.76   0.50   0.75   0.06   0.50   0.29   0.50   0.50   0.50   0.88   0.50   0.64   0.90   0.50   0.60   0.13   0.50   0.60   0.07   0.82   0.95   0.65   0.85   0.50   0.50   0.32   0.95   
0.06   0.04   0.04   0.03   0.82   0.02   0.78   0.04   0.07   0.04   0.04   0.96   0.04   0.01   0.03   0.99   0.01   0.04   0.04   0.04   0.17   0.04   0.04   0.01   0.35   0.09   0.99   0.04   0.04   0.03   0.76   0.04   0.09   0.79   0.94   0.92   0.92   0.04   0.14   0.99   0.96   0.04   0.04   0.04   0.04   0.04   0.89   0.99   0.93   0.10   0.04   0.03   0.04   0.87   0.03   0.91   0.96   0.93   0.99   0.88   0.94   0.97   0.20   0.94   0.83   0.93   0.06   0.96   0.05   0.32   0.77   0.98   0.90   0.81   0.99   0.91   0.08   0.98   

5.00   5.00   5.00   5.00   5.00   5.00   5.00   5.00   5.00   5.00   5.00   5.00   5.00   5.00   5.00   5.00   5.00   5.00   5.00   5.00   5.00   5.00   5.00   5.00   5.00   5.00   5.00   5.00   5.00   5.00   5.00   5.00   5.00   5.00   5.00   5.00   5.00   5.00   5.00   5.00   5.00   5.00   5.00   5.00   5.00   5.00   5.00   5.00   5.00   5.00   5.00   5.00   5.00   5.00   5.00   5.00   5.00   5.00   5.00   5.00   5.00   5.00   5.00   5.00   5.00   5.00   5.00   5.00   5.00   5.00   5.00   5.00   5.00   5.00   5.00   5.00   5.00   5.00   
0.04   0.02   0.12   0.02   0.62   0.02   0.04   0.04   0.04   0.02   0.54   0.93   0.12   0.40   0.34   0.97   0.04   0.02   0.04   0.02   0.07   0.02   0.02   0.62   0.20   0.34   1.00   0.03   0.03   0.02   0.40   0.44   0.04   0.76   0.92   0.29   0.94   0.12   0.12   0.99   0.93   0.54   0.02   0.54   0.40   0.04   0.81   0.98   0.95   0.81   0.02   0.37   0.14   0.64   0.15   0.90   0.99   0.93   0.97   0.89   0.54   0.95   0.59   0.54   0.62   0.88   0.62   0.97   0.02   0.93   0.34   0.64   0.90   0.34   0.98   0.71   0.68   0.64   
0.04   0.02   0.12   0.02   0.62   0.02   0.04   0.04   0.04   0.02   0.54   0.93   0.12   0.40   0.34   0.97   0.04   0.02   0.04   0.02   0.07   0.02   0.02   0.62   0.20   0.34   1.00   0.03   0.03   0.02   0.40   0.44   0.04   0.76   0.92   0.29   0.94   0.12   0.12   0.99   0.93   0.54   0.02   0.54   0.40   0.04   0.81   0.98   0.95   0.81   0.02   0.37   0.14   0.64   0.15   0.90   0.99   0.93   0.97   0.89   0.54   0.95   0.59   0.54   0.62   0.88   0.62   0.97   0.02   0.93   0.34   0.64   0.90   0.34   0.98   0.71   0.68   0.64   
0.50   0.50   0.50   0.50   0.81   0.50   0.86   0.50   0.63   0.50   0.50   0.50   0.50   0.50   0.50   0.50   0.16   0.50   0.50   0.50   0.69   0.50   0.50   0.02   0.45   0.04   0.50   0.50   0.50   0.50   0.87   0.50   0.59   0.74   0.79   0.82   0.50   0.50   0.32   0.50   0.50   0.50   0.50   0.50   0.50   0.50   0.50   0.50   0.72   0.12   0.50   0.84   0.50   0.88   0.07   0.50   0.37   0.50   0.50   0.50   0.95   0.50   0.77   0.96   0.50   0.69   0.22   0.50   0.72   0.10   0.92   0.99   0.79   0.92   0.50   0.50   0.48   0.98   
0.03   0.04   0.04   0.04   0.94   0.03   0.64   0.04   0.04   0.04   0.04   0.98   0.04   0.02   0.04   0.99   0.00   0.04   0.04   0.04   0.08   0.04   0.04   0.02   0.14   0.01   0.99   0.04   0.04   0.04   0.93   0.04   0.03   0.93   0.98   0.88   0.94   0.04   0.05   0.99   0.98   0.04   0.04   0.04   0.04   0.04   0.92   0.99   0.99   0.21   0.04   0.95   0.04   0.97   0.01   0.94   0.99   0.96   0.99   0.92   0.99   0.98   0.95   0.99   0.85   0.96   0.19   0.98   0.06   0.46   0.96   1.00   0.98   0.96   0.99   0.92   0.86   0.99   

5.00   5.00   5.00   5.00   5.00   5.00   5.00   5.00   5.00   5.00   5.00   5.00   5.00   5.00   5.00   5.00   5.00   5.00   5.00   5.00   5.00   5.00   5.00   5.00   5.00   5.00   5.00   5.00   5.00   5.00   5.00   5.00   5.00   5.00   5.00   5.00   5.00   5.00   5.00   5.00   5.00   5.00   5.00   5.00   5.00   5.00   5.00   5.00   5.00   5.00   5.00   5.00   5.00   5.00   5.00   5.00   5.00   5.00   5.00   5.00   5.00   5.00   5.00   5.00   5.00   5.00   5.00   5.00   5.00   5.00   5.00   5.00   5.00   5.00   5.00   5.00   5.00   5.00   
0.04   0.02   0.13   0.02   0.53   0.02   0.04   0.04   0.04   0.02   0.51   0.84   0.13   0.36   0.31   0.95   0.04   0.02   0.22   0.02   0.09   0.02   0.02   0.53   0.56   0.68   1.00   0.03   0.03   0.02   0.62   0.39   0.04   0.75   0.94   0.37   0.95   0.13   0.13   0.99   0.91   0.47   0.02   0.47   0.36   0.04   0.87   0.95   0.88   0.87   0.02   0.34   0.15   0.81   0.47   0.93   0.96   0.95   0.96   0.85   0.47   0.93   0.72   0.47   0.74   0.79   0.53   0.95   0.02   0.90   0.57   0.81   0.92   0.57   0.98   0.70   0.68   0.81   
0.04   0.02   0.13   0.02   0.53   0.02   0.04   0.04   0.04   0.02   0.51   0.84   0.13   0.36   0.31   0.95   0.04   0.02   0.22   0.02   0.09   0.02   0.02   0.53   0.56   0.68   1.00   0.03   0.03   0.02   0.62   0.39   0.04   0.75   0.94   0.37   0.95   0.13   0.13   0.99   0.91   0.47   0.02   0.47   0.36   0.04   0.87   0.95   0.88   0.87   0.02   0.34   0.15   0.81   0.47   0.93   0.96   0.95   0.96   0.85   0.47   0.93   0.72   0.47   0.74   0.79   0.53   0.95   0.02   0.90   0.57   0.81   0.92   0.57   0.98   0.70   0.68   0.81   
0.50   0.50   0.50   0.50   0.83   0.50   0.76   0.50   0.61   0.50   0.50   0.50   0.50   0.50   0.50   0.50   0.50   0.50   0.50   0.50   0.65   0.50   0.50   0.02   0.54   0.08   0.50   0.50   0.50   0.50   0.81   0.50   0.56   0.71   0.87   0.84   0.50   0.50   0.22   0.50   0.50   0.50   0.50   0.50   0.50   0.50   0.50   0.50   0.53   0.11   0.50   0.89   0.50   0.83   0.08   0.50   0.33   0.50   0.50   0.50   0.95   0.50   0.50   0.97   0.50   0.64   0.07   0.50   0.76   0.14   0.92   0.50   0.76   0.91   0.50   0.50   0.53   0.50   
0.02   0.04   0.04   0.04   0.92   0.03   0.05   0.04   0.02   0.04   0.04   0.97   0.04   0.02   0.04   0.99   0.02   0.04   0.04   0.04   0.08   0.04   0.04   0.01   0.59   0.04   0.99   0.04   0.04   0.04   0.89   0.04   0.02   0.90   0.99   0.88   0.92   0.04   0.02   0.99   0.97   0.04   0.04   0.04   0.04   0.04   0.91   0.99   0.97   0.21   0.04   0.95   0.04   0.96   0.02   0.92   0.97   0.95   0.99   0.91   0.98   0.97   0.86   0.99   0.81   0.94   0.04   0.97   0.06   0.49   0.96   0.48   0.97   0.95   0.99   0.90   0.86   0.48   

5.00   5.00   5.00   5.00   5.00   5.00   5.00   5.00   5.00   5.00   5.00   5.00   5.00   5.00   5.00   5.00   5.00   5.00   5.00   5.00   5.00   5.00   5.00   5.00   5.00   5.00   5.00   5.00   5.00   5.00   5.00   5.00   5.00   5.00   5.00   5.00   5.00   5.00   5.00   5.00   5.00   5.00   5.00   5.00   5.00   5.00   5.00   5.00   5.00   5.00   5.00   5.00   5.00   5.00   5.00   5.00   5.00   5.00   5.00   5.00   5.00   5.00   5.00   5.00   5.00   5.00   5.00   5.00   5.00   5.00   5.00   5.00   5.00   5.00   5.00   5.00   5.00   5.00   
0.03   0.02   0.10   0.02   0.39   0.02   0.03   0.03   0.03   0.02   0.40   0.87   0.10   0.27   0.23   0.95   0.03   0.02   0.15   0.02   0.46   0.02   0.02   0.39   0.43   0.54   1.00   0.02   0.02   0.02   0.76   0.28   0.03   0.82   0.95   0.59   0.96   0.10   0.10   0.99   0.92   0.34   0.02   0.34   0.27   0.03   0.89   0.96   0.75   0.68   0.02   0.23   0.10   0.84   0.33   0.94   0.97   0.95   0.97   0.68   0.70   0.94   0.52   0.34   0.82   0.85   0.39   0.96   0.02   0.91   0.41   0.61   0.93   0.41   0.98   0.79   0.47   0.84   
0.03   0.02   0.10   0.02   0.39   0.02   0.03   0.03   0.03   0.02   0.40   0.87   0.10   0.27   0.23   0.95   0.03   0.02   0.15   0.02   0.46   0.02   0.02   0.39   0.43   0.54   1.00   0.02   0.02   0.02   0.76   0.28   0.03   0.82   0.95   0.59   0.96   0.10   0.10   0.99   0.92   0.34   0.02   0.34   0.27   0.03   0.89   0.96   0.75   0.68   0.02   0.23   0.10   0.84   0.33   0.94   0.97   0.95   0.97   0.68   0.70   0.94   0.52   0.34   0.82   0.85   0.39   0.96   0.02   0.91   0.41   0.61   0.93   0.41   0.98   0.79   0.47   0.84   
0.50   0.50   0.50   0.50   0.82   0.50   0.75   0.50   0.59   0.50   0.50   0.50   0.50   0.50   0.50   0.50   0.50   0.50   0.50   0.50   0.64   0.50   0.50   0.02   0.53   0.07   0.50   0.50   0.50   0.50   0.80   0.50   0.54   0.69   0.86   0.83   0.50   0.50   0.22   0.50   0.50   0.50   0.50   0.50   0.50   0.50   0.50   0.50   0.52   0.10   0.50   0.88   0.50   0.82   0.08   0.50   0.32   0.50   0.50   0.50   0.95   0.50   0.48   0.96   0.50   0.63   0.07   0.50   0.74   0.14   0.91   0.50   0.74   0.90   0.50   0.50   0.52   0.50   
0.02   0.04   0.04   0.04   0.83   0.03   0.03   0.04   0.02   0.04   0.04   0.96   0.04   0.02   0.04   0.99   0.01   0.04   0.04   0.04   0.79   0.04   0.04   0.01   0.64   0.06   0.99   0.04   0.04   0.04   0.93   0.04   0.01   0.94   0.99   0.95   0.92   0.04   0.01   0.99   0.96   0.04   0.04   0.04   0.04   0.04   0.90   0.99   0.89   0.11   0.04   0.47   0.04   0.96   0.02   0.91   0.96   0.94   0.99   0.90   0.99   0.97   0.31   0.97   0.78   0.94   0.02   0.96   0.04   0.69   0.91   0.40   0.97   0.90   0.99   0.90   0.34   0.40   

5.00   5.00   5.00   5.00   5.00   5.00   5.00   5.00   5.00   5.00   5.00   5.00   5.00   5.00   5.00   5.00   5.00   5.00   5.00   5.00   5.00   5.00   5.00   5.00   5.00   5.00   5.00   5.00   5.00   5.00   5.00   5.00   5.00   5.00   5.00   5.00   5.00   5.00   5.00   5.00   5.00   5.00   5.00   5.00   5.00   5.00   5.00   5.00   5.00   5.00   5.00   5.00   5.00   5.00   5.00   5.00   5.00   5.00   5.00   5.00   5.00   5.00   5.00   5.00   5.00   5.00   5.00   5.00   5.00   5.00   5.00   5.00   5.00   5.00   5.00   5.00   5.00   5.00   
0.03   0.02   0.09   0.02   0.36   0.02   0.03   0.03   0.03   0.02   0.36   0.91   0.09   0.24   0.21   0.94   0.03   0.02   0.12   0.02   0.40   0.02   0.02   0.36   0.39   0.50   1.00   0.02   0.02   0.02   0.71   0.25   0.03   0.87   0.93   0.55   0.94   0.09   0.09   0.98   0.90   0.55   0.02   0.32   0.24   0.03   0.92   0.97   0.84   0.78   0.02   0.22   0.09   0.82   0.30   0.91   0.98   0.96   0.97   0.79   0.67   0.93   0.49   0.32   0.78   0.83   0.36   0.97   0.02   0.89   0.37   0.59   0.91   0.37   0.97   0.76   0.64   0.82   
0.03   0.02   0.09   0.02   0.36   0.02   0.03   0.03   0.03   0.02   0.36   0.91   0.09   0.24   0.21   0.94   0.03   0.02   0.12   0.02   0.40   0.02   0.02   0.36   0.39   0.50   1.00   0.02   0.02   0.02   0.71   0.25   0.03   0.87   0.93   0.55   0.94   0.09   0.09   0.98   0.90   0.55   0.02   0.32   0.24   0.03   0.92   0.97   0.84   0.78   0.02   0.22   0.09   0.82   0.30   0.91   0.98   0.96   0.97   0.79   0.67   0.93   0.49   0.32   0.78   0.83   0.36   0.97   0.02   0.89   0.37   0.59   0.91   0.37   0.97   0.76   0.64   0.82   
0.50   0.50   0.50   0.50   0.76   0.50   0.74   0.50   0.51   0.50   0.50   0.50   0.50   0.50   0.50   0.50   0.50   0.50   0.50   0.50   0.63   0.50   0.50   0.50   0.52   0.06   0.50   0.50   0.50   0.50   0.76   0.50   0.49   0.70   0.85   0.80   0.50   0.50   0.20   0.50   0.50   0.50   0.50   0.50   0.50   0.50   0.50   0.50   0.37   0.12   0.50   0.84   0.50   0.80   0.08   0.50   0.28   0.50   0.50   0.50   0.95   0.50   0.48   0.96   0.50   0.57   0.08   0.50   0.70   0.09   0.90   0.50   0.64   0.92   0.50   0.50   0.46   0.50   
0.02   0.03   0.03   0.04   0.80   0.03   0.03   0.03   0.01   0.03   0.03   0.97   0.03   0.02   0.04   0.99   0.01   0.03   0.03   0.03   0.24   0.03   0.03   0.25   0.16   0.02   0.99   0.03   0.03   0.04   0.87   0.03   0.01   0.96   0.99   0.86   0.92   0.03   0.01   0.99   0.97   0.03   0.03   0.03   0.03   0.03   0.91   0.99   0.94   0.29   0.03   0.86   0.03   0.95   0.01   0.92   0.98   0.95   0.99   0.91   0.98   0.97   0.38   0.97   0.81   0.91   0.03   0.97   0.04   0.36   0.90   0.43   0.94   0.92   0.99   0.90   0.84   0.43   

5.00   5.00   5.00   5.00   5.00   5.00   5.00   5.00   5.00   5.00   5.00   5.00   5.00   5.00   5.00   5.00   5.00   5.00   5.00   5.00   5.00   5.00   5.00   5.00   5.00   5.00   5.00   5.00   5.00   5.00   5.00   5.00   5.00   5.00   5.00   5.00   5.00   5.00   5.00   5.00   5.00   5.00   5.00   5.00   5.00   5.00   5.00   5.00   5.00   5.00   5.00   5.00   5.00   5.00   5.00   5.00   5.00   5.00   5.00   5.00   5.00   5.00   5.00   5.00   5.00   5.00   5.00   5.00   5.00   5.00   5.00   5.00   5.00   5.00   5.00   5.00   5.00   5.00   
0.02   0.01   0.06   0.03   0.30   0.03   0.05   0.05   0.05   0.01   0.40   0.92   0.12   0.28   0.25   0.95   0.05   0.03   0.15   0.03   0.42   0.01   0.03   0.40   0.39   0.50   1.00   0.01   0.01   0.01   0.66   0.20   0.02   0.87   0.93   0.57   0.94   0.06   0.06   0.98   0.91   0.46   0.01   0.36   0.20   0.05   0.91   0.97   0.84   0.72   0.03   0.25   0.12   0.76   0.23   0.91   0.98   0.94   0.97   0.78   0.68   0.93   0.50   0.36   0.79   0.84   0.40   0.97   0.01   0.90   0.30   0.50   0.91   0.30   0.97   0.76   0.55   0.76   
0.02   0.01   0.06   0.03   0.30   0.03   0.05   0.05   0.05   0.01   0.40   0.92   0.12   0.28   0.25   0.95   0.05   0.03   0.15   0.03   0.42   0.01   0.03   0.40   0.39   0.50   1.00   0.01   0.01   0.01   0.66   0.20   0.02   0.87   0.93   0.57   0.94   0.06   0.06   0.98   0.91   0.46   0.01   0.36   0.20   0.05   0.91   0.97   0.84   0.72   0.03   0.25   0.12   0.76   0.23   0.91   0.98   0.94   0.97   0.78   0.68   0.93   0.50   0.36   0.79   0.84   0.40   0.97   0.01   0.90   0.30   0.50   0.91   0.30   0.97   0.76   0.55   0.76   
0.50   0.50   0.50   0.50   0.79   0.50   0.77   0.50   0.54   0.50   0.50   0.50   0.50   0.50   0.50   0.50   0.50   0.50   0.50   0.50   0.66   0.50   0.50   0.50   0.55   0.06   0.50   0.50   0.50   0.50   0.79   0.50   0.52   0.73   0.87   0.83   0.50   0.50   0.21   0.50   0.50   0.50   0.50   0.50   0.50   0.50   0.50   0.50   0.40   0.12   0.50   0.86   0.50   0.83   0.08   0.50   0.30   0.50   0.50   0.50   0.96   0.50   0.51   0.97   0.50   0.60   0.08   0.50   0.73   0.10   0.92   0.50   0.67   0.93   0.50   0.50   0.49   0.50   
0.02   0.03   0.03   0.04   0.74   0.03   0.61   0.03   0.11   0.03   0.03   0.97   0.03   0.02   0.04   0.99   0.02   0.03   0.03   0.03   0.83   0.03   0.03   0.25   0.68   0.06   0.99   0.03   0.03   0.04   0.87   0.03   0.01   0.97   0.99   0.95   0.93   0.03   0.01   0.99   0.97   0.03   0.03   0.03   0.03   0.03   0.91   0.99   0.91   0.15   0.03   0.89   0.03   0.93   0.01   0.92   0.98   0.94   0.99   0.91   0.99   0.97   0.46   0.98   0.82   0.94   0.05   0.97   0.03   0.45   0.86   0.42   0.96   0.89   0.99   0.91   0.46   0.42   

5.00   5.00   5.00   5.00   5.00   5.00   5.00   5.00   5.00   5.00   5.00   5.00   5.00   5.00   5.00   5.00   5.00   5.00   5.00   5.00   5.00   5.00   5.00   5.00   5.00   5.00   5.00   5.00   5.00   5.00   5.00   5.00   5.00   5.00   5.00   5.00   5.00   5.00   5.00   5.00   5.00   5.00   5.00   5.00   5.00   5.00   5.00   5.00   5.00   5.00   5.00   5.00   5.00   5.00   5.00   5.00   5.00   5.00   5.00   5.00   5.00   5.00   5.00   5.00   5.00   5.00   5.00   5.00   5.00   5.00   5.00   5.00   5.00   5.00   5.00   5.00   5.00   5.00   
0.01   0.02   0.08   0.05   0.31   0.05   0.03   0.07   0.03   0.01   0.42   0.92   0.08   0.30   0.27   0.95   0.03   0.02   0.11   0.05   0.44   0.02   0.05   0.41   0.41   0.44   1.00   0.01   0.01   0.01   0.60   0.14   0.01   0.84   0.91   0.58   0.94   0.04   0.04   0.98   0.92   0.39   0.02   0.29   0.15   0.03   0.92   0.96   0.85   0.73   0.05   0.27   0.08   0.78   0.25   0.92   0.98   0.94   0.97   0.79   0.70   0.94   0.52   0.38   0.80   0.85   0.32   0.97   0.02   0.90   0.32   0.52   0.91   0.24   0.97   0.77   0.57   0.72   
0.01   0.02   0.08   0.05   0.31   0.05   0.03   0.07   0.03   0.01   0.42   0.92   0.08   0.30   0.27   0.95   0.03   0.02   0.11   0.05   0.44   0.02   0.05   0.41   0.41   0.44   1.00   0.01   0.01   0.01   0.60   0.14   0.01   0.84   0.91   0.58   0.94   0.04   0.04   0.98   0.92   0.39   0.02   0.29   0.15   0.03   0.92   0.96   0.85   0.73   0.05   0.27   0.08   0.78   0.25   0.92   0.98   0.94   0.97   0.79   0.70   0.94   0.52   0.38   0.80   0.85   0.32   0.97   0.02   0.90   0.32   0.52   0.91   0.24   0.97   0.77   0.57   0.72   
0.50   0.50   0.50   0.50   0.75   0.50   0.73   0.50   0.51   0.50   0.50   0.50   0.50   0.50   0.50   0.50   0.50   0.50   0.50   0.50   0.62   0.50   0.50   0.50   0.51   0.06   0.50   0.50   0.50   0.50   0.75   0.50   0.49   0.69   0.84   0.79   0.50   0.50   0.21   0.50   0.50   0.50   0.50   0.50   0.50   0.50   0.50   0.50   0.38   0.12   0.50   0.82   0.50   0.79   0.09   0.50   0.29   0.50   0.50   0.50   0.94   0.50   0.47   0.95   0.50   0.56   0.08   0.50   0.69   0.10   0.89   0.50   0.63   0.91   0.50   0.50   0.46   0.50   
0.02   0.03   0.03   0.05   0.77   0.03   0.05   0.03   0.02   0.03   0.03   0.97   0.03   0.02   0.05   0.99   0.01   0.03   0.03   0.03   0.74   0.03   0.03   0.23   0.32   0.03   0.99   0.03   0.03   0.05   0.84   0.03   0.01   0.95   0.99   0.93   0.92   0.03   0.01   0.99   0.97   0.03   0.03   0.03   0.03   0.03   0.92   0.99   0.93   0.26   0.03   0.89   0.03   0.94   0.02   0.93   0.98   0.95   0.99   0.92   0.99   0.98   0.46   0.97   0.81   0.93   0.02   0.97   0.05   0.47   0.89   0.45   0.95   0.86   0.99   0.91   0.80   0.45   

5.00   5.00   5.00   5.00   5.00   5.00   5.00   5.00   5.00   5.00   5.00   5.00   5.00   5.00   5.00   5.00   5.00   5.00   5.00   5.00   5.00   5.00   5.00   5.00   5.00   5.00   5.00   5.00   5.00   5.00   5.00   5.00   5.00   5.00   5.00   5.00   5.00   5.00   5.00   5.00   5.00   5.00   5.00   5.00   5.00   5.00   5.00   5.00   5.00   5.00   5.00   5.00   5.00   5.00   5.00   5.00   5.00   5.00   5.00   5.00   5.00   5.00   5.00   5.00   5.00   5.00   5.00   5.00   5.00   5.00   5.00   5.00   5.00   5.00   5.00   5.00   5.00   5.00   
0.01   0.02   0.07   0.05   0.26   0.05   0.03   0.30   0.03   0.01   0.41   0.92   0.07   0.26   0.23   0.95   0.03   0.02   0.12   0.05   0.66   0.02   0.05   0.36   0.67   0.68   1.00   0.01   0.01   0.01   0.72   0.10   0.01   0.88   0.94   0.75   0.95   0.03   0.03   0.98   0.92   0.33   0.02   0.23   0.10   0.03   0.93   0.96   0.86   0.69   0.05   0.48   0.07   0.75   0.53   0.94   0.95   0.95   0.97   0.84   0.77   0.94   0.48   0.33   0.74   0.88   0.26   0.94   0.02   0.92   0.30   0.68   0.93   0.21   0.94   0.84   0.55   0.81   
0.01   0.02   0.07   0.05   0.26   0.05   0.03   0.30   0.03   0.01   0.41   0.92   0.07   0.26   0.23   0.95   0.03   0.02   0.12   0.05   0.66   0.02   0.05   0.36   0.67   0.68   1.00   0.01   0.01   0.01   0.72   0.10   0.01   0.88   0.94   0.75   0.95   0.03   0.03   0.98   0.92   0.33   0.02   0.23   0.10   0.03   0.93   0.96   0.86   0.69   0.05   0.48   0.07   0.75   0.53   0.94   0.95   0.95   0.97   0.84   0.77   0.94   0.48   0.33   0.74   0.88   0.26   0.94   0.02   0.92   0.30   0.68   0.93   0.21   0.94   0.84   0.55   0.81   
0.50   0.50   0.50   0.50   0.72   0.50   0.70   0.50   0.53   0.50   0.50   0.50   0.50   0.50   0.50   0.50   0.50   0.50   0.50   0.50   0.66   0.50   0.50   0.50   0.53   0.06   0.50   0.50   0.50   0.50   0.62   0.50   0.50   0.62   0.77   0.64   0.50   0.50   0.50   0.50   0.50   0.50   0.50   0.50   0.50   0.50   0.50   0.50   0.46   0.09   0.50   0.76   0.50   0.60   0.10   0.50   0.31   0.50   0.50   0.50   0.88   0.50   0.54   0.93   0.50   0.63   0.07   0.50   0.65   0.10   0.87   0.50   0.41   0.88   0.50   0.50   0.33   0.50   
0.05   0.78   0.78   0.05   0.26   0.03   0.13   0.78   0.07   0.78   0.78   0.98   0.78   0.04   0.05   0.99   0.02   0.78   0.78   0.78   0.91   0.78   0.78   0.60   0.82   0.12   0.99   0.78   0.78   0.05   0.82   0.78   0.01   0.96   0.99   0.93   0.94   0.78   0.03   0.99   0.98   0.78   0.78   0.78   0.78   0.78   0.92   0.99   0.95   0.08   0.78   0.89   0.78   0.80   0.05   0.93   0.95   0.95   0.99   0.92   0.98   0.98   0.42   0.95   0.85   0.96   0.02   0.98   0.03   0.69   0.75   0.40   0.92   0.72   0.99   0.92   0.22   0.40   

5.00   5.00   5.00   5.00   5.00   5.00   5.00   5.00   5.00   5.00   5.00   5.00   5.00   5.00   5.00   5.00   5.00   5.00   5.00   5.00   5.00   5.00   5.00   5.00   5.00   5.00   5.00   5.00   5.00   5.00   5.00   5.00   5.00   5.00   5.00   5.00   5.00   5.00   5.00   5.00   5.00   5.00   5.00   5.00   5.00   5.00   5.00   5.00   5.00   5.00   5.00   5.00   5.00   5.00   5.00   5.00   5.00   5.00   5.00   5.00   5.00   5.00   5.00   5.00   5.00   5.00   5.00   5.00   5.00   5.00   5.00   5.00   5.00   5.00   5.00   5.00   5.00   5.00   
0.01   0.02   0.06   0.05   0.23   0.05   0.03   0.26   0.03   0.01   0.37   0.91   0.11   0.30   0.27   0.95   0.05   0.02   0.11   0.05   0.62   0.02   0.05   0.33   0.62   0.63   1.00   0.01   0.01   0.01   0.68   0.09   0.01   0.86   0.92   0.71   0.94   0.03   0.03   0.99   0.92   0.29   0.02   0.27   0.14   0.05   0.92   0.97   0.84   0.64   0.08   0.49   0.07   0.74   0.47   0.94   0.94   0.94   0.97   0.83   0.75   0.93   0.43   0.30   0.74   0.88   0.30   0.92   0.02   0.92   0.26   0.64   0.92   0.18   0.93   0.84   0.49   0.78   
0.01   0.02   0.06   0.05   0.23   0.05   0.03   0.26   0.03   0.01   0.37   0.91   0.11   0.30   0.27   0.95   0.05   0.02   0.11   0.05   0.62   0.02   0.05   0.33   0.62   0.63   1.00   0.01   0.01   0.01   0.68   0.09   0.01   0.86   0.92   0.71   0.94   0.03   0.03   0.99   0.92   0.29   0.02   0.27   0.14   0.05   0.92   0.97   0.84   0.64   0.08   0.49   0.07   0.74   0.47   0.94   0.94   0.94   0.97   0.83   0.75   0.93   0.43   0.30   0.74   0.88   0.30   0.92   0.02   0.92   0.26   0.64   0.92   0.18   0.93   0.84   0.49   0.78   
0.50   0.50   0.50   0.50   0.77   0.50   0.75   0.50   0.57   0.50   0.50   0.50   0.50   0.50   0.50   0.50   0.50   0.50   0.50   0.50   0.71   0.50   0.50   0.50   0.57   0.06   0.50   0.50   0.50   0.50   0.66   0.50   0.50   0.67   0.82   0.69   0.50   0.50   0.50   0.50   0.50   0.50   0.50   0.50   0.50   0.50   0.50   0.50   0.49   0.08   0.50   0.81   0.50   0.65   0.09   0.50   0.32   0.50   0.50   0.50   0.91   0.50   0.58   0.96   0.50   0.68   0.06   0.50   0.69   0.09   0.91   0.50   0.44   0.92   0.50   0.50   0.34   0.50   
0.04   0.78   0.78   0.05   0.68   0.03   0.14   0.78   0.07   0.78   0.78   0.98   0.78   0.04   0.05   0.99   0.02   0.78   0.78   0.78   0.92   0.78   0.78   0.23   0.83   0.09   0.99   0.78   0.78   0.05   0.85   0.78   0.01   0.96   0.99   0.94   0.94   0.78   0.03   0.99   0.98   0.78   0.78   0.78   0.78   0.78   0.92   0.99   0.95   0.07   0.78   0.93   0.78   0.88   0.04   0.93   0.95   0.95   0.99   0.92   0.99   0.98   0.47   0.97   0.86   0.98   0.03   0.98   0.03   0.72   0.83   0.41   0.93   0.80   0.99   0.92   0.24   0.41   

5.00   5.00   5.00   5.00   5.00   5.00   5.00   5.00   5.00   5.00   5.00   5.00   5.00   5.00   5.00   5.00   5.00   5.00   5.00   5.00   5.00   5.00   5.00   5.00   5.00   5.00   5.00   5.00   5.00   5.00   5.00   5.00   5.00   5.00   5.00   5.00   5.00   5.00   5.00   5.00   5.00   5.00   5.00   5.00   5.00   5.00   5.00   5.00   5.00   5.00   5.00   5.00   5.00   5.00   5.00   5.00   5.00   5.00   5.00   5.00   5.00   5.00   5.00   5.00   5.00   5.00   5.00   5.00   5.00   5.00   5.00   5.00   5.00   5.00   5.00   5.00   5.00   5.00   
0.01   0.02   0.06   0.04   0.20   0.17   0.03   0.21   0.03   0.01   0.31   0.92   0.10   0.42   0.23   0.96   0.05   0.02   0.09   0.04   0.52   0.02   0.04   0.44   0.52   0.65   1.00   0.01   0.01   0.01   0.71   0.09   0.01   0.87   0.87   0.61   0.95   0.03   0.03   0.99   0.88   0.24   0.02   0.40   0.28   0.05   0.92   0.97   0.84   0.56   0.07   0.41   0.06   0.66   0.37   0.94   0.90   0.94   0.98   0.83   0.67   0.94   0.52   0.42   0.77   0.82   0.26   0.93   0.02   0.87   0.21   0.54   0.93   0.16   0.93   0.85   0.40   0.79   
0.01   0.02   0.06   0.04   0.20   0.17   0.03   0.21   0.03   0.01   0.31   0.92   0.10   0.42   0.23   0.96   0.05   0.02   0.09   0.04   0.52   0.02   0.04   0.44   0.52   0.65   1.00   0.01   0.01   0.01   0.71   0.09   0.01   0.87   0.87   0.61   0.95   0.03   0.03   0.99   0.88   0.24   0.02   0.40   0.28   0.05   0.92   0.97   0.84   0.56   0.07   0.41   0.06   0.66   0.37   0.94   0.90   0.94   0.98   0.83   0.67   0.94   0.52   0.42   0.77   0.82   0.26   0.93   0.02   0.87   0.21   0.54   0.93   0.16   0.93   0.85   0.40   0.79   
0.50   0.50   0.50   0.50   0.80   0.50   0.78   0.50   0.61   0.50   0.50   0.50   0.50   0.50   0.50   0.50   0.50   0.50   0.50   0.50   0.75   0.50   0.50   0.50   0.61   0.07   0.50   0.50   0.50   0.50   0.70   0.50   0.50   0.71   0.84   0.73   0.50   0.50   0.50   0.50   0.50   0.50   0.50   0.50   0.50   0.50   0.50   0.50   0.54   0.10   0.50   0.83   0.50   0.69   0.11   0.50   0.37   0.50   0.50   0.50   0.92   0.50   0.63   0.96   0.50   0.71   0.07   0.50   0.73   0.11   0.92   0.50   0.49   0.93   0.50   0.50   0.39   0.50   
0.04   0.79   0.79   0.05   0.31   0.03   0.16   0.79   0.08   0.79   0.79   0.98   0.79   0.04   0.05   0.99   0.02   0.79   0.79   0.79   0.93   0.79   0.79   0.19   0.86   0.17   0.99   0.79   0.79   0.05   0.90   0.79   0.01   0.97   0.99   0.95   0.94   0.79   0.03   0.99   0.98   0.79   0.79   0.79   0.79   0.79   0.92   0.99   0.97   0.08   0.79   0.94   0.79   0.87   0.05   0.93   0.95   0.95   0.99   0.93   0.99   0.98   0.84   0.98   0.86   0.97   0.03   0.98   0.03   0.72   0.84   0.38   0.95   0.81   0.99   0.92   0.25   0.38   

5.00   5.00   5.00   5.00   5.00   5.00   5.00   5.00   5.00   5.00   5.00   5.00   5.00   5.00   5.00   5.00   5.00   5.00   5.00   5.00   5.00   5.00   5.00   5.00   5.00   5.00   5.00   5.00   5.00   5.00   5.00   5.00   5.00   5.00   5.00   5.00   5.00   5.00   5.00   5.00   5.00   5.00   5.00   5.00   5.00   5.00   5.00   5.00   5.00   5.00   5.00   5.00   5.00   5.00   5.00   5.00   5.00   5.00   5.00   5.00   5.00   5.00   5.00   5.00   5.00   5.00   5.00   5.00   5.00   5.00   5.00   5.00   5.00   5.00   5.00   5.00   5.00   5.00   
0.01   0.02   0.06   0.05   0.21   0.18   0.03   0.22   0.03   0.01   0.33   0.92   0.10   0.45   0.25   0.97   0.05   0.02   0.10   0.05   0.58   0.02   0.05   0.47   0.55   0.68   1.00   0.01   0.01   0.01   0.73   0.10   0.01   0.88   0.89   0.65   0.95   0.03   0.03   0.99   0.89   0.30   0.02   0.47   0.30   0.05   0.93   0.97   0.86   0.59   0.08   0.44   0.07   0.69   0.40   0.95   0.91   0.95   0.98   0.85   0.70   0.94   0.55   0.45   0.79   0.84   0.32   0.93   0.02   0.89   0.23   0.58   0.93   0.17   0.94   0.87   0.47   0.81   
0.01   0.02   0.06   0.05   0.21   0.18   0.03   0.22   0.03   0.01   0.33   0.92   0.10   0.45   0.25   0.97   0.05   0.02   0.10   0.05   0.58   0.02   0.05   0.47   0.55   0.68   1.00   0.01   0.01   0.01   0.73   0.10   0.01   0.88   0.89   0.65   0.95   0.03   0.03   0.99   0.89   0.30   0.02   0.47   0.30   0.05   0.93   0.97   0.86   0.59   0.08   0.44   0.07   0.69   0.40   0.95   0.91   0.95   0.98   0.85   0.70   0.94   0.55   0.45   0.79   0.84   0.32   0.93   0.02   0.89   0.23   0.58   0.93   0.17   0.94   0.87   0.47   0.81   
0.50   0.50   0.50   0.50   0.78   0.50   0.77   0.50   0.60   0.50   0.50   0.50   0.50   0.50   0.50   0.50   0.50   0.50   0.50   0.50   0.73   0.50   0.50   0.50   0.59   0.07   0.50   0.50   0.50   0.50   0.68   0.50   0.50   0.69   0.83   0.71   0.50   0.50   0.50   0.50   0.50   0.50   0.50   0.50   0.50   0.50   0.50   0.50   0.52   0.10   0.50   0.82   0.50   0.67   0.11   0.50   0.35   0.50   0.50   0.50   0.92   0.50   0.61   0.96   0.50   0.70   0.07   0.50   0.71   0.11   0.91   0.50   0.47   0.92   0.50   0.50   0.37   0.50   
0.05   0.78   0.78   0.05   0.71   0.03   0.58   0.78   0.14   0.78   0.78   0.98   0.78   0.04   0.05   0.99   0.02   0.78   0.78   0.78   0.91   0.78   0.78   0.25   0.86   0.20   0.99   0.78   0.78   0.05   0.90   0.78   0.01   0.97   0.99   0.95   0.94   0.78   0.04   0.99   0.98   0.78   0.78   0.78   0.78   0.78   0.93   0.99   0.97   0.09   0.78   0.94   0.78   0.87   0.06   0.94   0.95   0.95   0.99   0.93   0.99   0.98   0.85   0.98   0.87   0.97   0.03   0.98   0.06   0.73   0.85   0.42   0.96   0.83   0.99   0.93   0.19   0.42   

5.00   5.00   5.00   5.00   5.00   5.00   5.00   5.00   5.00   5.00   5.00   5.00   5.00   5.00   5.00   5.00   5.00   5.00   5.00   5.00   5.00   5.00   5.00   5.00   5.00   5.00   5.00   5.00   5.00   5.00   5.00   5.00   5.00   5.00   5.00   5.00   5.00   5.00   5.00   5.00   5.00   5.00   5.00   5.00   5.00   5.00   5.00   5.00   5.00   5.00   5.00   5.00   5.00   5.00   5.00   5.00   5.00   5.00   5.00   5.00   5.00   5.00   5.00   5.00   5.00   5.00   5.00   5.00   5.00   5.00   5.00   5.00   5.00   5.00   5.00   5.00   5.00   5.00   
0.01   0.18   0.05   0.04   0.19   0.16   0.03   0.19   0.03   0.01   0.28   0.94   0.09   0.39   0.21   0.97   0.05   0.02   0.08   0.04   0.51   0.02   0.04   0.42   0.48   0.61   1.00   0.01   0.01   0.01   0.78   0.08   0.01   0.90   0.90   0.70   0.96   0.03   0.03   0.96   0.90   0.26   0.02   0.40   0.26   0.05   0.94   0.97   0.88   0.54   0.07   0.38   0.05   0.62   0.34   0.95   0.92   0.96   0.98   0.88   0.63   0.90   0.48   0.58   0.83   0.86   0.26   0.94   0.02   0.84   0.20   0.51   0.94   0.15   0.90   0.89   0.41   0.84   
0.01   0.18   0.05   0.04   0.19   0.16   0.03   0.19   0.03   0.01   0.28   0.94   0.09   0.39   0.21   0.97   0.05   0.02   0.08   0.04   0.51   0.02   0.04   0.42   0.48   0.61   1.00   0.01   0.01   0.01   0.78   0.08   0.01   0.90   0.90   0.70   0.96   0.03   0.03   0.96   0.90   0.26   0.02   0.40   0.26   0.05   0.94   0.97   0.88   0.54   0.07   0.38   0.05   0.62   0.34   0.95   0.92   0.96   0.98   0.88   0.63   0.90   0.48   0.58   0.83   0.86   0.26   0.94   0.02   0.84   0.20   0.51   0.94   0.15   0.90   0.89   0.41   0.84   
0.50   0.50   0.50   0.50   0.77   0.50   0.75   0.50   0.58   0.50   0.50   0.50   0.50   0.50   0.50   0.50   0.50   0.50   0.50   0.50   0.72   0.50   0.50   0.50   0.58   0.07   0.50   0.50   0.50   0.50   0.67   0.50   0.50   0.68   0.81   0.69   0.50   0.50   0.50   0.50   0.50   0.50   0.50   0.50   0.50   0.50   0.50   0.50   0.50   0.10   0.50   0.81   0.50   0.66   0.11   0.50   0.34   0.50   0.50   0.50   0.91   0.50   0.59   0.95   0.50   0.68   0.07   0.50   0.70   0.10   0.90   0.50   0.46   0.91   0.50   0.50   0.36   0.50   
0.04   0.80   0.80   0.05   0.28   0.03   0.14   0.80   0.07   0.80   0.80   0.98   0.80   0.04   0.05   0.99   0.02   0.80   0.80   0.80   0.82   0.80   0.80   0.19   0.71   0.10   0.99   0.80   0.80   0.05   0.92   0.80   0.01   0.97   0.99   0.95   0.93   0.80   0.03   0.99   0.98   0.80   0.80   0.80   0.80   0.80   0.92   0.99   0.97   0.05   0.80   0.88   0.80   0.77   0.03   0.93   0.95   0.95   0.99   0.92   0.97   0.98   0.77   0.99   0.87   0.97   0.01   0.98   0.04   0.37   0.77   0.30   0.95   0.75   0.99   0.92   0.11   0.30   

5.00   5.00   5.00   5.00   5.00   5.00   5.00   5.00   5.00   5.00   5.00   5.00   5.00   5.00   5.00   5.00   5.00   5.00   5.00   5.00   5.00   5.00   5.00   5.00   5.00   5.00   5.00   5.00   5.00   5.00   5.00   5.00   5.00   5.00   5.00   5.00   5.00   5.00   5.00   5.00   5.00   5.00   5.00   5.00   5.00   5.00   5.00   5.00   5.00   5.00   5.00   5.00   5.00   5.00   5.00   5.00   5.00   5.00   5.00   5.00   5.00   5.00   5.00   5.00   5.00   5.00   5.00   5.00   5.00   5.00   5.00   5.00   5.00   5.00   5.00   5.00   5.00   5.00   
0.01   0.16   0.05   0.04   0.17   0.21   0.02   0.18   0.02   0.01   0.26   0.93   0.08   0.37   0.20   0.96   0.04   0.02   0.07   0.04   0.54   0.02   0.04   0.39   0.46   0.59   1.00   0.01   0.01   0.01   0.76   0.08   0.01   0.89   0.89   0.68   0.95   0.02   0.02   0.96   0.91   0.31   0.02   0.38   0.24   0.04   0.95   0.97   0.88   0.51   0.06   0.36   0.05   0.60   0.33   0.94   0.91   0.95   0.98   0.86   0.61   0.89   0.46   0.55   0.80   0.85   0.24   0.94   0.02   0.82   0.18   0.54   0.93   0.13   0.89   0.87   0.39   0.82   
0.01   0.16   0.05   0.04   0.17   0.21   0.02   0.18   0.02   0.01   0.26   0.93   0.08   0.37   0.20   0.96   0.04   0.02   0.07   0.04   0.54   0.02   0.04   0.39   0.46   0.59   1.00   0.01   0.01   0.01   0.76   0.08   0.01   0.89   0.89   0.68   0.95   0.02   0.02   0.96   0.91   0.31   0.02   0.38   0.24   0.04   0.95   0.97   0.88   0.51   0.06   0.36   0.05   0.60   0.33   0.94   0.91   0.95   0.98   0.86   0.61   0.89   0.46   0.55   0.80   0.85   0.24   0.94   0.02   0.82   0.18   0.54   0.93   0.13   0.89   0.87   0.39   0.82   
0.50   0.50   0.50   0.50   0.80   0.50   0.78   0.50   0.61   0.50   0.50   0.50   0.50   0.50   0.50   0.50   0.50   0.50   0.50   0.50   0.75   0.50   0.50   0.50   0.61   0.06   0.50   0.50   0.50   0.50   0.70   0.50   0.50   0.71   0.84   0.73   0.50   0.50   0.50   0.50   0.50   0.50   0.50   0.50   0.50   0.50   0.50   0.50   0.53   0.10   0.50   0.84   0.50   0.69   0.10   0.50   0.36   0.50   0.50   0.50   0.93   0.50   0.63   0.96   0.50   0.71   0.07   0.50   0.73   0.10   0.92   0.50   0.48   0.93   0.50   0.50   0.38   0.50   
0.02   0.03   0.03   0.04   0.64   0.03   0.12   0.03   0.06   0.03   0.03   0.97   0.03   0.02   0.04   0.99   0.01   0.03   0.03   0.03   0.90   0.03   0.03   0.15   0.78   0.11   0.99   0.03   0.03   0.04   0.93   0.03   0.01   0.97   0.99   0.95   0.93   0.03   0.02   0.99   0.97   0.03   0.03   0.03   0.03   0.03   0.91   0.99   0.97   0.06   0.03   0.90   0.03   0.81   0.04   0.92   0.94   0.94   0.99   0.92   0.97   0.98   0.78   0.99   0.82   0.97   0.01   0.98   0.05   0.36   0.83   0.37   0.95   0.81   0.99   0.91   0.17   0.37   

5.00   5.00   5.00   5.00   5.00   5.00   5.00   5.00   5.00   5.00   5.00   5.00   5.00   5.00   5.00   5.00   5.00   5.00   5.00   5.00   5.00   5.00   5.00   5.00   5.00   5.00   5.00   5.00   5.00   5.00   5.00   5.00   5.00   5.00   5.00   5.00   5.00   5.00   5.00   5.00   5.00   5.00   5.00   5.00   5.00   5.00   5.00   5.00   5.00   5.00   5.00   5.00   5.00   5.00   5.00   5.00   5.00   5.00   5.00   5.00   5.00   5.00   5.00   5.00   5.00   5.00   5.00   5.00   5.00   5.00   5.00   5.00   5.00   5.00   5.00   5.00   5.00   5.00   
0.01   0.18   0.06   0.04   0.16   0.20   0.02   0.17   0.02   0.01   0.28   0.93   0.09   0.35   0.18   0.96   0.04   0.02   0.08   0.05   0.53   0.02   0.04   0.38   0.47   0.57   1.00   0.01   0.01   0.01   0.75   0.07   0.01   0.89   0.89   0.67   0.94   0.02   0.03   0.96   0.91   0.33   0.02   0.36   0.25   0.05   0.95   0.97   0.89   0.53   0.06   0.37   0.04   0.58   0.31   0.94   0.91   0.95   0.98   0.87   0.59   0.88   0.44   0.56   0.81   0.85   0.23   0.94   0.01   0.81   0.17   0.55   0.92   0.13   0.89   0.87   0.38   0.81   
0.01   0.18   0.06   0.04   0.16   0.20   0.02   0.17   0.02   0.01   0.28   0.93   0.09   0.35   0.18   0.96   0.04   0.02   0.08   0.05   0.53   0.02   0.04   0.38   0.47   0.57   1.00   0.01   0.01   0.01   0.75   0.07   0.01   0.89   0.89   0.67   0.94   0.02   0.03   0.96   0.91   0.33   0.02   0.36   0.25   0.05   0.95   0.97   0.89   0.53   0.06   0.37   0.04   0.58   0.31   0.94   0.91   0.95   0.98   0.87   0.59   0.88   0.44   0.56   0.81   0.85   0.23   0.94   0.01   0.81   0.17   0.55   0.92   0.13   0.89   0.87   0.38   0.81   
0.50   0.50   0.50   0.50   0.82   0.50   0.80   0.50   0.63   0.50   0.50   0.50   0.50   0.50   0.50   0.50   0.50   0.50   0.50   0.50   0.77   0.50   0.50   0.50   0.63   0.06   0.50   0.50   0.50   0.50   0.72   0.50   0.50   0.73   0.86   0.74   0.50   0.50   0.50   0.50   0.50   0.50   0.50   0.50   0.50   0.50   0.50   0.50   0.55   0.10   0.50   0.85   0.50   0.71   0.11   0.50   0.37   0.50   0.50   0.50   0.93   0.50   0.65   0.97   0.50   0.73   0.07   0.50   0.75   0.11   0.93   0.50   0.50   0.94   0.50   0.50   0.39   0.50   
0.02   0.03   0.03   0.04   0.64   0.03   0.13   0.03   0.06   0.03   0.03   0.97   0.03   0.02   0.04   0.99   0.01   0.03   0.03   0.03   0.89   0.03   0.03   0.14   0.85   0.10   0.99   0.03   0.03   0.04   0.92   0.03   0.01   0.98   0.99   0.94   0.93   0.03   0.02   0.99   0.97   0.03   0.03   0.03   0.03   0.03   0.91   0.99   0.98   0.12   0.03   0.94   0.03   0.80   0.04   0.92   0.93   0.95   0.99   0.92   0.97   0.98   0.78   0.99   0.81   0.98   0.01   0.98   0.05   0.33   0.84   0.38   0.94   0.82   0.99   0.91   0.18   0.38   

5.00   5.00   5.00   5.00   5.00   5.00   5.00   5.00   5.00   5.00   5.00   5.00   5.00   5.00   5.00   5.00   5.00   5.00   5.00   5.00   5.00   5.00   5.00   5.00   5.00   5.00   5.00   5.00   5.00   5.00   5.00   5.00   5.00   5.00   5.00   5.00   5.00   5.00   5.00   5.00   5.00   5.00   5.00   5.00   5.00   5.00   5.00   5.00   5.00   5.00   5.00   5.00   5.00   5.00   5.00   5.00   5.00   5.00   5.00   5.00   5.00   5.00   5.00   5.00   5.00   5.00   5.00   5.00   5.00   5.00   5.00   5.00   5.00   5.00   5.00   5.00   5.00   5.00   
0.01   0.18   0.06   0.04   0.16   0.20   0.02   0.17   0.02   0.01   0.28   0.93   0.09   0.35   0.18   0.96   0.04   0.02   0.08   0.05   0.53   0.02   0.04   0.38   0.47   0.57   1.00   0.01   0.01   0.01   0.75   0.07   0.01   0.89   0.89   0.67   0.94   0.02   0.03   0.96   0.91   0.33   0.02   0.36   0.25   0.05   0.95   0.97   0.89   0.53   0.06   0.37   0.04   0.58   0.31   0.94   0.91   0.95   0.98   0.87   0.59   0.88   0.44   0.56   0.81   0.85   0.23   0.94   0.01   0.81   0.17   0.55   0.92   0.13   0.89   0.87   0.38   0.81   
0.01   0.18   0.06   0.04   0.16   0.20   0.02   0.17   0.02   0.01   0.28   0.93   0.09   0.35   0.18   0.96   0.04   0.02   0.08   0.05   0.53   0.02   0.04   0.38   0.47   0.57   1.00   0.01   0.01   0.01   0.75   0.07   0.01   0.89   0.89   0.67   0.94   0.02   0.03   0.96   0.91   0.33   0.02   0.36   0.25   0.05   0.95   0.97   0.89   0.53   0.06   0.37   0.04   0.58   0.31   0.94   0.91   0.95   0.98   0.87   0.59   0.88   0.44   0.56   0.81   0.85   0.23   0.94   0.01   0.81   0.17   0.55   0.92   0.13   0.89   0.87   0.38   0.81   
0.50   0.50   0.50   0.50   0.80   0.50   0.78   0.50   0.61   0.50   0.50   0.50   0.50   0.50   0.50   0.50   0.50   0.50   0.50   0.50   0.74   0.50   0.50   0.50   0.61   0.06   0.50   0.50   0.50   0.50   0.70   0.50   0.50   0.70   0.84   0.72   0.50   0.50   0.50   0.50   0.50   0.50   0.50   0.50   0.50   0.50   0.50   0.50   0.53   0.10   0.50   0.83   0.50   0.68   0.11   0.50   0.36   0.50   0.50   0.50   0.92   0.50   0.62   0.96   0.50   0.71   0.07   0.50   0.72   0.10   0.92   0.50   0.48   0.93   0.50   0.50   0.38   0.50   
0.02   0.03   0.03   0.04   0.23   0.03   0.10   0.03   0.05   0.03   0.03   0.97   0.03   0.02   0.04   0.99   0.01   0.03   0.03   0.03   0.87   0.03   0.03   0.11   0.82   0.09   0.99   0.03   0.03   0.04   0.90   0.03   0.00   0.98   0.99   0.93   0.92   0.03   0.01   0.99   0.97   0.03   0.03   0.03   0.03   0.03   0.91   0.99   0.98   0.10   0.03   0.92   0.03   0.76   0.04   0.92   0.92   0.94   0.99   0.92   0.96   0.98   0.73   0.99   0.80   0.97   0.01   0.97   0.04   0.31   0.79   0.36   0.93   0.77   0.99   0.91   0.15   0.36   

0.00   0.00   0.00   0.00   0.00   0.00   0.00   0.00   0.00   0.00   0.00   0.00   0.00   0.00   0.00   0.00   0.00   0.00   0.00   0.00   0.00   0.00   0.00   0.00   0.00   0.00   0.00   0.00   0.00   0.00   1.00   0.00   0.00   0.00   1.00   1.00   1.00   0.00   0.00   1.00   1.00   0.00   0.00   0.00   0.00   0.00   1.00   1.00   1.00   1.00   0.00   1.00   0.00   1.00   1.00   1.00   1.00   1.00   1.00   1.00   1.00   1.00   1.00   1.00   1.00   1.00   0.00   1.00   1.00   1.00   1.00   1.00   1.00   1.00   1.00   1.00   1.00   1.00   