5.00   5.00   5.00   5.00   5.00   5.00   5.00   5.00   5.00   5.00   5.00   5.00   5.00   5.00   5.00   5.00   5.00   5.00   5.00   5.00   5.00   5.00   5.00   5.00   5.00   5.00   5.00   5.00   5.00   5.00   5.00   5.00   5.00   5.00   5.00   5.00   5.00   5.00   5.00   5.00   5.00   5.00   5.00   5.00   5.00   5.00   5.00   5.00   5.00   5.00   5.00   5.00   5.00   5.00   5.00   5.00   5.00   5.00   5.00   5.00   5.00   5.00   5.00   5.00   5.00   5.00   5.00   5.00   5.00   5.00   5.00   5.00   5.00   5.00   5.00   5.00   5.00   5.00   
0.08   0.08   0.95   0.08   0.08   0.08   0.08   0.95   0.95   0.08   0.08   0.08   0.08   0.08   0.08   0.08   0.08   0.08   0.01   0.95   0.08   0.08   0.08   0.54   0.08   0.01   0.01   0.08   0.01   0.08   0.95   0.08   0.08   0.95   0.95   0.08   0.08   0.95   0.95   0.08   0.08   0.95   0.08   0.95   0.95   0.01   0.08   0.95   0.54   0.95   0.08   0.95   0.54   0.95   0.95   0.95   0.95   0.95   0.95   0.95   0.95   0.95   0.95   0.95   0.08   0.95   0.95   0.95   0.95   0.08   0.08   0.95   0.95   0.01   0.95   0.54   0.95   0.95   
0.08   0.08   0.95   0.08   0.08   0.08   0.08   0.95   0.95   0.08   0.08   0.08   0.08   0.08   0.08   0.08   0.08   0.08   0.01   0.95   0.08   0.08   0.08   0.54   0.08   0.01   0.01   0.08   0.01   0.08   0.95   0.08   0.08   0.95   0.95   0.08   0.08   0.95   0.95   0.08   0.08   0.95   0.08   0.95   0.95   0.01   0.08   0.95   0.54   0.95   0.08   0.95   0.54   0.95   0.95   0.95   0.95   0.95   0.95   0.95   0.95   0.95   0.95   0.95   0.08   0.95   0.95   0.95   0.95   0.08   0.08   0.95   0.95   0.01   0.95   0.54   0.95   0.95   
0.04   0.23   0.71   0.07   0.38   0.00   0.53   0.00   0.05   0.64   0.00   0.01   0.46   0.12   0.29   0.03   0.08   0.00   0.02   0.49   0.00   0.00   0.31   0.25   0.01   0.01   0.00   0.00   0.01   0.00   0.76   0.01   0.23   0.74   0.86   0.23   0.00   0.96   0.80   0.06   0.00   0.98   0.01   0.90   0.61   0.04   0.10   0.92   0.13   0.45   0.00   0.63   0.10   0.22   0.24   0.94   0.80   0.61   0.60   0.23   0.86   0.90   0.16   0.76   0.03   0.80   0.10   0.71   0.99   0.72   0.89   0.97   0.78   0.32   0.88   0.63   0.80   0.84   
0.00   0.02   0.98   0.00   0.04   0.00   0.51   0.00   0.60   0.61   0.00   0.00   0.05   0.01   0.02   0.00   0.01   0.00   0.00   0.96   0.00   0.00   0.03   0.64   0.00   0.00   0.00   0.00   0.00   0.00   0.99   0.00   0.02   0.99   0.99   0.02   0.00   1.00   0.99   0.00   0.00   1.00   0.00   1.00   0.98   0.00   0.01   1.00   0.10   0.96   0.00   0.98   0.08   0.88   0.89   1.00   0.99   0.98   0.98   0.89   0.99   1.00   0.84   0.99   0.00   0.99   0.74   0.98   1.00   0.70   0.88   1.00   0.99   0.01   0.99   0.90   0.99   0.99   

5.00   5.00   5.00   5.00   5.00   5.00   5.00   5.00   5.00   5.00   5.00   5.00   5.00   5.00   5.00   5.00   5.00   5.00   5.00   5.00   5.00   5.00   5.00   5.00   5.00   5.00   5.00   5.00   5.00   5.00   5.00   5.00   5.00   5.00   5.00   5.00   5.00   5.00   5.00   5.00   5.00   5.00   5.00   5.00   5.00   5.00   5.00   5.00   5.00   5.00   5.00   5.00   5.00   5.00   5.00   5.00   5.00   5.00   5.00   5.00   5.00   5.00   5.00   5.00   5.00   5.00   5.00   5.00   5.00   5.00   5.00   5.00   5.00   5.00   5.00   5.00   5.00   5.00   
0.09   0.09   0.76   0.93   0.09   0.09   0.09   0.76   0.76   0.93   0.09   0.09   0.93   0.09   0.09   0.09   0.09   0.09   0.01   0.76   0.09   0.09   0.09   0.02   0.93   0.01   0.01   0.09   0.01   0.93   0.98   0.09   0.09   0.76   0.76   0.09   0.09   0.98   0.98   0.09   0.09   0.98   0.09   0.98   0.98   0.01   0.09   0.98   0.02   0.76   0.09   0.76   0.02   0.76   0.98   0.76   0.98   0.98   0.76   0.98   0.98   0.98   0.76   0.98   0.09   0.76   0.76   0.76   0.76   0.09   0.09   0.76   0.98   0.01   0.98   0.02   0.98   0.98   
0.09   0.09   0.76   0.93   0.09   0.09   0.09   0.76   0.76   0.93   0.09   0.09   0.93   0.09   0.09   0.09   0.09   0.09   0.01   0.76   0.09   0.09   0.09   0.02   0.93   0.01   0.01   0.09   0.01   0.93   0.98   0.09   0.09   0.76   0.76   0.09   0.09   0.98   0.98   0.09   0.09   0.98   0.09   0.98   0.98   0.01   0.09   0.98   0.02   0.76   0.09   0.76   0.02   0.76   0.98   0.76   0.98   0.98   0.76   0.98   0.98   0.98   0.76   0.98   0.09   0.76   0.76   0.76   0.76   0.09   0.09   0.76   0.98   0.01   0.98   0.02   0.98   0.98   
0.50   0.16   0.60   0.50   0.35   0.50   0.15   0.50   0.07   0.58   0.50   0.50   0.44   0.09   0.26   0.50   0.50   0.50   0.50   0.46   0.50   0.50   0.16   0.56   0.50   0.50   0.50   0.50   0.50   0.50   0.76   0.50   0.35   0.85   0.50   0.29   0.50   0.50   0.89   0.50   0.50   0.50   0.50   0.50   0.39   0.50   0.50   0.50   0.04   0.52   0.50   0.79   0.17   0.03   0.14   0.50   0.96   0.75   0.63   0.34   0.50   0.50   0.25   0.77   0.50   0.81   0.05   0.63   0.50   0.90   0.96   0.50   0.86   0.50   0.50   0.44   0.86   0.82   
0.77   0.05   0.96   0.77   0.62   0.77   0.04   0.98   0.31   0.95   0.77   0.77   0.91   0.03   0.09   0.77   0.77   0.77   0.02   0.93   0.77   0.77   0.05   0.90   0.77   0.02   0.02   0.77   0.02   0.77   1.00   0.77   0.62   0.99   0.98   0.10   0.77   0.98   1.00   0.77   0.77   0.98   0.77   0.98   0.98   0.02   0.77   0.98   0.12   0.95   0.77   0.98   0.37   0.18   0.94   0.98   1.00   1.00   0.96   0.98   0.98   0.98   0.84   1.00   0.77   0.99   0.25   0.96   0.98   0.96   0.99   0.98   1.00   0.02   0.98   0.84   1.00   1.00   

5.00   5.00   5.00   5.00   5.00   5.00   5.00   5.00   5.00   5.00   5.00   5.00   5.00   5.00   5.00   5.00   5.00   5.00   5.00   5.00   5.00   5.00   5.00   5.00   5.00   5.00   5.00   5.00   5.00   5.00   5.00   5.00   5.00   5.00   5.00   5.00   5.00   5.00   5.00   5.00   5.00   5.00   5.00   5.00   5.00   5.00   5.00   5.00   5.00   5.00   5.00   5.00   5.00   5.00   5.00   5.00   5.00   5.00   5.00   5.00   5.00   5.00   5.00   5.00   5.00   5.00   5.00   5.00   5.00   5.00   5.00   5.00   5.00   5.00   5.00   5.00   5.00   5.00   
0.10   0.10   0.68   0.93   0.10   0.10   0.10   0.68   0.68   0.93   0.76   0.76   0.96   0.76   0.10   0.10   0.10   0.10   0.01   0.68   0.10   0.10   0.10   0.02   0.93   0.01   0.01   0.10   0.01   0.93   0.96   0.10   0.10   0.68   0.68   0.10   0.76   0.99   0.99   0.10   0.76   0.96   0.76   0.99   0.96   0.01   0.76   0.99   0.02   0.86   0.10   0.86   0.02   0.68   0.96   0.68   0.96   0.99   0.68   0.96   0.96   0.99   0.86   0.96   0.76   0.68   0.86   0.68   0.68   0.10   0.10   0.86   0.96   0.01   0.99   0.02   0.96   0.99   
0.10   0.10   0.68   0.93   0.10   0.10   0.10   0.68   0.68   0.93   0.76   0.76   0.96   0.76   0.10   0.10   0.10   0.10   0.01   0.68   0.10   0.10   0.10   0.02   0.93   0.01   0.01   0.10   0.01   0.93   0.96   0.10   0.10   0.68   0.68   0.10   0.76   0.99   0.99   0.10   0.76   0.96   0.76   0.99   0.96   0.01   0.76   0.99   0.02   0.86   0.10   0.86   0.02   0.68   0.96   0.68   0.96   0.99   0.68   0.96   0.96   0.99   0.86   0.96   0.76   0.68   0.86   0.68   0.68   0.10   0.10   0.86   0.96   0.01   0.99   0.02   0.96   0.99   
0.50   0.28   0.74   0.50   0.38   0.50   0.23   0.50   0.14   0.58   0.50   0.50   0.68   0.06   0.43   0.50   0.50   0.50   0.50   0.43   0.50   0.50   0.30   0.93   0.50   0.50   0.50   0.50   0.50   0.50   0.50   0.50   0.33   0.95   0.50   0.46   0.50   0.50   0.50   0.50   0.50   0.50   0.50   0.50   0.33   0.50   0.50   0.50   0.01   0.83   0.50   0.95   0.25   0.09   0.18   0.50   0.50   0.50   0.79   0.26   0.50   0.50   0.25   0.50   0.50   0.94   0.13   0.86   0.50   0.92   0.99   0.50   0.50   0.50   0.50   0.58   0.50   0.50   
0.77   0.13   0.96   0.77   0.19   0.77   0.10   0.98   0.26   0.96   0.77   0.77   0.99   0.11   0.22   0.77   0.77   0.77   0.03   0.87   0.77   0.77   0.14   0.95   0.77   0.03   0.03   0.77   0.03   0.77   0.99   0.77   0.16   0.99   0.98   0.24   0.77   0.98   0.99   0.77   0.77   0.98   0.77   0.98   0.96   0.03   0.77   0.98   0.00   0.99   0.77   1.00   0.12   0.17   0.91   0.98   0.99   0.99   0.97   0.94   0.98   0.98   0.88   0.99   0.77   0.99   0.76   0.98   0.98   0.96   1.00   0.98   0.99   0.03   0.98   0.65   0.99   0.99   

5.00   5.00   5.00   5.00   5.00   5.00   5.00   5.00   5.00   5.00   5.00   5.00   5.00   5.00   5.00   5.00   5.00   5.00   5.00   5.00   5.00   5.00   5.00   5.00   5.00   5.00   5.00   5.00   5.00   5.00   5.00   5.00   5.00   5.00   5.00   5.00   5.00   5.00   5.00   5.00   5.00   5.00   5.00   5.00   5.00   5.00   5.00   5.00   5.00   5.00   5.00   5.00   5.00   5.00   5.00   5.00   5.00   5.00   5.00   5.00   5.00   5.00   5.00   5.00   5.00   5.00   5.00   5.00   5.00   5.00   5.00   5.00   5.00   5.00   5.00   5.00   5.00   5.00   
0.08   0.08   0.50   0.85   0.08   0.08   0.08   0.50   0.77   0.91   0.19   0.19   0.94   0.19   0.08   0.08   0.08   0.08   0.01   0.50   0.08   0.08   0.08   0.07   0.85   0.01   0.01   0.08   0.01   0.85   0.93   0.08   0.08   0.77   0.77   0.08   0.19   0.96   0.99   0.08   0.19   0.98   0.19   0.99   0.98   0.01   0.19   0.99   0.03   0.70   0.08   0.84   0.03   0.77   0.93   0.50   0.93   0.96   0.50   0.93   0.93   0.96   0.70   0.93   0.19   0.50   0.70   0.50   0.50   0.08   0.08   0.70   0.98   0.01   0.96   0.03   0.93   0.96   
0.08   0.08   0.50   0.85   0.08   0.08   0.08   0.50   0.77   0.91   0.19   0.19   0.94   0.19   0.08   0.08   0.08   0.08   0.01   0.50   0.08   0.08   0.08   0.07   0.85   0.01   0.01   0.08   0.01   0.85   0.93   0.08   0.08   0.77   0.77   0.08   0.19   0.96   0.99   0.08   0.19   0.98   0.19   0.99   0.98   0.01   0.19   0.99   0.03   0.70   0.08   0.84   0.03   0.77   0.93   0.50   0.93   0.96   0.50   0.93   0.93   0.96   0.70   0.93   0.19   0.50   0.70   0.50   0.50   0.08   0.08   0.70   0.98   0.01   0.96   0.03   0.93   0.96   
0.50   0.23   0.73   0.50   0.45   0.50   0.21   0.50   0.13   0.59   0.50   0.50   0.70   0.02   0.43   0.50   0.50   0.50   0.50   0.32   0.50   0.50   0.35   0.89   0.50   0.50   0.50   0.50   0.50   0.50   0.50   0.50   0.35   0.50   0.50   0.37   0.50   0.50   0.50   0.50   0.50   0.50   0.50   0.50   0.18   0.50   0.50   0.50   0.50   0.82   0.50   0.50   0.20   0.07   0.17   0.50   0.50   0.50   0.70   0.24   0.50   0.50   0.28   0.50   0.50   0.93   0.08   0.83   0.50   0.91   0.50   0.50   0.50   0.50   0.50   0.51   0.50   0.50   
0.78   0.07   0.92   0.78   0.16   0.78   0.06   0.98   0.36   0.97   0.78   0.78   0.99   0.02   0.16   0.78   0.78   0.78   0.02   0.32   0.78   0.78   0.12   0.94   0.78   0.02   0.02   0.78   0.02   0.78   0.99   0.78   0.12   0.86   0.98   0.13   0.78   0.98   0.99   0.78   0.78   0.98   0.78   0.98   0.93   0.02   0.78   0.98   0.15   0.97   0.78   0.93   0.04   0.23   0.76   0.98   0.99   0.99   0.91   0.86   0.98   0.98   0.77   0.99   0.78   0.98   0.19   0.95   0.98   0.94   0.20   0.98   0.99   0.02   0.98   0.15   0.99   0.99   

5.00   5.00   5.00   5.00   5.00   5.00   5.00   5.00   5.00   5.00   5.00   5.00   5.00   5.00   5.00   5.00   5.00   5.00   5.00   5.00   5.00   5.00   5.00   5.00   5.00   5.00   5.00   5.00   5.00   5.00   5.00   5.00   5.00   5.00   5.00   5.00   5.00   5.00   5.00   5.00   5.00   5.00   5.00   5.00   5.00   5.00   5.00   5.00   5.00   5.00   5.00   5.00   5.00   5.00   5.00   5.00   5.00   5.00   5.00   5.00   5.00   5.00   5.00   5.00   5.00   5.00   5.00   5.00   5.00   5.00   5.00   5.00   5.00   5.00   5.00   5.00   5.00   5.00   
0.05   0.05   0.61   0.25   0.05   0.05   0.05   0.61   0.85   0.58   0.15   0.15   0.65   0.15   0.05   0.05   0.05   0.05   0.01   0.61   0.05   0.05   0.05   0.94   0.25   0.01   0.01   0.05   0.01   0.25   0.80   0.05   0.05   0.97   0.97   0.05   0.15   0.97   0.99   0.05   0.15   0.91   0.15   0.99   0.99   0.01   0.15   0.94   0.41   0.72   0.05   0.89   0.41   0.97   0.80   0.93   0.96   0.85   0.61   0.80   0.80   0.85   0.95   0.80   0.15   0.61   0.95   0.61   0.61   0.05   0.05   0.95   0.91   0.01   0.85   0.41   0.80   0.97   
0.05   0.05   0.61   0.25   0.05   0.05   0.05   0.61   0.85   0.58   0.15   0.15   0.65   0.15   0.05   0.05   0.05   0.05   0.01   0.61   0.05   0.05   0.05   0.94   0.25   0.01   0.01   0.05   0.01   0.25   0.80   0.05   0.05   0.97   0.97   0.05   0.15   0.97   0.99   0.05   0.15   0.91   0.15   0.99   0.99   0.01   0.15   0.94   0.41   0.72   0.05   0.89   0.41   0.97   0.80   0.93   0.96   0.85   0.61   0.80   0.80   0.85   0.95   0.80   0.15   0.61   0.95   0.61   0.61   0.05   0.05   0.95   0.91   0.01   0.85   0.41   0.80   0.97   
0.50   0.25   0.75   0.50   0.48   0.50   0.24   0.50   0.15   0.63   0.50   0.50   0.73   0.03   0.47   0.50   0.50   0.50   0.50   0.36   0.50   0.50   0.39   0.90   0.50   0.50   0.50   0.50   0.50   0.50   0.50   0.50   0.38   0.50   0.50   0.41   0.50   0.50   0.50   0.50   0.50   0.50   0.50   0.50   0.20   0.50   0.50   0.50   0.50   0.83   0.50   0.50   0.22   0.09   0.19   0.50   0.50   0.50   0.73   0.27   0.50   0.50   0.32   0.50   0.50   0.94   0.10   0.85   0.50   0.92   0.50   0.50   0.50   0.50   0.50   0.55   0.50   0.50   
0.80   0.05   0.90   0.80   0.13   0.80   0.05   0.98   0.34   0.96   0.80   0.80   0.99   0.02   0.12   0.80   0.80   0.80   0.01   0.25   0.80   0.80   0.09   0.98   0.80   0.01   0.01   0.80   0.01   0.80   0.99   0.80   0.09   0.84   0.98   0.10   0.80   0.98   0.99   0.80   0.80   0.98   0.80   0.98   0.95   0.01   0.80   0.98   0.10   0.97   0.80   0.93   0.03   0.38   0.73   0.98   0.99   0.99   0.89   0.82   0.98   0.98   0.85   0.99   0.80   0.98   0.34   0.94   0.98   0.93   0.14   0.98   0.99   0.01   0.98   0.12   0.99   0.99   

5.00   5.00   5.00   5.00   5.00   5.00   5.00   5.00   5.00   5.00   5.00   5.00   5.00   5.00   5.00   5.00   5.00   5.00   5.00   5.00   5.00   5.00   5.00   5.00   5.00   5.00   5.00   5.00   5.00   5.00   5.00   5.00   5.00   5.00   5.00   5.00   5.00   5.00   5.00   5.00   5.00   5.00   5.00   5.00   5.00   5.00   5.00   5.00   5.00   5.00   5.00   5.00   5.00   5.00   5.00   5.00   5.00   5.00   5.00   5.00   5.00   5.00   5.00   5.00   5.00   5.00   5.00   5.00   5.00   5.00   5.00   5.00   5.00   5.00   5.00   5.00   5.00   5.00   
0.03   0.03   0.70   0.20   0.03   0.30   0.03   0.29   0.89   0.81   0.08   0.41   0.85   0.08   0.03   0.03   0.03   0.03   0.01   0.29   0.03   0.03   0.03   0.96   0.56   0.01   0.01   0.03   0.01   0.56   0.85   0.30   0.03   0.97   0.85   0.03   0.41   0.97   0.99   0.03   0.08   0.94   0.08   0.99   0.99   0.21   0.08   0.96   0.59   0.78   0.03   0.92   0.22   0.97   0.85   0.93   0.96   0.89   0.70   0.85   0.85   0.89   0.94   0.85   0.41   0.29   0.94   0.70   0.70   0.30   0.30   0.94   0.94   0.21   0.89   0.59   0.85   0.97   
0.03   0.03   0.70   0.20   0.03   0.30   0.03   0.29   0.89   0.81   0.08   0.41   0.85   0.08   0.03   0.03   0.03   0.03   0.01   0.29   0.03   0.03   0.03   0.96   0.56   0.01   0.01   0.03   0.01   0.56   0.85   0.30   0.03   0.97   0.85   0.03   0.41   0.97   0.99   0.03   0.08   0.94   0.08   0.99   0.99   0.21   0.08   0.96   0.59   0.78   0.03   0.92   0.22   0.97   0.85   0.93   0.96   0.89   0.70   0.85   0.85   0.89   0.94   0.85   0.41   0.29   0.94   0.70   0.70   0.30   0.30   0.94   0.94   0.21   0.89   0.59   0.85   0.97   
0.50   0.26   0.75   0.50   0.49   0.50   0.25   0.50   0.16   0.63   0.50   0.50   0.73   0.03   0.47   0.50   0.50   0.50   0.50   0.36   0.50   0.50   0.39   0.90   0.50   0.50   0.50   0.50   0.50   0.50   0.50   0.50   0.39   0.50   0.50   0.41   0.50   0.50   0.50   0.50   0.50   0.50   0.50   0.50   0.21   0.50   0.50   0.50   0.50   0.83   0.50   0.50   0.23   0.09   0.20   0.50   0.50   0.50   0.73   0.27   0.50   0.50   0.32   0.50   0.50   0.94   0.10   0.84   0.50   0.91   0.50   0.50   0.50   0.50   0.50   0.55   0.50   0.50   
0.78   0.04   0.97   0.78   0.10   0.78   0.04   0.98   0.83   0.97   0.78   0.78   0.99   0.01   0.09   0.78   0.78   0.78   0.01   0.75   0.78   0.78   0.07   1.00   0.78   0.01   0.01   0.78   0.01   0.78   0.99   0.78   0.07   0.94   0.98   0.07   0.78   0.98   0.99   0.78   0.78   0.98   0.78   0.98   0.98   0.01   0.78   0.98   0.89   0.99   0.78   0.96   0.33   0.85   0.89   0.98   0.99   0.99   0.97   0.93   0.98   0.98   0.94   0.99   0.78   0.99   0.81   0.99   0.98   0.98   0.11   0.98   0.99   0.01   0.98   0.91   0.99   0.99   

5.00   5.00   5.00   5.00   5.00   5.00   5.00   5.00   5.00   5.00   5.00   5.00   5.00   5.00   5.00   5.00   5.00   5.00   5.00   5.00   5.00   5.00   5.00   5.00   5.00   5.00   5.00   5.00   5.00   5.00   5.00   5.00   5.00   5.00   5.00   5.00   5.00   5.00   5.00   5.00   5.00   5.00   5.00   5.00   5.00   5.00   5.00   5.00   5.00   5.00   5.00   5.00   5.00   5.00   5.00   5.00   5.00   5.00   5.00   5.00   5.00   5.00   5.00   5.00   5.00   5.00   5.00   5.00   5.00   5.00   5.00   5.00   5.00   5.00   5.00   5.00   5.00   5.00   
0.03   0.03   0.58   0.13   0.03   0.24   0.03   0.22   0.83   0.69   0.07   0.32   0.74   0.07   0.03   0.03   0.03   0.03   0.01   0.22   0.03   0.03   0.19   0.92   0.42   0.01   0.01   0.03   0.01   0.42   0.76   0.24   0.03   0.98   0.74   0.03   0.32   0.98   0.99   0.03   0.07   0.90   0.07   0.99   0.99   0.17   0.07   0.96   0.46   0.84   0.03   0.93   0.16   0.98   0.76   0.94   0.93   0.82   0.58   0.76   0.76   0.82   0.91   0.76   0.32   0.22   0.91   0.58   0.58   0.48   0.24   0.91   0.90   0.17   0.82   0.46   0.76   0.95   
0.03   0.03   0.58   0.13   0.03   0.24   0.03   0.22   0.83   0.69   0.07   0.32   0.74   0.07   0.03   0.03   0.03   0.03   0.01   0.22   0.03   0.03   0.19   0.92   0.42   0.01   0.01   0.03   0.01   0.42   0.76   0.24   0.03   0.98   0.74   0.03   0.32   0.98   0.99   0.03   0.07   0.90   0.07   0.99   0.99   0.17   0.07   0.96   0.46   0.84   0.03   0.93   0.16   0.98   0.76   0.94   0.93   0.82   0.58   0.76   0.76   0.82   0.91   0.76   0.32   0.22   0.91   0.58   0.58   0.48   0.24   0.91   0.90   0.17   0.82   0.46   0.76   0.95   
0.50   0.17   0.67   0.50   0.35   0.50   0.18   0.50   0.10   0.59   0.50   0.50   0.64   0.03   0.37   0.50   0.50   0.50   0.50   0.35   0.50   0.50   0.22   0.50   0.50   0.50   0.50   0.50   0.50   0.50   0.50   0.50   0.27   0.50   0.50   0.40   0.50   0.50   0.50   0.50   0.50   0.50   0.50   0.50   0.25   0.50   0.50   0.50   0.50   0.81   0.50   0.50   0.17   0.07   0.14   0.50   0.50   0.50   0.75   0.24   0.50   0.50   0.29   0.50   0.50   0.93   0.10   0.89   0.50   0.89   0.50   0.50   0.50   0.50   0.50   0.41   0.50   0.50   
0.80   0.02   0.89   0.80   0.05   0.80   0.02   0.98   0.31   0.96   0.80   0.80   0.98   0.01   0.05   0.80   0.80   0.80   0.01   0.15   0.80   0.80   0.07   0.89   0.80   0.01   0.01   0.80   0.01   0.80   0.99   0.80   0.03   0.88   0.98   0.06   0.80   0.98   0.99   0.80   0.80   0.98   0.80   0.98   0.98   0.01   0.80   0.98   0.13   0.98   0.80   0.93   0.02   0.48   0.47   0.98   0.99   0.99   0.92   0.81   0.98   0.98   0.84   0.99   0.80   0.93   0.36   0.97   0.98   0.96   0.11   0.98   0.99   0.01   0.98   0.29   0.99   0.99   

5.00   5.00   5.00   5.00   5.00   5.00   5.00   5.00   5.00   5.00   5.00   5.00   5.00   5.00   5.00   5.00   5.00   5.00   5.00   5.00   5.00   5.00   5.00   5.00   5.00   5.00   5.00   5.00   5.00   5.00   5.00   5.00   5.00   5.00   5.00   5.00   5.00   5.00   5.00   5.00   5.00   5.00   5.00   5.00   5.00   5.00   5.00   5.00   5.00   5.00   5.00   5.00   5.00   5.00   5.00   5.00   5.00   5.00   5.00   5.00   5.00   5.00   5.00   5.00   5.00   5.00   5.00   5.00   5.00   5.00   5.00   5.00   5.00   5.00   5.00   5.00   5.00   5.00   
0.03   0.03   0.52   0.12   0.03   0.22   0.03   0.18   0.80   0.82   0.06   0.29   0.74   0.06   0.03   0.03   0.03   0.03   0.01   0.18   0.03   0.03   0.14   0.95   0.39   0.01   0.01   0.03   0.01   0.39   0.71   0.22   0.03   0.96   0.69   0.03   0.29   0.95   0.99   0.03   0.06   0.94   0.06   0.99   0.99   0.41   0.06   0.95   0.44   0.78   0.03   0.91   0.14   0.98   0.71   0.90   0.95   0.88   0.52   0.71   0.71   0.77   0.86   0.71   0.29   0.18   0.86   0.52   0.52   0.43   0.22   0.86   0.88   0.17   0.77   0.70   0.71   0.92   
0.03   0.03   0.52   0.12   0.03   0.22   0.03   0.18   0.80   0.82   0.06   0.29   0.74   0.06   0.03   0.03   0.03   0.03   0.01   0.18   0.03   0.03   0.14   0.95   0.39   0.01   0.01   0.03   0.01   0.39   0.71   0.22   0.03   0.96   0.69   0.03   0.29   0.95   0.99   0.03   0.06   0.94   0.06   0.99   0.99   0.41   0.06   0.95   0.44   0.78   0.03   0.91   0.14   0.98   0.71   0.90   0.95   0.88   0.52   0.71   0.71   0.77   0.86   0.71   0.29   0.18   0.86   0.52   0.52   0.43   0.22   0.86   0.88   0.17   0.77   0.70   0.71   0.92   
0.50   0.21   0.71   0.50   0.40   0.50   0.22   0.50   0.13   0.64   0.50   0.50   0.68   0.04   0.42   0.50   0.50   0.50   0.50   0.40   0.50   0.50   0.27   0.50   0.50   0.50   0.50   0.50   0.50   0.50   0.50   0.50   0.32   0.50   0.50   0.45   0.50   0.50   0.50   0.50   0.50   0.50   0.50   0.50   0.30   0.50   0.50   0.50   0.50   0.83   0.50   0.50   0.21   0.10   0.17   0.50   0.50   0.50   0.78   0.29   0.50   0.50   0.34   0.50   0.50   0.94   0.13   0.90   0.50   0.90   0.50   0.50   0.50   0.50   0.50   0.46   0.50   0.50   
0.77   0.03   0.95   0.77   0.07   0.77   0.03   0.98   0.73   0.98   0.77   0.77   0.98   0.01   0.07   0.77   0.77   0.77   0.01   0.42   0.77   0.77   0.12   0.96   0.77   0.01   0.01   0.77   0.01   0.77   0.99   0.77   0.05   0.93   0.98   0.08   0.77   0.98   0.99   0.77   0.77   0.98   0.77   0.98   0.99   0.01   0.77   0.98   0.48   0.99   0.77   0.96   0.13   0.90   0.81   0.98   0.99   0.99   0.96   0.89   0.98   0.98   0.92   0.99   0.77   0.98   0.76   0.99   0.98   0.98   0.11   0.98   0.99   0.01   0.98   0.89   0.99   0.99   

5.00   5.00   5.00   5.00   5.00   5.00   5.00   5.00   5.00   5.00   5.00   5.00   5.00   5.00   5.00   5.00   5.00   5.00   5.00   5.00   5.00   5.00   5.00   5.00   5.00   5.00   5.00   5.00   5.00   5.00   5.00   5.00   5.00   5.00   5.00   5.00   5.00   5.00   5.00   5.00   5.00   5.00   5.00   5.00   5.00   5.00   5.00   5.00   5.00   5.00   5.00   5.00   5.00   5.00   5.00   5.00   5.00   5.00   5.00   5.00   5.00   5.00   5.00   5.00   5.00   5.00   5.00   5.00   5.00   5.00   5.00   5.00   5.00   5.00   5.00   5.00   5.00   5.00   
0.02   0.02   0.41   0.10   0.02   0.18   0.02   0.19   0.59   0.81   0.05   0.22   0.52   0.05   0.02   0.02   0.02   0.02   0.01   0.19   0.02   0.02   0.10   0.97   0.30   0.01   0.01   0.02   0.01   0.30   0.55   0.18   0.02   0.84   0.77   0.02   0.22   0.97   0.99   0.02   0.05   0.95   0.05   0.99   1.00   0.35   0.05   0.94   0.68   0.83   0.02   0.72   0.42   0.99   0.81   0.93   0.97   0.92   0.71   0.81   0.55   0.84   0.91   0.81   0.22   0.19   0.91   0.71   0.41   0.29   0.48   0.91   0.89   0.15   0.84   0.81   0.81   0.95   
0.02   0.02   0.41   0.10   0.02   0.18   0.02   0.19   0.59   0.81   0.05   0.22   0.52   0.05   0.02   0.02   0.02   0.02   0.01   0.19   0.02   0.02   0.10   0.97   0.30   0.01   0.01   0.02   0.01   0.30   0.55   0.18   0.02   0.84   0.77   0.02   0.22   0.97   0.99   0.02   0.05   0.95   0.05   0.99   1.00   0.35   0.05   0.94   0.68   0.83   0.02   0.72   0.42   0.99   0.81   0.93   0.97   0.92   0.71   0.81   0.55   0.84   0.91   0.81   0.22   0.19   0.91   0.71   0.41   0.29   0.48   0.91   0.89   0.15   0.84   0.81   0.81   0.95   
0.50   0.20   0.74   0.50   0.39   0.50   0.42   0.50   0.15   0.66   0.50   0.50   0.69   0.07   0.45   0.50   0.50   0.50   0.50   0.47   0.50   0.50   0.41   0.50   0.50   0.50   0.50   0.50   0.50   0.50   0.50   0.50   0.32   0.50   0.50   0.49   0.50   0.50   0.50   0.50   0.50   0.50   0.50   0.50   0.50   0.50   0.50   0.50   0.50   0.88   0.50   0.50   0.18   0.17   0.23   0.50   0.50   0.50   0.72   0.52   0.50   0.50   0.43   0.50   0.50   0.95   0.16   0.93   0.50   0.93   0.50   0.50   0.50   0.50   0.50   0.52   0.50   0.50   
0.75   0.02   0.95   0.75   0.05   0.75   0.06   0.98   0.62   0.98   0.75   0.75   0.96   0.02   0.07   0.75   0.75   0.75   0.01   0.76   0.75   0.75   0.17   0.97   0.75   0.01   0.01   0.75   0.01   0.75   0.99   0.75   0.04   0.94   0.98   0.08   0.75   0.98   0.99   0.75   0.75   0.98   0.75   0.98   1.00   0.01   0.75   0.98   0.89   0.99   0.75   0.96   0.37   0.95   0.89   0.98   0.99   0.99   0.97   0.97   0.98   0.98   0.96   0.99   0.75   0.98   0.85   0.99   0.98   0.98   0.10   0.98   0.99   0.01   0.98   0.95   0.99   0.99   

5.00   5.00   5.00   5.00   5.00   5.00   5.00   5.00   5.00   5.00   5.00   5.00   5.00   5.00   5.00   5.00   5.00   5.00   5.00   5.00   5.00   5.00   5.00   5.00   5.00   5.00   5.00   5.00   5.00   5.00   5.00   5.00   5.00   5.00   5.00   5.00   5.00   5.00   5.00   5.00   5.00   5.00   5.00   5.00   5.00   5.00   5.00   5.00   5.00   5.00   5.00   5.00   5.00   5.00   5.00   5.00   5.00   5.00   5.00   5.00   5.00   5.00   5.00   5.00   5.00   5.00   5.00   5.00   5.00   5.00   5.00   5.00   5.00   5.00   5.00   5.00   5.00   5.00   
0.02   0.02   0.33   0.08   0.02   0.14   0.02   0.15   0.49   0.74   0.04   0.18   0.58   0.04   0.14   0.02   0.02   0.02   0.01   0.15   0.02   0.02   0.24   0.97   0.23   0.01   0.01   0.02   0.01   0.23   0.43   0.14   0.02   0.85   0.67   0.02   0.18   0.96   0.99   0.02   0.04   0.95   0.04   0.99   1.00   0.47   0.04   0.95   0.72   0.73   0.02   0.76   0.48   0.99   0.68   0.93   0.97   0.92   0.58   0.68   0.43   0.72   0.80   0.68   0.18   0.15   0.90   0.58   0.50   0.42   0.54   0.90   0.89   0.13   0.85   0.84   0.82   0.94   
0.02   0.02   0.33   0.08   0.02   0.14   0.02   0.15   0.49   0.74   0.04   0.18   0.58   0.04   0.14   0.02   0.02   0.02   0.01   0.15   0.02   0.02   0.24   0.97   0.23   0.01   0.01   0.02   0.01   0.23   0.43   0.14   0.02   0.85   0.67   0.02   0.18   0.96   0.99   0.02   0.04   0.95   0.04   0.99   1.00   0.47   0.04   0.95   0.72   0.73   0.02   0.76   0.48   0.99   0.68   0.93   0.97   0.92   0.58   0.68   0.43   0.72   0.80   0.68   0.18   0.15   0.90   0.58   0.50   0.42   0.54   0.90   0.89   0.13   0.85   0.84   0.82   0.94   
0.50   0.10   0.70   0.50   0.20   0.50   0.32   0.50   0.06   0.51   0.50   0.50   0.58   0.03   0.29   0.50   0.50   0.50   0.50   0.38   0.50   0.50   0.20   0.50   0.50   0.50   0.50   0.50   0.50   0.50   0.50   0.50   0.14   0.50   0.50   0.33   0.50   0.50   0.50   0.50   0.50   0.50   0.50   0.50   0.50   0.50   0.50   0.50   0.50   0.83   0.50   0.50   0.11   0.11   0.08   0.50   0.50   0.50   0.61   0.30   0.50   0.50   0.19   0.50   0.50   0.93   0.08   0.50   0.50   0.93   0.50   0.50   0.50   0.50   0.50   0.39   0.50   0.50   
0.73   0.01   0.91   0.73   0.02   0.73   0.03   0.98   0.20   0.95   0.73   0.73   0.92   0.00   0.07   0.73   0.73   0.73   0.01   0.36   0.73   0.73   0.10   0.96   0.73   0.01   0.01   0.73   0.01   0.73   0.99   0.73   0.01   0.93   0.98   0.03   0.73   0.98   0.99   0.73   0.73   0.98   0.73   0.98   1.00   0.01   0.73   0.98   0.84   0.98   0.73   0.95   0.17   0.92   0.42   0.98   0.99   0.99   0.92   0.87   0.98   0.98   0.81   0.99   0.73   0.96   0.48   0.89   0.98   0.98   0.10   0.98   0.99   0.01   0.98   0.88   0.99   0.99   

5.00   5.00   5.00   5.00   5.00   5.00   5.00   5.00   5.00   5.00   5.00   5.00   5.00   5.00   5.00   5.00   5.00   5.00   5.00   5.00   5.00   5.00   5.00   5.00   5.00   5.00   5.00   5.00   5.00   5.00   5.00   5.00   5.00   5.00   5.00   5.00   5.00   5.00   5.00   5.00   5.00   5.00   5.00   5.00   5.00   5.00   5.00   5.00   5.00   5.00   5.00   5.00   5.00   5.00   5.00   5.00   5.00   5.00   5.00   5.00   5.00   5.00   5.00   5.00   5.00   5.00   5.00   5.00   5.00   5.00   5.00   5.00   5.00   5.00   5.00   5.00   5.00   5.00   
0.02   0.02   0.28   0.08   0.02   0.13   0.02   0.14   0.44   0.79   0.04   0.16   0.69   0.04   0.12   0.02   0.02   0.02   0.01   0.35   0.02   0.02   0.20   0.97   0.21   0.01   0.01   0.02   0.01   0.21   0.60   0.13   0.02   0.89   0.75   0.02   0.16   0.97   0.99   0.02   0.04   0.95   0.04   0.99   1.00   0.39   0.04   0.95   0.59   0.61   0.02   0.82   0.41   0.99   0.76   0.82   0.97   0.93   0.69   0.57   0.38   0.79   0.84   0.57   0.16   0.14   0.92   0.48   0.64   0.36   0.64   0.92   0.92   0.11   0.88   0.70   0.85   0.95   
0.02   0.02   0.28   0.08   0.02   0.13   0.02   0.14   0.44   0.79   0.04   0.16   0.69   0.04   0.12   0.02   0.02   0.02   0.01   0.35   0.02   0.02   0.20   0.97   0.21   0.01   0.01   0.02   0.01   0.21   0.60   0.13   0.02   0.89   0.75   0.02   0.16   0.97   0.99   0.02   0.04   0.95   0.04   0.99   1.00   0.39   0.04   0.95   0.59   0.61   0.02   0.82   0.41   0.99   0.76   0.82   0.97   0.93   0.69   0.57   0.38   0.79   0.84   0.57   0.16   0.14   0.92   0.48   0.64   0.36   0.64   0.92   0.92   0.11   0.88   0.70   0.85   0.95   
0.50   0.09   0.66   0.50   0.24   0.50   0.42   0.50   0.06   0.44   0.50   0.50   0.67   0.50   0.23   0.50   0.50   0.50   0.50   0.34   0.50   0.50   0.24   0.50   0.50   0.50   0.50   0.50   0.50   0.50   0.50   0.50   0.18   0.50   0.50   0.30   0.50   0.50   0.50   0.50   0.50   0.50   0.50   0.50   0.50   0.50   0.50   0.50   0.50   0.82   0.50   0.50   0.14   0.17   0.08   0.50   0.50   0.50   0.56   0.37   0.50   0.50   0.28   0.50   0.50   0.88   0.11   0.50   0.50   0.86   0.50   0.50   0.50   0.50   0.50   0.38   0.50   0.50   
0.74   0.01   0.88   0.74   0.02   0.74   0.05   0.98   0.19   0.95   0.74   0.74   0.96   0.16   0.05   0.74   0.74   0.74   0.01   0.50   0.74   0.74   0.10   0.96   0.74   0.01   0.01   0.74   0.01   0.74   0.99   0.74   0.02   0.93   0.98   0.03   0.74   0.98   0.99   0.74   0.74   0.98   0.74   0.98   1.00   0.01   0.74   0.98   0.85   0.98   0.74   0.96   0.21   0.96   0.51   0.98   0.99   0.99   0.94   0.88   0.98   0.98   0.91   0.99   0.74   0.93   0.81   0.91   0.98   0.94   0.10   0.98   0.99   0.01   0.98   0.86   0.99   0.99   

5.00   5.00   5.00   5.00   5.00   5.00   5.00   5.00   5.00   5.00   5.00   5.00   5.00   5.00   5.00   5.00   5.00   5.00   5.00   5.00   5.00   5.00   5.00   5.00   5.00   5.00   5.00   5.00   5.00   5.00   5.00   5.00   5.00   5.00   5.00   5.00   5.00   5.00   5.00   5.00   5.00   5.00   5.00   5.00   5.00   5.00   5.00   5.00   5.00   5.00   5.00   5.00   5.00   5.00   5.00   5.00   5.00   5.00   5.00   5.00   5.00   5.00   5.00   5.00   5.00   5.00   5.00   5.00   5.00   5.00   5.00   5.00   5.00   5.00   5.00   5.00   5.00   5.00   
0.02   0.02   0.26   0.08   0.02   0.12   0.02   0.12   0.52   0.76   0.04   0.15   0.74   0.04   0.11   0.02   0.02   0.02   0.01   0.32   0.02   0.02   0.18   0.95   0.20   0.01   0.01   0.02   0.01   0.20   0.67   0.12   0.02   0.86   0.71   0.02   0.15   0.98   0.99   0.02   0.04   0.94   0.04   0.99   0.99   0.35   0.04   0.94   0.54   0.57   0.02   0.80   0.36   0.98   0.80   0.78   0.98   0.94   0.65   0.53   0.35   0.76   0.82   0.53   0.15   0.12   0.89   0.44   0.61   0.32   0.61   0.89   0.90   0.10   0.85   0.66   0.83   0.93   
0.02   0.02   0.26   0.08   0.02   0.12   0.02   0.12   0.52   0.76   0.04   0.15   0.74   0.04   0.11   0.02   0.02   0.02   0.01   0.32   0.02   0.02   0.18   0.95   0.20   0.01   0.01   0.02   0.01   0.20   0.67   0.12   0.02   0.86   0.71   0.02   0.15   0.98   0.99   0.02   0.04   0.94   0.04   0.99   0.99   0.35   0.04   0.94   0.54   0.57   0.02   0.80   0.36   0.98   0.80   0.78   0.98   0.94   0.65   0.53   0.35   0.76   0.82   0.53   0.15   0.12   0.89   0.44   0.61   0.32   0.61   0.89   0.90   0.10   0.85   0.66   0.83   0.93   
0.50   0.11   0.74   0.50   0.30   0.50   0.51   0.50   0.08   0.53   0.50   0.50   0.75   0.50   0.29   0.50   0.50   0.50   0.50   0.42   0.50   0.50   0.30   0.50   0.50   0.50   0.50   0.50   0.50   0.50   0.50   0.50   0.23   0.50   0.50   0.37   0.50   0.50   0.50   0.50   0.50   0.50   0.50   0.50   0.50   0.50   0.50   0.50   0.50   0.88   0.50   0.50   0.17   0.22   0.10   0.50   0.50   0.50   0.65   0.45   0.50   0.50   0.35   0.50   0.50   0.92   0.14   0.50   0.50   0.91   0.50   0.50   0.50   0.50   0.50   0.47   0.50   0.50   
0.75   0.01   0.93   0.75   0.03   0.75   0.07   0.98   0.33   0.97   0.75   0.75   0.98   0.16   0.06   0.75   0.75   0.75   0.01   0.75   0.75   0.75   0.13   0.97   0.75   0.01   0.01   0.75   0.01   0.75   0.99   0.75   0.02   0.94   0.98   0.04   0.75   0.98   0.99   0.75   0.75   0.98   0.75   0.98   1.00   0.01   0.75   0.98   0.87   0.99   0.75   0.96   0.29   0.96   0.79   0.98   0.99   0.99   0.96   0.92   0.98   0.98   0.94   0.99   0.75   0.97   0.84   0.92   0.98   0.97   0.10   0.98   0.99   0.01   0.98   0.90   0.99   0.99   

5.00   5.00   5.00   5.00   5.00   5.00   5.00   5.00   5.00   5.00   5.00   5.00   5.00   5.00   5.00   5.00   5.00   5.00   5.00   5.00   5.00   5.00   5.00   5.00   5.00   5.00   5.00   5.00   5.00   5.00   5.00   5.00   5.00   5.00   5.00   5.00   5.00   5.00   5.00   5.00   5.00   5.00   5.00   5.00   5.00   5.00   5.00   5.00   5.00   5.00   5.00   5.00   5.00   5.00   5.00   5.00   5.00   5.00   5.00   5.00   5.00   5.00   5.00   5.00   5.00   5.00   5.00   5.00   5.00   5.00   5.00   5.00   5.00   5.00   5.00   5.00   5.00   5.00   
0.01   0.03   0.23   0.10   0.03   0.10   0.03   0.11   0.55   0.78   0.06   0.18   0.77   0.06   0.13   0.03   0.03   0.01   0.02   0.35   0.01   0.03   0.21   0.95   0.18   0.01   0.01   0.01   0.01   0.23   0.64   0.10   0.01   0.88   0.73   0.01   0.18   0.98   0.99   0.01   0.06   0.94   0.03   0.99   0.99   0.32   0.06   0.95   0.50   0.60   0.03   0.82   0.34   0.98   0.82   0.79   0.96   0.95   0.68   0.56   0.39   0.78   0.83   0.56   0.18   0.11   0.90   0.41   0.58   0.31   0.63   0.90   0.91   0.08   0.87   0.62   0.80   0.94   
0.01   0.03   0.23   0.10   0.03   0.10   0.03   0.11   0.55   0.78   0.06   0.18   0.77   0.06   0.13   0.03   0.03   0.01   0.02   0.35   0.01   0.03   0.21   0.95   0.18   0.01   0.01   0.01   0.01   0.23   0.64   0.10   0.01   0.88   0.73   0.01   0.18   0.98   0.99   0.01   0.06   0.94   0.03   0.99   0.99   0.32   0.06   0.95   0.50   0.60   0.03   0.82   0.34   0.98   0.82   0.79   0.96   0.95   0.68   0.56   0.39   0.78   0.83   0.56   0.18   0.11   0.90   0.41   0.58   0.31   0.63   0.90   0.91   0.08   0.87   0.62   0.80   0.94   
0.50   0.15   0.78   0.50   0.37   0.50   0.57   0.50   0.10   0.59   0.50   0.50   0.79   0.50   0.36   0.50   0.50   0.50   0.50   0.48   0.50   0.50   0.36   0.50   0.50   0.50   0.50   0.50   0.50   0.50   0.50   0.50   0.28   0.50   0.50   0.43   0.50   0.50   0.50   0.50   0.50   0.50   0.50   0.50   0.50   0.50   0.50   0.50   0.50   0.89   0.50   0.50   0.22   0.27   0.13   0.50   0.50   0.50   0.69   0.51   0.50   0.50   0.41   0.50   0.50   0.93   0.19   0.50   0.50   0.92   0.50   0.50   0.50   0.50   0.50   0.53   0.50   0.50   
0.76   0.02   0.93   0.76   0.08   0.76   0.16   0.98   0.43   0.98   0.76   0.76   0.99   0.18   0.12   0.76   0.76   0.76   0.01   0.81   0.76   0.76   0.21   0.97   0.76   0.01   0.01   0.76   0.01   0.76   0.99   0.76   0.02   0.94   0.98   0.04   0.76   0.98   0.99   0.76   0.76   0.98   0.76   0.98   1.00   0.01   0.76   0.98   0.87   0.99   0.76   0.96   0.33   0.97   0.85   0.98   0.99   0.99   0.97   0.94   0.98   0.98   0.96   0.99   0.76   0.96   0.89   0.92   0.98   0.97   0.11   0.98   0.99   0.01   0.98   0.91   0.99   0.99   

0.65   0.62   0.46   0.64   0.55   0.67   0.31   0.63   0.61   0.52   0.61   0.59   0.39   0.57   0.51   0.65   0.53   0.60   0.59   0.51   0.70   0.76   0.57   0.45   0.62   0.50   0.50   0.68   0.50   0.34   0.51   0.61   0.57   0.55   0.40   0.49   0.70   0.46   0.50   0.59   0.66   0.27   0.55   0.50   0.50   0.52   0.51   0.45   0.65   0.50   0.70   0.47   0.61   0.38   0.58   0.48   0.43   0.41   0.53   0.35   0.55   0.39   0.42   0.40   0.44   0.49   0.45   0.50   0.30   0.40   0.39   0.40   0.43   0.54   0.55   0.46   0.49   0.49   
0.03   0.06   0.15   0.14   0.04   0.16   0.02   0.13   0.70   0.74   0.09   0.28   0.64   0.08   0.10   0.07   0.04   0.02   0.03   0.25   0.03   0.11   0.20   0.92   0.21   0.01   0.01   0.03   0.01   0.10   0.50   0.13   0.02   0.89   0.47   0.01   0.51   0.97   0.99   0.02   0.11   0.78   0.04   0.99   0.99   0.23   0.11   0.94   0.67   0.57   0.08   0.81   0.31   0.92   0.86   0.72   0.89   0.88   0.65   0.34   0.33   0.64   0.72   0.32   0.18   0.08   0.83   0.29   0.24   0.17   0.36   0.85   0.87   0.08   0.84   0.40   0.72   0.93   
0.01   0.03   0.21   0.09   0.03   0.09   0.03   0.09   0.58   0.75   0.05   0.24   0.74   0.05   0.11   0.03   0.03   0.01   0.02   0.31   0.01   0.03   0.19   0.95   0.16   0.01   0.01   0.01   0.01   0.21   0.60   0.09   0.01   0.89   0.69   0.01   0.24   0.98   0.99   0.01   0.05   0.92   0.03   0.99   0.99   0.27   0.11   0.95   0.53   0.56   0.03   0.84   0.29   0.97   0.83   0.76   0.94   0.93   0.63   0.59   0.35   0.74   0.80   0.52   0.24   0.09   0.88   0.37   0.53   0.28   0.59   0.91   0.92   0.07   0.84   0.56   0.76   0.94   
0.50   0.11   0.73   0.50   0.30   0.50   0.50   0.50   0.08   0.53   0.50   0.50   0.74   0.50   0.29   0.50   0.50   0.50   0.50   0.41   0.50   0.50   0.29   0.50   0.50   0.50   0.50   0.50   0.50   0.50   0.50   0.50   0.22   0.50   0.50   0.37   0.50   0.50   0.50   0.50   0.50   0.50   0.50   0.50   0.50   0.50   0.50   0.50   0.50   0.87   0.50   0.50   0.17   0.21   0.10   0.50   0.50   0.50   0.64   0.44   0.50   0.50   0.35   0.50   0.50   0.92   0.14   0.50   0.50   0.90   0.50   0.50   0.50   0.50   0.50   0.46   0.50   0.50   
0.76   0.02   0.89   0.76   0.06   0.76   0.12   0.98   0.39   0.97   0.76   0.76   0.98   0.17   0.08   0.76   0.76   0.76   0.01   0.70   0.76   0.76   0.14   0.96   0.76   0.01   0.01   0.76   0.01   0.76   0.99   0.76   0.01   0.93   0.98   0.03   0.76   0.98   0.99   0.76   0.76   0.98   0.76   0.98   1.00   0.01   0.76   0.98   0.52   0.98   0.76   0.95   0.17   0.95   0.84   0.98   0.99   0.99   0.95   0.94   0.98   0.98   0.92   0.99   0.76   0.94   0.81   0.91   0.98   0.95   0.11   0.98   0.99   0.01   0.98   0.84   0.99   0.99   

0.65   0.62   0.46   0.64   0.55   0.67   0.31   0.63   0.61   0.52   0.61   0.59   0.39   0.57   0.51   0.65   0.53   0.60   0.59   0.51   0.70   0.76   0.57   0.45   0.62   0.50   0.50   0.68   0.50   0.34   0.51   0.61   0.57   0.55   0.40   0.49   0.70   0.46   0.50   0.59   0.66   0.27   0.55   0.50   0.50   0.52   0.51   0.45   0.65   0.50   0.70   0.47   0.61   0.38   0.58   0.48   0.43   0.41   0.53   0.35   0.55   0.39   0.42   0.40   0.44   0.49   0.45   0.50   0.30   0.40   0.39   0.40   0.43   0.54   0.55   0.46   0.49   0.49   
0.06   0.09   0.18   0.12   0.07   0.20   0.03   0.11   0.75   0.78   0.13   0.34   0.70   0.11   0.13   0.11   0.03   0.01   0.02   0.31   0.02   0.16   0.25   0.92   0.26   0.01   0.01   0.02   0.01   0.13   0.66   0.16   0.04   0.92   0.63   0.03   0.58   0.97   0.99   0.01   0.09   0.69   0.07   0.99   0.99   0.18   0.15   0.94   0.63   0.62   0.13   0.84   0.28   0.93   0.89   0.76   0.90   0.89   0.70   0.39   0.38   0.68   0.76   0.37   0.22   0.10   0.85   0.33   0.28   0.20   0.41   0.87   0.89   0.06   0.86   0.34   0.75   0.94   
0.02   0.05   0.24   0.07   0.05   0.12   0.05   0.07   0.62   0.77   0.08   0.28   0.77   0.08   0.14   0.05   0.02   0.01   0.01   0.36   0.01   0.05   0.22   0.95   0.19   0.01   0.01   0.01   0.01   0.24   0.64   0.12   0.02   0.91   0.72   0.02   0.28   0.98   0.99   0.01   0.04   0.88   0.05   0.99   0.99   0.22   0.14   0.96   0.47   0.60   0.05   0.86   0.25   0.97   0.85   0.78   0.94   0.93   0.66   0.62   0.39   0.77   0.83   0.55   0.28   0.11   0.89   0.40   0.57   0.31   0.62   0.92   0.92   0.06   0.85   0.49   0.78   0.95   
0.50   0.11   0.75   0.50   0.31   0.50   0.52   0.50   0.08   0.55   0.50   0.50   0.76   0.50   0.30   0.50   0.50   0.50   0.50   0.43   0.50   0.50   0.31   0.50   0.50   0.50   0.50   0.50   0.50   0.50   0.50   0.50   0.23   0.50   0.50   0.38   0.50   0.50   0.50   0.50   0.50   0.50   0.50   0.50   0.50   0.50   0.50   0.50   0.50   0.88   0.50   0.50   0.18   0.22   0.10   0.50   0.50   0.50   0.66   0.46   0.50   0.50   0.36   0.50   0.50   0.93   0.15   0.50   0.50   0.91   0.50   0.50   0.50   0.50   0.50   0.48   0.50   0.50   
0.77   0.02   0.88   0.77   0.06   0.77   0.14   0.98   0.38   0.97   0.77   0.77   0.99   0.16   0.08   0.77   0.77   0.77   0.01   0.51   0.77   0.77   0.14   0.95   0.77   0.01   0.01   0.77   0.01   0.77   0.99   0.77   0.02   0.92   0.98   0.03   0.77   0.98   0.99   0.77   0.77   0.98   0.77   0.98   1.00   0.01   0.77   0.98   0.36   0.98   0.77   0.95   0.10   0.95   0.84   0.98   0.99   0.99   0.95   0.94   0.98   0.98   0.92   0.99   0.77   0.92   0.80   0.89   0.98   0.95   0.12   0.98   0.99   0.01   0.98   0.79   0.99   0.99   

0.65   0.62   0.46   0.64   0.55   0.67   0.31   0.63   0.61   0.52   0.61   0.59   0.39   0.57   0.51   0.65   0.53   0.60   0.59   0.51   0.70   0.76   0.57   0.45   0.62   0.50   0.50   0.68   0.50   0.34   0.51   0.61   0.57   0.55   0.40   0.49   0.70   0.46   0.50   0.59   0.66   0.27   0.55   0.50   0.50   0.52   0.51   0.45   0.65   0.50   0.70   0.47   0.61   0.38   0.58   0.48   0.43   0.41   0.53   0.35   0.55   0.39   0.42   0.40   0.44   0.49   0.45   0.50   0.30   0.40   0.39   0.40   0.43   0.54   0.55   0.46   0.49   0.49   
0.05   0.08   0.16   0.11   0.06   0.18   0.02   0.09   0.70   0.82   0.11   0.30   0.64   0.10   0.11   0.09   0.03   0.01   0.02   0.28   0.02   0.14   0.22   0.86   0.23   0.01   0.01   0.02   0.01   0.11   0.61   0.14   0.04   0.93   0.70   0.03   0.54   0.98   0.99   0.01   0.08   0.74   0.06   0.99   0.99   0.15   0.13   0.95   0.48   0.58   0.11   0.78   0.25   0.86   0.91   0.80   0.92   0.82   0.77   0.34   0.35   0.62   0.71   0.33   0.19   0.09   0.88   0.30   0.25   0.17   0.60   0.89   0.91   0.05   0.90   0.30   0.81   0.95   
0.02   0.04   0.22   0.07   0.04   0.10   0.04   0.06   0.58   0.82   0.07   0.26   0.73   0.07   0.13   0.04   0.02   0.01   0.01   0.34   0.01   0.04   0.20   0.90   0.18   0.01   0.01   0.01   0.01   0.23   0.60   0.10   0.02   0.92   0.79   0.02   0.26   0.99   0.99   0.01   0.04   0.91   0.04   0.99   0.99   0.18   0.13   0.96   0.43   0.56   0.04   0.80   0.23   0.92   0.89   0.83   0.95   0.88   0.76   0.59   0.37   0.73   0.78   0.52   0.26   0.10   0.92   0.37   0.53   0.28   0.73   0.94   0.94   0.05   0.89   0.44   0.84   0.96   
0.50   0.13   0.78   0.50   0.35   0.50   0.56   0.50   0.09   0.58   0.50   0.50   0.79   0.50   0.34   0.50   0.50   0.50   0.50   0.47   0.50   0.50   0.34   0.50   0.50   0.50   0.50   0.50   0.50   0.50   0.50   0.50   0.27   0.50   0.50   0.42   0.50   0.50   0.50   0.50   0.50   0.50   0.50   0.50   0.50   0.50   0.50   0.50   0.50   0.90   0.50   0.50   0.20   0.25   0.12   0.50   0.50   0.50   0.69   0.50   0.50   0.50   0.40   0.50   0.50   0.93   0.17   0.50   0.50   0.92   0.50   0.50   0.50   0.50   0.50   0.52   0.50   0.50   
0.77   0.02   0.90   0.77   0.08   0.77   0.17   0.98   0.41   0.98   0.77   0.77   0.99   0.16   0.10   0.77   0.77   0.77   0.01   0.72   0.77   0.77   0.16   0.95   0.77   0.01   0.01   0.77   0.01   0.77   0.99   0.77   0.02   0.93   0.98   0.04   0.77   0.98   0.99   0.77   0.77   0.98   0.77   0.98   1.00   0.01   0.77   0.98   0.41   0.99   0.77   0.95   0.13   0.94   0.90   0.98   0.99   0.99   0.97   0.94   0.98   0.98   0.93   0.99   0.77   0.94   0.88   0.91   0.98   0.96   0.12   0.98   0.99   0.01   0.98   0.81   0.99   0.99   

0.65   0.62   0.46   0.64   0.55   0.67   0.31   0.63   0.61   0.52   0.61   0.59   0.39   0.57   0.51   0.65   0.53   0.60   0.59   0.51   0.70   0.76   0.57   0.45   0.62   0.50   0.50   0.68   0.50   0.34   0.51   0.61   0.57   0.55   0.40   0.49   0.70   0.46   0.50   0.59   0.66   0.27   0.55   0.50   0.50   0.52   0.51   0.45   0.65   0.50   0.70   0.47   0.61   0.38   0.58   0.48   0.43   0.41   0.53   0.35   0.55   0.39   0.42   0.40   0.44   0.49   0.45   0.50   0.30   0.40   0.39   0.40   0.43   0.54   0.55   0.46   0.49   0.49   
0.04   0.07   0.14   0.10   0.06   0.16   0.02   0.08   0.70   0.78   0.10   0.28   0.63   0.09   0.11   0.08   0.02   0.01   0.02   0.30   0.02   0.13   0.26   0.86   0.20   0.00   0.00   0.02   0.00   0.10   0.46   0.12   0.03   0.93   0.64   0.02   0.50   0.97   0.99   0.01   0.07   0.68   0.05   0.99   0.99   0.14   0.12   0.93   0.44   0.42   0.10   0.74   0.22   0.82   0.88   0.75   0.89   0.78   0.72   0.30   0.31   0.46   0.65   0.29   0.17   0.08   0.85   0.26   0.22   0.16   0.46   0.86   0.90   0.04   0.86   0.27   0.76   0.93   
0.02   0.04   0.20   0.06   0.04   0.09   0.04   0.06   0.62   0.81   0.07   0.25   0.76   0.07   0.12   0.04   0.02   0.01   0.01   0.38   0.01   0.04   0.26   0.91   0.17   0.00   0.00   0.01   0.00   0.22   0.58   0.09   0.02   0.93   0.78   0.02   0.25   0.98   0.99   0.01   0.03   0.89   0.04   0.99   0.99   0.17   0.12   0.96   0.41   0.53   0.04   0.80   0.21   0.91   0.87   0.81   0.94   0.87   0.74   0.56   0.34   0.70   0.76   0.49   0.25   0.09   0.90   0.35   0.51   0.27   0.71   0.93   0.94   0.04   0.87   0.42   0.82   0.95   
0.50   0.15   0.81   0.50   0.39   0.50   0.61   0.50   0.11   0.63   0.50   0.50   0.82   0.50   0.38   0.50   0.50   0.50   0.50   0.51   0.50   0.50   0.38   0.50   0.50   0.50   0.50   0.50   0.50   0.50   0.50   0.50   0.30   0.50   0.50   0.47   0.50   0.50   0.50   0.50   0.50   0.50   0.50   0.50   0.50   0.50   0.50   0.50   0.50   0.91   0.50   0.50   0.23   0.29   0.14   0.50   0.50   0.50   0.73   0.55   0.50   0.50   0.44   0.50   0.50   0.95   0.20   0.50   0.50   0.94   0.50   0.50   0.50   0.50   0.50   0.56   0.50   0.50   
0.77   0.03   0.92   0.77   0.10   0.77   0.20   0.98   0.50   0.99   0.77   0.77   0.99   0.17   0.12   0.77   0.77   0.77   0.01   0.80   0.77   0.77   0.24   0.95   0.77   0.01   0.01   0.77   0.01   0.77   0.99   0.77   0.02   0.93   0.98   0.05   0.77   0.98   0.99   0.77   0.77   0.98   0.77   0.98   1.00   0.01   0.77   0.98   0.47   0.99   0.77   0.95   0.18   0.95   0.92   0.98   0.99   0.99   0.98   0.95   0.98   0.98   0.94   0.99   0.77   0.96   0.90   0.91   0.98   0.97   0.12   0.98   0.99   0.01   0.98   0.86   0.99   0.99   

0.65   0.62   0.46   0.64   0.55   0.67   0.31   0.63   0.61   0.52   0.61   0.59   0.39   0.57   0.51   0.65   0.53   0.60   0.59   0.51   0.70   0.76   0.57   0.45   0.62   0.50   0.50   0.68   0.50   0.34   0.51   0.61   0.57   0.55   0.40   0.49   0.70   0.46   0.50   0.59   0.66   0.27   0.55   0.50   0.50   0.52   0.51   0.45   0.65   0.50   0.70   0.47   0.61   0.38   0.58   0.48   0.43   0.41   0.53   0.35   0.55   0.39   0.42   0.40   0.44   0.49   0.45   0.50   0.30   0.40   0.39   0.40   0.43   0.54   0.55   0.46   0.49   0.49   
0.04   0.06   0.12   0.08   0.05   0.13   0.02   0.18   0.66   0.80   0.09   0.23   0.67   0.07   0.10   0.07   0.02   0.01   0.01   0.39   0.02   0.11   0.35   0.87   0.17   0.00   0.00   0.01   0.00   0.08   0.63   0.10   0.03   0.94   0.70   0.02   0.32   0.97   0.99   0.01   0.06   0.72   0.04   0.99   0.99   0.13   0.10   0.87   0.41   0.57   0.09   0.76   0.32   0.76   0.89   0.71   0.91   0.80   0.76   0.26   0.28   0.41   0.69   0.25   0.14   0.07   0.87   0.23   0.27   0.21   0.57   0.87   0.91   0.03   0.88   0.25   0.79   0.93   
0.02   0.04   0.18   0.06   0.04   0.08   0.04   0.16   0.58   0.83   0.06   0.21   0.79   0.06   0.12   0.04   0.02   0.01   0.01   0.50   0.01   0.04   0.38   0.92   0.15   0.00   0.00   0.01   0.00   0.19   0.65   0.08   0.02   0.94   0.83   0.02   0.21   0.98   0.99   0.01   0.03   0.91   0.03   0.99   0.99   0.16   0.11   0.92   0.38   0.60   0.04   0.82   0.33   0.87   0.89   0.77   0.95   0.88   0.78   0.51   0.31   0.65   0.79   0.45   0.21   0.09   0.92   0.32   0.60   0.38   0.76   0.94   0.95   0.03   0.89   0.39   0.85   0.96   
0.50   0.10   0.77   0.50   0.31   0.50   0.53   0.50   0.07   0.56   0.50   0.50   0.78   0.50   0.30   0.50   0.50   0.50   0.50   0.43   0.50   0.50   0.30   0.50   0.50   0.50   0.50   0.50   0.50   0.50   0.50   0.50   0.23   0.50   0.50   0.38   0.50   0.50   0.50   0.50   0.50   0.50   0.50   0.50   0.50   0.50   0.50   0.50   0.50   0.90   0.50   0.50   0.17   0.21   0.09   0.50   0.50   0.50   0.68   0.47   0.50   0.50   0.36   0.50   0.50   0.94   0.14   0.50   0.50   0.93   0.50   0.50   0.50   0.50   0.50   0.48   0.50   0.50   
0.78   0.01   0.85   0.78   0.06   0.78   0.13   0.98   0.28   0.98   0.78   0.78   0.99   0.16   0.07   0.78   0.78   0.78   0.01   0.73   0.78   0.78   0.24   0.94   0.78   0.01   0.01   0.78   0.01   0.78   0.99   0.78   0.01   0.92   0.98   0.03   0.78   0.98   0.99   0.78   0.78   0.98   0.78   0.98   1.00   0.01   0.78   0.98   0.31   0.99   0.78   0.95   0.11   0.89   0.87   0.98   0.99   0.99   0.97   0.90   0.98   0.98   0.91   0.99   0.78   0.92   0.84   0.89   0.98   0.96   0.12   0.98   0.99   0.01   0.98   0.69   0.99   0.99   

0.65   0.62   0.46   0.64   0.55   0.67   0.31   0.63   0.61   0.52   0.61   0.59   0.39   0.57   0.51   0.65   0.53   0.60   0.59   0.51   0.70   0.76   0.57   0.45   0.62   0.50   0.50   0.68   0.50   0.34   0.51   0.61   0.57   0.55   0.40   0.49   0.70   0.46   0.50   0.59   0.66   0.27   0.55   0.50   0.50   0.52   0.51   0.45   0.65   0.50   0.70   0.47   0.61   0.38   0.58   0.48   0.43   0.41   0.53   0.35   0.55   0.39   0.42   0.40   0.44   0.49   0.45   0.50   0.30   0.40   0.39   0.40   0.43   0.54   0.55   0.46   0.49   0.49   
0.04   0.06   0.11   0.08   0.05   0.13   0.02   0.17   0.63   0.77   0.08   0.22   0.63   0.07   0.09   0.07   0.02   0.01   0.01   0.36   0.02   0.11   0.33   0.87   0.17   0.00   0.00   0.01   0.00   0.09   0.50   0.10   0.05   0.92   0.66   0.02   0.35   0.97   0.99   0.01   0.06   0.67   0.04   0.99   0.99   0.12   0.10   0.85   0.38   0.56   0.09   0.73   0.29   0.73   0.89   0.67   0.88   0.77   0.73   0.24   0.26   0.38   0.65   0.23   0.13   0.07   0.84   0.22   0.25   0.20   0.47   0.85   0.89   0.03   0.86   0.23   0.76   0.92   
0.02   0.04   0.17   0.05   0.04   0.07   0.04   0.14   0.55   0.81   0.06   0.20   0.77   0.06   0.11   0.04   0.02   0.01   0.01   0.47   0.01   0.04   0.35   0.92   0.13   0.00   0.00   0.01   0.00   0.20   0.63   0.07   0.03   0.93   0.81   0.02   0.23   0.98   0.99   0.01   0.03   0.89   0.03   0.99   0.99   0.15   0.10   0.91   0.35   0.59   0.04   0.80   0.30   0.86   0.89   0.75   0.95   0.87   0.76   0.48   0.29   0.62   0.77   0.42   0.20   0.08   0.91   0.29   0.57   0.36   0.73   0.93   0.94   0.03   0.88   0.36   0.83   0.95   
0.50   0.10   0.78   0.50   0.31   0.50   0.54   0.50   0.07   0.57   0.50   0.50   0.79   0.50   0.30   0.50   0.50   0.50   0.50   0.44   0.50   0.50   0.30   0.50   0.50   0.50   0.50   0.50   0.50   0.50   0.50   0.50   0.22   0.50   0.50   0.39   0.50   0.50   0.50   0.50   0.50   0.50   0.50   0.50   0.50   0.50   0.50   0.50   0.50   0.91   0.50   0.50   0.16   0.21   0.09   0.50   0.50   0.50   0.69   0.47   0.50   0.50   0.36   0.50   0.50   0.95   0.13   0.50   0.50   0.94   0.50   0.50   0.50   0.50   0.50   0.49   0.50   0.50   
0.78   0.01   0.83   0.78   0.05   0.78   0.13   0.98   0.24   0.98   0.78   0.78   0.99   0.15   0.06   0.78   0.78   0.78   0.01   0.71   0.78   0.78   0.22   0.92   0.78   0.01   0.01   0.78   0.01   0.78   0.99   0.78   0.02   0.91   0.98   0.03   0.78   0.98   0.99   0.78   0.78   0.98   0.78   0.98   1.00   0.01   0.78   0.98   0.23   0.99   0.78   0.95   0.07   0.87   0.87   0.98   0.99   0.99   0.97   0.89   0.98   0.98   0.90   0.99   0.78   0.91   0.82   0.88   0.98   0.96   0.12   0.98   0.99   0.01   0.98   0.47   0.99   0.99   

0.65   0.62   0.46   0.64   0.55   0.67   0.31   0.63   0.61   0.52   0.61   0.59   0.39   0.57   0.51   0.65   0.53   0.60   0.59   0.51   0.70   0.76   0.57   0.45   0.62   0.50   0.50   0.68   0.50   0.34   0.51   0.61   0.57   0.55   0.40   0.49   0.70   0.46   0.50   0.59   0.66   0.27   0.55   0.50   0.50   0.52   0.51   0.45   0.65   0.50   0.70   0.47   0.61   0.38   0.58   0.48   0.43   0.41   0.53   0.35   0.55   0.39   0.42   0.40   0.44   0.49   0.45   0.50   0.30   0.40   0.39   0.40   0.43   0.54   0.55   0.46   0.49   0.49   
0.04   0.06   0.11   0.08   0.05   0.13   0.02   0.17   0.63   0.77   0.08   0.22   0.63   0.07   0.09   0.07   0.02   0.01   0.01   0.36   0.02   0.11   0.33   0.87   0.17   0.00   0.00   0.01   0.00   0.09   0.50   0.10   0.05   0.92   0.66   0.02   0.35   0.97   0.99   0.01   0.06   0.67   0.04   0.99   0.99   0.12   0.10   0.85   0.38   0.56   0.09   0.73   0.29   0.73   0.89   0.67   0.88   0.77   0.73   0.24   0.26   0.38   0.65   0.23   0.13   0.07   0.84   0.22   0.25   0.20   0.47   0.85   0.89   0.03   0.86   0.23   0.76   0.92   
0.02   0.04   0.17   0.05   0.04   0.07   0.04   0.14   0.55   0.81   0.06   0.20   0.77   0.06   0.11   0.04   0.02   0.01   0.01   0.47   0.01   0.04   0.35   0.92   0.13   0.00   0.00   0.01   0.00   0.20   0.63   0.07   0.03   0.93   0.81   0.02   0.23   0.98   0.99   0.01   0.03   0.89   0.03   0.99   0.99   0.15   0.10   0.91   0.35   0.59   0.04   0.80   0.30   0.86   0.89   0.75   0.95   0.87   0.76   0.48   0.29   0.62   0.77   0.42   0.20   0.08   0.91   0.29   0.57   0.36   0.73   0.93   0.94   0.03   0.88   0.36   0.83   0.95   
0.50   0.13   0.76   0.50   0.34   0.50   0.54   0.50   0.09   0.56   0.50   0.50   0.77   0.50   0.32   0.50   0.50   0.50   0.50   0.45   0.50   0.50   0.33   0.50   0.50   0.50   0.50   0.50   0.50   0.50   0.50   0.50   0.25   0.50   0.50   0.40   0.50   0.50   0.50   0.50   0.50   0.50   0.50   0.50   0.50   0.50   0.50   0.50   0.50   0.88   0.50   0.50   0.19   0.24   0.12   0.50   0.50   0.50   0.67   0.48   0.50   0.50   0.38   0.50   0.50   0.93   0.17   0.50   0.50   0.91   0.50   0.50   0.50   0.50   0.50   0.50   0.50   0.50   
0.78   0.02   0.82   0.78   0.06   0.78   0.13   0.98   0.32   0.98   0.78   0.78   0.99   0.15   0.07   0.78   0.78   0.78   0.01   0.73   0.78   0.78   0.26   0.93   0.78   0.01   0.01   0.78   0.01   0.78   0.99   0.78   0.03   0.92   0.98   0.03   0.78   0.98   0.99   0.78   0.78   0.98   0.78   0.98   1.00   0.01   0.78   0.98   0.26   0.98   0.78   0.95   0.10   0.89   0.90   0.98   0.99   0.99   0.97   0.90   0.98   0.98   0.91   0.99   0.78   0.89   0.86   0.89   0.98   0.95   0.12   0.98   0.99   0.01   0.98   0.51   0.99   0.99   

0.00   0.00   0.00   0.00   0.00   0.00   0.00   0.00   0.00   0.00   0.00   0.00   0.00   0.00   0.00   0.00   0.00   0.00   0.00   0.00   0.00   0.00   0.00   0.00   0.00   0.00   0.00   0.00   0.00   0.00   1.00   0.00   0.00   1.00   1.00   0.00   0.00   1.00   1.00   0.00   0.00   1.00   0.00   1.00   1.00   1.00   0.00   1.00   0.00   1.00   0.00   1.00   1.00   1.00   1.00   1.00   1.00   1.00   1.00   1.00   1.00   1.00   1.00   1.00   0.00   1.00   1.00   1.00   1.00   1.00   1.00   1.00   1.00   1.00   1.00   1.00   1.00   1.00   