5.00   5.00   5.00   5.00   5.00   5.00   5.00   5.00   5.00   5.00   5.00   5.00   5.00   5.00   5.00   5.00   5.00   5.00   5.00   5.00   5.00   5.00   5.00   5.00   5.00   5.00   5.00   5.00   5.00   5.00   5.00   5.00   5.00   5.00   5.00   5.00   5.00   5.00   5.00   5.00   5.00   5.00   5.00   5.00   5.00   5.00   5.00   5.00   5.00   5.00   5.00   5.00   5.00   5.00   5.00   5.00   5.00   5.00   5.00   5.00   5.00   5.00   5.00   5.00   5.00   5.00   5.00   5.00   5.00   5.00   5.00   5.00   5.00   5.00   5.00   5.00   5.00   5.00   
0.05   0.05   0.05   0.05   0.05   0.05   0.05   0.05   0.05   0.98   0.25   0.25   0.25   0.05   0.05   0.05   0.05   0.05   0.05   0.05   0.25   0.05   0.05   0.05   0.05   0.93   0.05   0.05   0.05   0.05   0.05   0.05   0.05   0.05   0.05   0.05   0.93   0.05   0.05   0.25   0.93   0.05   0.93   0.05   0.05   0.05   0.05   0.25   0.05   0.05   0.93   0.98   0.93   0.93   0.93   0.98   0.93   0.93   0.93   0.93   0.05   0.98   0.05   0.93   0.93   0.05   0.93   0.93   0.05   0.93   0.93   0.93   0.05   0.93   0.93   0.98   0.93   0.93   
5.00   5.00   5.00   5.00   5.00   5.00   5.00   5.00   5.00   5.00   5.00   5.00   5.00   5.00   5.00   5.00   5.00   5.00   5.00   5.00   5.00   5.00   5.00   5.00   5.00   5.00   5.00   5.00   5.00   5.00   5.00   5.00   5.00   5.00   5.00   5.00   5.00   5.00   5.00   5.00   5.00   5.00   5.00   5.00   5.00   5.00   5.00   5.00   5.00   5.00   5.00   5.00   5.00   5.00   5.00   5.00   5.00   5.00   5.00   5.00   5.00   5.00   5.00   5.00   5.00   5.00   5.00   5.00   5.00   5.00   5.00   5.00   5.00   5.00   5.00   5.00   5.00   5.00   
0.89   0.05   0.89   0.89   0.89   0.05   0.05   0.05   0.05   0.98   0.90   0.06   0.06   0.89   0.05   0.05   0.05   0.05   0.05   0.89   0.06   0.89   0.05   0.89   0.89   0.98   0.05   0.05   0.05   0.05   0.05   0.05   0.05   0.05   0.05   0.05   0.98   0.89   0.89   0.90   0.98   0.89   0.98   0.89   0.89   0.05   0.05   0.06   0.89   0.05   0.63   0.65   0.63   0.98   0.63   0.98   0.98   0.63   0.98   0.98   0.89   0.98   0.89   0.98   0.98   0.05   0.98   0.63   0.05   0.63   0.98   0.98   0.05   0.63   0.63   0.65   0.63   0.63   
5.00   5.00   5.00   5.00   5.00   5.00   5.00   5.00   5.00   5.00   5.00   5.00   5.00   5.00   5.00   5.00   5.00   5.00   5.00   5.00   5.00   5.00   5.00   5.00   5.00   5.00   5.00   5.00   5.00   5.00   5.00   5.00   5.00   5.00   5.00   5.00   5.00   5.00   5.00   5.00   5.00   5.00   5.00   5.00   5.00   5.00   5.00   5.00   5.00   5.00   5.00   5.00   5.00   5.00   5.00   5.00   5.00   5.00   5.00   5.00   5.00   5.00   5.00   5.00   5.00   5.00   5.00   5.00   5.00   5.00   5.00   5.00   5.00   5.00   5.00   5.00   5.00   5.00   
0.59   0.04   0.59   0.59   0.59   0.04   0.04   0.04   0.04   0.98   0.58   0.04   0.04   0.59   0.04   0.04   0.04   0.04   0.04   0.59   0.04   0.59   0.04   0.59   0.59   0.98   0.04   0.04   0.04   0.04   0.04   0.04   0.04   0.04   0.82   0.82   0.98   0.59   0.59   0.58   0.98   0.87   0.98   0.59   0.59   0.04   0.04   0.04   0.87   0.04   0.95   0.95   0.95   0.98   0.82   0.98   0.98   0.82   0.88   0.88   0.59   0.88   0.59   0.98   0.88   0.04   0.98   0.95   0.82   0.82   0.98   0.98   0.04   0.82   0.82   0.82   0.95   0.95   
5.00   5.00   5.00   5.00   5.00   5.00   5.00   5.00   5.00   5.00   5.00   5.00   5.00   5.00   5.00   5.00   5.00   5.00   5.00   5.00   5.00   5.00   5.00   5.00   5.00   5.00   5.00   5.00   5.00   5.00   5.00   5.00   5.00   5.00   5.00   5.00   5.00   5.00   5.00   5.00   5.00   5.00   5.00   5.00   5.00   5.00   5.00   5.00   5.00   5.00   5.00   5.00   5.00   5.00   5.00   5.00   5.00   5.00   5.00   5.00   5.00   5.00   5.00   5.00   5.00   5.00   5.00   5.00   5.00   5.00   5.00   5.00   5.00   5.00   5.00   5.00   5.00   5.00   
0.23   0.03   0.23   0.23   0.23   0.03   0.03   0.03   0.03   0.91   0.20   0.02   0.02   0.23   0.03   0.03   0.03   0.03   0.03   0.23   0.02   0.23   0.55   0.65   0.23   0.91   0.03   0.03   0.03   0.03   0.03   0.03   0.55   0.03   0.67   0.82   0.99   0.23   0.23   0.20   0.99   0.74   0.99   0.23   0.23   0.03   0.03   0.02   0.74   0.03   0.88   0.96   0.96   0.91   0.64   0.98   0.99   0.64   0.72   0.86   0.23   0.86   0.23   0.99   0.72   0.03   0.91   0.96   0.82   0.64   0.91   0.99   0.55   0.82   0.64   0.63   0.96   0.96   
5.00   5.00   5.00   5.00   5.00   5.00   5.00   5.00   5.00   5.00   5.00   5.00   5.00   5.00   5.00   5.00   5.00   5.00   5.00   5.00   5.00   5.00   5.00   5.00   5.00   5.00   5.00   5.00   5.00   5.00   5.00   5.00   5.00   5.00   5.00   5.00   5.00   5.00   5.00   5.00   5.00   5.00   5.00   5.00   5.00   5.00   5.00   5.00   5.00   5.00   5.00   5.00   5.00   5.00   5.00   5.00   5.00   5.00   5.00   5.00   5.00   5.00   5.00   5.00   5.00   5.00   5.00   5.00   5.00   5.00   5.00   5.00   5.00   5.00   5.00   5.00   5.00   5.00   
0.14   0.03   0.14   0.14   0.14   0.03   0.03   0.03   0.03   0.82   0.11   0.02   0.02   0.14   0.03   0.03   0.03   0.03   0.03   0.14   0.02   0.14   0.48   0.56   0.14   0.83   0.03   0.03   0.03   0.03   0.03   0.03   0.77   0.03   0.57   0.89   0.99   0.14   0.14   0.11   0.91   0.83   0.99   0.14   0.14   0.03   0.03   0.02   0.63   0.03   0.92   0.97   0.98   0.94   0.81   0.99   0.99   0.55   0.62   0.92   0.14   0.78   0.14   0.99   0.62   0.03   0.83   0.89   0.75   0.55   0.94   0.99   0.48   0.90   0.81   0.53   0.98   0.89   
5.00   5.00   5.00   5.00   5.00   5.00   5.00   5.00   5.00   5.00   5.00   5.00   5.00   5.00   5.00   5.00   5.00   5.00   5.00   5.00   5.00   5.00   5.00   5.00   5.00   5.00   5.00   5.00   5.00   5.00   5.00   5.00   5.00   5.00   5.00   5.00   5.00   5.00   5.00   5.00   5.00   5.00   5.00   5.00   5.00   5.00   5.00   5.00   5.00   5.00   5.00   5.00   5.00   5.00   5.00   5.00   5.00   5.00   5.00   5.00   5.00   5.00   5.00   5.00   5.00   5.00   5.00   5.00   5.00   5.00   5.00   5.00   5.00   5.00   5.00   5.00   5.00   5.00   
0.02   0.14   0.20   0.20   0.20   0.14   0.14   0.14   0.14   0.82   0.20   0.14   0.14   0.02   0.14   0.01   0.14   0.14   0.14   0.20   0.14   0.20   0.54   0.58   0.20   0.82   0.01   0.01   0.01   0.01   0.01   0.01   0.77   0.14   0.58   0.88   0.99   0.20   0.20   0.02   0.77   0.65   0.99   0.02   0.02   0.14   0.14   0.14   0.61   0.14   0.92   0.98   0.98   0.93   0.81   0.99   0.99   0.59   0.62   0.91   0.20   0.79   0.02   0.99   0.62   0.14   0.82   0.90   0.76   0.59   0.93   0.99   0.54   0.90   0.81   0.32   0.98   0.90   
5.00   5.00   5.00   5.00   5.00   5.00   5.00   5.00   5.00   5.00   5.00   5.00   5.00   5.00   5.00   5.00   5.00   5.00   5.00   5.00   5.00   5.00   5.00   5.00   5.00   5.00   5.00   5.00   5.00   5.00   5.00   5.00   5.00   5.00   5.00   5.00   5.00   5.00   5.00   5.00   5.00   5.00   5.00   5.00   5.00   5.00   5.00   5.00   5.00   5.00   5.00   5.00   5.00   5.00   5.00   5.00   5.00   5.00   5.00   5.00   5.00   5.00   5.00   5.00   5.00   5.00   5.00   5.00   5.00   5.00   5.00   5.00   5.00   5.00   5.00   5.00   5.00   5.00   
0.01   0.08   0.14   0.14   0.14   0.23   0.23   0.08   0.23   0.86   0.33   0.24   0.24   0.05   0.23   0.03   0.23   0.08   0.23   0.32   0.24   0.32   0.62   0.66   0.32   0.86   0.01   0.01   0.01   0.01   0.01   0.01   0.78   0.08   0.67   0.91   0.99   0.14   0.14   0.05   0.84   0.75   0.99   0.01   0.05   0.23   0.23   0.08   0.70   0.23   0.94   0.96   0.98   0.95   0.85   0.97   0.99   0.68   0.71   0.93   0.32   0.84   0.05   0.99   0.71   0.08   0.86   0.89   0.76   0.68   0.95   0.99   0.53   0.92   0.85   0.38   0.96   0.91   
5.00   5.00   5.00   5.00   5.00   5.00   5.00   5.00   5.00   5.00   5.00   5.00   5.00   5.00   5.00   5.00   5.00   5.00   5.00   5.00   5.00   5.00   5.00   5.00   5.00   5.00   5.00   5.00   5.00   5.00   5.00   5.00   5.00   5.00   5.00   5.00   5.00   5.00   5.00   5.00   5.00   5.00   5.00   5.00   5.00   5.00   5.00   5.00   5.00   5.00   5.00   5.00   5.00   5.00   5.00   5.00   5.00   5.00   5.00   5.00   5.00   5.00   5.00   5.00   5.00   5.00   5.00   5.00   5.00   5.00   5.00   5.00   5.00   5.00   5.00   5.00   5.00   5.00   
0.02   0.05   0.11   0.11   0.11   0.19   0.57   0.05   0.19   0.90   0.29   0.18   0.18   0.44   0.19   0.03   0.19   0.05   0.19   0.62   0.18   0.30   0.76   0.78   0.30   0.91   0.01   0.01   0.01   0.01   0.01   0.01   0.84   0.05   0.81   0.94   0.99   0.11   0.11   0.06   0.91   0.87   0.99   0.02   0.07   0.19   0.19   0.05   0.83   0.19   0.91   0.93   0.99   0.92   0.82   0.98   0.99   0.77   0.79   0.90   0.30   0.80   0.07   0.96   0.67   0.05   0.91   0.87   0.85   0.77   0.96   0.99   0.51   0.89   0.88   0.35   0.97   0.94   
5.00   5.00   5.00   5.00   5.00   5.00   5.00   5.00   5.00   5.00   5.00   5.00   5.00   5.00   5.00   5.00   5.00   5.00   5.00   5.00   5.00   5.00   5.00   5.00   5.00   5.00   5.00   5.00   5.00   5.00   5.00   5.00   5.00   5.00   5.00   5.00   5.00   5.00   5.00   5.00   5.00   5.00   5.00   5.00   5.00   5.00   5.00   5.00   5.00   5.00   5.00   5.00   5.00   5.00   5.00   5.00   5.00   5.00   5.00   5.00   5.00   5.00   5.00   5.00   5.00   5.00   5.00   5.00   5.00   5.00   5.00   5.00   5.00   5.00   5.00   5.00   5.00   5.00   
0.01   0.04   0.07   0.07   0.07   0.16   0.55   0.04   0.16   0.88   0.21   0.14   0.14   0.68   0.16   0.42   0.16   0.04   0.16   0.75   0.14   0.23   0.82   0.83   0.23   0.93   0.01   0.01   0.01   0.01   0.01   0.01   0.80   0.04   0.87   0.96   0.99   0.07   0.07   0.07   0.94   0.91   0.96   0.01   0.08   0.55   0.16   0.03   0.88   0.16   0.93   0.94   0.99   0.94   0.86   0.98   0.99   0.84   0.76   0.86   0.23   0.74   0.08   0.93   0.61   0.04   0.93   0.83   0.89   0.84   0.97   0.99   0.41   0.90   0.91   0.58   0.98   0.95   
5.00   5.00   5.00   5.00   5.00   5.00   5.00   5.00   5.00   5.00   5.00   5.00   5.00   5.00   5.00   5.00   5.00   5.00   5.00   5.00   5.00   5.00   5.00   5.00   5.00   5.00   5.00   5.00   5.00   5.00   5.00   5.00   5.00   5.00   5.00   5.00   5.00   5.00   5.00   5.00   5.00   5.00   5.00   5.00   5.00   5.00   5.00   5.00   5.00   5.00   5.00   5.00   5.00   5.00   5.00   5.00   5.00   5.00   5.00   5.00   5.00   5.00   5.00   5.00   5.00   5.00   5.00   5.00   5.00   5.00   5.00   5.00   5.00   5.00   5.00   5.00   5.00   5.00   
0.01   0.04   0.07   0.07   0.07   0.15   0.53   0.04   0.15   0.87   0.21   0.13   0.13   0.67   0.15   0.40   0.15   0.04   0.15   0.74   0.13   0.22   0.81   0.82   0.23   0.93   0.01   0.01   0.01   0.01   0.01   0.01   0.79   0.04   0.86   0.95   0.99   0.07   0.07   0.06   0.94   0.91   0.96   0.01   0.07   0.53   0.15   0.03   0.87   0.15   0.93   0.94   0.99   0.93   0.85   0.98   0.99   0.83   0.75   0.85   0.23   0.73   0.07   0.92   0.59   0.04   0.93   0.82   0.88   0.83   0.97   0.99   0.40   0.90   0.90   0.57   0.97   0.95   
5.00   5.00   5.00   5.00   5.00   5.00   5.00   5.00   5.00   5.00   5.00   5.00   5.00   5.00   5.00   5.00   5.00   5.00   5.00   5.00   5.00   5.00   5.00   5.00   5.00   5.00   5.00   5.00   5.00   5.00   5.00   5.00   5.00   5.00   5.00   5.00   5.00   5.00   5.00   5.00   5.00   5.00   5.00   5.00   5.00   5.00   5.00   5.00   5.00   5.00   5.00   5.00   5.00   5.00   5.00   5.00   5.00   5.00   5.00   5.00   5.00   5.00   5.00   5.00   5.00   5.00   5.00   5.00   5.00   5.00   5.00   5.00   5.00   5.00   5.00   5.00   5.00   5.00   
0.01   0.01   0.15   0.15   0.15   0.03   0.54   0.11   0.19   0.89   0.24   0.18   0.18   0.69   0.19   0.37   0.19   0.01   0.03   0.76   0.18   0.25   0.82   0.84   0.04   0.94   0.01   0.01   0.01   0.01   0.01   0.01   0.81   0.11   0.88   0.97   0.99   0.15   0.15   0.14   0.94   0.93   0.97   0.09   0.14   0.51   0.03   0.11   0.90   0.19   0.93   0.94   0.99   0.94   0.85   0.98   0.99   0.83   0.75   0.84   0.25   0.70   0.14   0.93   0.14   0.11   0.94   0.82   0.90   0.83   0.98   0.99   0.07   0.89   0.91   0.15   0.98   0.96   
0.53   0.41   0.31   0.35   0.24   0.32   0.27   0.34   0.21   0.29   0.37   0.33   0.37   0.23   0.32   0.23   0.33   0.31   0.30   0.32   0.47   0.30   0.25   0.29   0.34   0.26   0.50   0.50   0.50   0.50   0.50   0.50   0.24   0.30   0.33   0.27   0.50   0.31   0.27   0.43   0.19   0.19   0.27   0.56   0.26   0.29   0.39   0.35   0.22   0.24   0.22   0.27   0.21   0.28   0.27   0.28   0.50   0.22   0.28   0.34   0.30   0.25   0.34   0.27   0.21   0.22   0.29   0.28   0.24   0.24   0.20   0.50   0.27   0.23   0.28   0.27   0.28   0.25   
0.01   0.01   0.05   0.06   0.03   0.01   0.17   0.04   0.03   0.68   0.09   0.06   0.07   0.51   0.06   0.09   0.06   0.01   0.01   0.67   0.10   0.07   0.66   0.73   0.02   0.87   0.01   0.01   0.01   0.01   0.01   0.01   0.32   0.03   0.82   0.93   0.99   0.05   0.04   0.07   0.75   0.78   0.86   0.08   0.04   0.16   0.02   0.04   0.76   0.04   0.70   0.76   0.92   0.78   0.41   0.92   0.99   0.52   0.31   0.63   0.07   0.22   0.06   0.73   0.02   0.02   0.82   0.40   0.67   0.38   0.86   0.99   0.02   0.61   0.72   0.04   0.90   0.84   
0.05   0.16   0.36   0.27   0.68   0.35   0.54   0.28   0.83   0.54   0.28   0.36   0.21   0.73   0.39   0.68   0.33   0.50   0.44   0.43   0.09   0.48   0.61   0.44   0.32   0.53   0.50   0.50   0.50   0.50   0.50   0.50   0.67   0.44   0.37   0.56   0.50   0.42   0.59   0.11   0.85   0.86   0.64   0.03   0.65   0.48   0.15   0.31   0.77   0.65   0.76   0.58   0.73   0.60   0.49   0.56   0.50   0.77   0.55   0.40   0.48   0.65   0.37   0.59   0.79   0.72   0.58   0.45   0.68   0.66   0.82   0.50   0.41   0.73   0.49   0.56   0.52   0.58   
0.00   0.00   0.09   0.06   0.59   0.02   0.74   0.05   0.81   0.92   0.11   0.11   0.06   0.94   0.14   0.76   0.11   0.02   0.03   0.85   0.02   0.24   0.94   0.89   0.03   0.97   0.01   0.01   0.01   0.01   0.01   0.01   0.92   0.08   0.90   0.98   0.99   0.12   0.22   0.02   0.99   0.99   0.98   0.00   0.57   0.47   0.01   0.05   0.98   0.61   0.98   0.96   0.99   0.96   0.87   0.98   0.99   0.96   0.85   0.81   0.24   0.87   0.10   0.95   0.72   0.24   0.96   0.83   0.96   0.93   0.99   0.99   0.08   0.96   0.92   0.28   0.98   0.97   
0.50   0.50   0.29   0.20   0.72   0.25   0.48   0.19   0.86   0.48   0.25   0.29   0.15   0.77   0.30   0.73   0.29   0.50   0.43   0.29   0.04   0.50   0.77   0.43   0.24   0.53   0.50   0.50   0.50   0.50   0.50   0.50   0.67   0.41   0.32   0.57   0.50   0.47   0.55   0.06   0.91   0.50   0.74   0.50   0.70   0.53   0.11   0.25   0.88   0.60   0.80   0.59   0.50   0.64   0.47   0.59   0.50   0.85   0.49   0.34   0.58   0.66   0.35   0.56   0.83   0.73   0.58   0.52   0.69   0.72   0.50   0.50   0.44   0.81   0.51   0.56   0.53   0.77   
0.01   0.01   0.06   0.04   0.60   0.01   0.44   0.02   0.82   0.88   0.08   0.07   0.03   0.94   0.08   0.78   0.07   0.01   0.03   0.72   0.01   0.22   0.98   0.92   0.02   0.96   0.01   0.01   0.01   0.01   0.01   0.01   0.91   0.06   0.85   0.99   0.99   0.12   0.15   0.01   1.00   0.96   0.99   0.08   0.60   0.46   0.00   0.03   0.99   0.23   0.99   0.95   0.98   0.98   0.91   0.98   0.99   0.97   0.78   0.74   0.57   0.85   0.08   0.94   0.72   0.21   0.95   0.84   0.97   0.94   0.98   0.99   0.07   0.97   0.91   0.21   0.97   0.98   
0.50   0.50   0.26   0.18   0.73   0.26   0.49   0.16   0.88   0.54   0.27   0.33   0.14   0.79   0.35   0.76   0.28   0.50   0.41   0.34   0.05   0.49   0.79   0.46   0.24   0.60   0.50   0.50   0.50   0.50   0.50   0.50   0.74   0.38   0.34   0.55   0.50   0.47   0.56   0.06   0.50   0.50   0.81   0.50   0.71   0.52   0.50   0.23   0.89   0.68   0.81   0.62   0.50   0.62   0.53   0.62   0.50   0.85   0.51   0.40   0.59   0.68   0.34   0.55   0.90   0.76   0.59   0.53   0.72   0.74   0.50   0.50   0.43   0.83   0.55   0.56   0.56   0.83   
0.01   0.01   0.05   0.03   0.61   0.01   0.47   0.02   0.85   0.90   0.09   0.09   0.03   0.95   0.11   0.81   0.07   0.01   0.02   0.78   0.01   0.21   0.98   0.93   0.02   0.97   0.01   0.01   0.01   0.01   0.01   0.01   0.93   0.05   0.86   0.99   0.99   0.12   0.16   0.01   0.97   0.96   0.99   0.08   0.63   0.46   0.03   0.03   0.99   0.63   0.99   0.96   0.99   0.98   0.93   0.98   0.99   0.97   0.80   0.79   0.58   0.87   0.08   0.94   0.83   0.24   0.96   0.85   0.98   0.94   0.98   0.99   0.06   0.98   0.93   0.21   0.97   0.99   
0.50   0.50   0.16   0.13   0.68   0.17   0.38   0.09   0.89   0.55   0.20   0.26   0.09   0.81   0.26   0.74   0.17   0.50   0.30   0.31   0.02   0.45   0.79   0.44   0.20   0.68   0.50   0.50   0.50   0.50   0.50   0.50   0.72   0.27   0.30   0.50   0.50   0.40   0.47   0.03   0.50   0.50   0.50   0.50   0.73   0.42   0.50   0.20   0.96   0.60   0.84   0.55   0.50   0.60   0.54   0.62   0.50   0.89   0.54   0.47   0.75   0.70   0.35   0.49   0.93   0.75   0.65   0.53   0.77   0.79   0.50   0.50   0.37   0.80   0.53   0.48   0.62   0.88   
0.01   0.01   0.02   0.02   0.19   0.01   0.31   0.01   0.84   0.90   0.05   0.05   0.01   0.95   0.06   0.78   0.03   0.01   0.01   0.72   0.00   0.16   0.98   0.92   0.01   0.98   0.01   0.01   0.01   0.01   0.01   0.01   0.92   0.03   0.83   0.99   0.99   0.07   0.09   0.00   0.97   0.96   0.98   0.06   0.62   0.32   0.03   0.02   1.00   0.21   0.99   0.94   0.99   0.97   0.93   0.98   0.99   0.98   0.80   0.83   0.72   0.87   0.07   0.92   0.85   0.19   0.96   0.84   0.98   0.95   0.98   0.99   0.04   0.97   0.92   0.14   0.97   0.99   
0.50   0.50   0.15   0.13   0.69   0.16   0.35   0.08   0.90   0.58   0.17   0.22   0.07   0.83   0.25   0.73   0.14   0.50   0.29   0.34   0.50   0.45   0.79   0.47   0.21   0.73   0.50   0.50   0.50   0.50   0.50   0.50   0.72   0.29   0.32   0.52   0.50   0.39   0.47   0.50   0.50   0.50   0.50   0.50   0.76   0.42   0.50   0.21   0.50   0.61   0.84   0.56   0.50   0.61   0.56   0.64   0.50   0.90   0.56   0.51   0.79   0.74   0.37   0.49   0.93   0.77   0.65   0.55   0.80   0.82   0.50   0.50   0.38   0.79   0.58   0.49   0.64   0.89   
0.01   0.01   0.02   0.02   0.20   0.01   0.29   0.01   0.86   0.92   0.04   0.04   0.01   0.96   0.05   0.76   0.03   0.01   0.01   0.76   0.12   0.14   0.98   0.93   0.01   0.98   0.01   0.01   0.01   0.01   0.01   0.01   0.92   0.03   0.85   0.99   0.99   0.07   0.09   0.11   0.97   0.96   0.98   0.06   0.64   0.31   0.02   0.02   0.93   0.21   0.99   0.95   0.99   0.98   0.94   0.98   0.99   0.98   0.82   0.85   0.76   0.89   0.07   0.92   0.83   0.20   0.96   0.85   0.99   0.96   0.98   0.99   0.04   0.97   0.93   0.13   0.98   0.99   
0.50   0.50   0.15   0.13   0.69   0.16   0.35   0.08   0.90   0.58   0.17   0.22   0.07   0.83   0.25   0.73   0.14   0.50   0.29   0.34   0.50   0.45   0.79   0.47   0.21   0.73   0.50   0.50   0.50   0.50   0.50   0.50   0.72   0.29   0.32   0.52   0.50   0.39   0.47   0.50   0.50   0.50   0.50   0.50   0.76   0.42   0.50   0.21   0.50   0.61   0.84   0.56   0.50   0.61   0.56   0.64   0.50   0.90   0.56   0.51   0.79   0.74   0.37   0.49   0.93   0.77   0.65   0.55   0.80   0.82   0.50   0.50   0.38   0.79   0.58   0.49   0.64   0.89   
0.01   0.01   0.02   0.01   0.17   0.01   0.27   0.01   0.85   0.91   0.04   0.03   0.01   0.96   0.05   0.78   0.03   0.01   0.01   0.76   0.12   0.13   0.98   0.93   0.01   0.98   0.01   0.01   0.01   0.01   0.01   0.01   0.92   0.02   0.84   0.99   0.99   0.06   0.08   0.11   0.97   0.96   0.98   0.06   0.66   0.31   0.03   0.02   0.92   0.23   0.99   0.95   0.99   0.98   0.94   0.98   0.99   0.98   0.82   0.86   0.77   0.88   0.07   0.92   0.88   0.22   0.96   0.86   0.99   0.96   0.98   0.99   0.06   0.97   0.93   0.18   0.98   0.99   
0.50   0.50   0.15   0.13   0.69   0.16   0.35   0.08   0.90   0.58   0.17   0.22   0.07   0.83   0.25   0.73   0.14   0.50   0.29   0.34   0.50   0.45   0.79   0.47   0.21   0.73   0.50   0.50   0.50   0.50   0.50   0.50   0.72   0.29   0.32   0.52   0.50   0.39   0.47   0.50   0.50   0.50   0.50   0.50   0.76   0.42   0.50   0.21   0.50   0.61   0.84   0.56   0.50   0.61   0.56   0.64   0.50   0.90   0.56   0.51   0.79   0.74   0.37   0.49   0.93   0.77   0.65   0.55   0.80   0.82   0.50   0.50   0.38   0.79   0.58   0.49   0.64   0.89   
0.01   0.01   0.01   0.01   0.14   0.03   0.23   0.01   0.81   0.91   0.03   0.08   0.01   0.96   0.04   0.49   0.02   0.01   0.01   0.70   0.11   0.23   0.98   0.93   0.01   0.97   0.01   0.01   0.01   0.01   0.01   0.01   0.93   0.02   0.84   0.98   0.99   0.04   0.06   0.10   0.96   0.96   0.98   0.05   0.75   0.24   0.03   0.01   0.92   0.20   0.99   0.93   0.99   0.97   0.92   0.98   0.99   0.98   0.79   0.87   0.82   0.90   0.05   0.93   0.89   0.17   0.95   0.83   0.98   0.95   0.98   0.99   0.05   0.97   0.93   0.16   0.98   0.99   
0.50   0.50   0.13   0.15   0.68   0.14   0.30   0.50   0.88   0.62   0.17   0.22   0.09   0.84   0.26   0.74   0.16   0.50   0.28   0.37   0.50   0.43   0.79   0.45   0.22   0.73   0.50   0.50   0.50   0.50   0.50   0.50   0.71   0.23   0.40   0.57   0.50   0.34   0.47   0.50   0.50   0.50   0.50   0.50   0.74   0.38   0.50   0.18   0.50   0.60   0.84   0.58   0.50   0.60   0.57   0.65   0.50   0.91   0.61   0.53   0.79   0.74   0.36   0.51   0.93   0.76   0.68   0.61   0.81   0.84   0.50   0.50   0.42   0.80   0.59   0.52   0.65   0.89   
0.01   0.01   0.01   0.01   0.13   0.03   0.20   0.06   0.80   0.93   0.03   0.07   0.01   0.96   0.04   0.76   0.03   0.01   0.01   0.75   0.11   0.23   0.98   0.93   0.01   0.98   0.01   0.01   0.01   0.01   0.01   0.01   0.93   0.01   0.89   0.99   0.99   0.04   0.06   0.10   0.97   0.96   0.98   0.05   0.75   0.24   0.03   0.01   0.92   0.19   0.99   0.95   0.99   0.97   0.93   0.98   0.99   0.98   0.83   0.89   0.83   0.91   0.05   0.94   0.90   0.17   0.96   0.88   0.99   0.96   0.98   0.99   0.07   0.98   0.94   0.20   0.98   0.99   
