0.30   0.36   0.43   0.31   0.56   0.25   0.42   0.12   0.57   0.66   0.08   0.46   0.21   0.50   0.20   0.36   0.13   0.10   0.29   0.81   0.08   0.46   0.50   0.23   0.28   0.52   0.30   0.11   0.16   0.32   0.66   0.34   0.67   0.17   0.40   0.82   0.69   0.16   0.66   0.14   0.77   0.74   0.90   0.14   0.33   0.29   0.13   0.41   0.77   0.30   0.89   0.59   0.34   0.56   0.54   0.75   0.82   0.92   0.68   0.62   0.82   0.41   0.31   0.61   0.84   0.50   0.62   0.61   0.57   0.88   0.64   0.68   0.54   0.58   0.57   0.63   0.74   0.48   
0.74   0.79   0.84   0.75   0.89   0.69   0.83   0.03   0.90   0.98   0.00   0.02   0.01   0.87   0.63   0.79   0.04   0.03   0.73   0.97   0.00   0.85   0.87   0.67   0.73   0.99   0.74   0.03   0.56   0.76   0.93   0.77   0.93   0.59   0.82   0.97   0.99   0.56   0.93   0.00   1.00   0.95   1.00   0.04   0.77   0.73   0.04   0.01   0.96   0.74   1.00   0.97   0.97   0.99   0.99   0.99   1.00   1.00   0.99   0.99   0.97   0.95   0.75   0.99   1.00   0.87   0.99   0.99   0.90   1.00   0.99   0.99   0.89   0.99   0.99   0.98   0.99   0.98   
0.10   0.25   0.39   0.21   0.58   0.23   0.39   0.04   0.50   0.78   0.50   0.43   0.50   0.60   0.14   0.38   0.05   0.05   0.19   0.89   0.50   0.42   0.57   0.21   0.20   0.75   0.28   0.04   0.06   0.24   0.66   0.31   0.79   0.08   0.43   0.93   0.82   0.06   0.71   0.50   0.50   0.85   0.50   0.04   0.26   0.18   0.06   0.33   0.91   0.28   0.50   0.63   0.37   0.47   0.69   0.91   0.50   0.50   0.84   0.63   0.93   0.49   0.20   0.72   0.50   0.62   0.73   0.68   0.71   0.50   0.74   0.80   0.61   0.66   0.73   0.71   0.50   0.54   
0.54   0.02   0.87   0.72   0.93   0.02   0.63   0.00   0.72   0.99   0.02   0.01   0.02   0.94   0.01   0.62   0.00   0.00   0.02   0.99   0.02   0.88   0.78   0.73   0.71   1.00   0.03   0.00   0.00   0.02   0.84   0.03   0.91   0.01   0.67   0.97   1.00   0.18   0.96   0.02   0.98   0.98   0.98   0.12   0.78   0.02   0.00   0.01   0.99   0.03   0.98   0.96   0.91   0.98   0.98   1.00   0.98   0.98   1.00   0.99   0.99   0.98   0.72   0.99   0.98   0.81   1.00   0.97   0.87   0.98   1.00   1.00   0.80   0.97   0.98   0.97   0.98   0.95   
0.09   0.14   0.47   0.16   0.58   0.30   0.43   0.50   0.57   0.50   0.50   0.47   0.50   0.75   0.15   0.43   0.50   0.50   0.19   0.95   0.50   0.52   0.52   0.22   0.10   0.50   0.29   0.50   0.50   0.21   0.80   0.28   0.90   0.50   0.78   0.97   0.50   0.02   0.89   0.50   0.50   0.94   0.50   0.03   0.34   0.14   0.50   0.29   0.97   0.30   0.50   0.75   0.40   0.52   0.85   0.50   0.50   0.50   0.50   0.78   0.99   0.40   0.20   0.50   0.50   0.77   0.50   0.89   0.85   0.50   0.50   0.50   0.81   0.86   0.85   0.80   0.50   0.64   
0.08   0.01   0.79   0.15   0.85   0.04   0.06   0.71   0.72   0.96   0.01   0.01   0.01   0.93   0.02   0.06   0.71   0.71   0.02   0.99   0.01   0.82   0.68   0.21   0.09   0.98   0.04   0.71   0.71   0.02   0.89   0.03   0.94   0.71   0.97   1.00   0.98   0.02   0.97   0.01   0.98   0.99   0.98   0.02   0.69   0.01   0.71   0.01   1.00   0.04   0.98   0.99   0.96   0.99   0.99   0.96   0.98   0.98   0.98   0.98   1.00   0.90   0.18   0.98   0.98   0.87   0.98   1.00   0.98   0.98   0.98   0.98   0.89   0.99   0.99   0.97   0.98   0.98   
0.10   0.12   0.43   0.19   0.62   0.25   0.42   0.50   0.52   0.50   0.50   0.40   0.50   0.76   0.14   0.38   0.50   0.50   0.24   0.93   0.50   0.41   0.52   0.18   0.09   0.50   0.23   0.50   0.50   0.20   0.70   0.21   0.88   0.50   0.81   0.50   0.50   0.02   0.87   0.50   0.50   0.50   0.50   0.04   0.33   0.16   0.50   0.50   0.50   0.29   0.50   0.77   0.48   0.55   0.80   0.50   0.50   0.50   0.50   0.65   0.50   0.27   0.13   0.50   0.50   0.84   0.50   0.50   0.82   0.50   0.50   0.50   0.81   0.87   0.85   0.81   0.50   0.63   
0.05   0.01   0.65   0.10   0.80   0.02   0.04   0.69   0.06   0.96   0.02   0.01   0.02   0.88   0.01   0.04   0.69   0.69   0.02   0.97   0.02   0.63   0.85   0.61   0.04   0.98   0.02   0.69   0.69   0.02   0.76   0.02   0.97   0.69   0.96   0.89   0.98   0.01   0.94   0.02   0.98   0.92   0.98   0.02   0.19   0.01   0.69   0.01   0.92   0.03   0.98   0.99   0.98   0.96   0.97   0.96   0.98   0.98   0.98   0.98   0.78   0.86   0.07   0.98   0.98   0.87   0.98   0.97   0.98   0.98   0.98   0.98   0.96   0.99   0.98   0.96   0.98   0.99   
0.08   0.10   0.41   0.16   0.61   0.22   0.40   0.50   0.51   0.50   0.50   0.38   0.50   0.76   0.12   0.36   0.50   0.50   0.21   0.93   0.50   0.39   0.51   0.16   0.07   0.50   0.20   0.50   0.50   0.18   0.70   0.19   0.89   0.50   0.82   0.50   0.50   0.01   0.88   0.50   0.50   0.50   0.50   0.03   0.30   0.14   0.50   0.50   0.50   0.26   0.50   0.77   0.47   0.54   0.81   0.50   0.50   0.50   0.50   0.64   0.50   0.24   0.11   0.50   0.50   0.84   0.50   0.50   0.83   0.50   0.50   0.50   0.81   0.87   0.86   0.82   0.50   0.63   
0.02   0.01   0.14   0.04   0.73   0.01   0.03   0.71   0.05   0.97   0.02   0.01   0.02   0.84   0.01   0.03   0.71   0.71   0.01   0.96   0.02   0.12   0.77   0.23   0.02   0.98   0.01   0.71   0.71   0.01   0.10   0.01   0.98   0.71   0.94   0.87   0.98   0.00   0.92   0.02   0.98   0.90   0.98   0.01   0.09   0.01   0.71   0.01   0.90   0.02   0.98   0.99   0.98   0.97   0.98   0.97   0.98   0.98   0.98   0.98   0.75   0.78   0.03   0.98   0.98   0.85   0.98   0.98   0.97   0.98   0.98   0.98   0.93   0.99   0.99   0.96   0.98   0.97   
0.06   0.50   0.41   0.13   0.74   0.25   0.41   0.50   0.63   0.50   0.50   0.35   0.50   0.84   0.50   0.48   0.50   0.50   0.23   0.95   0.50   0.46   0.68   0.20   0.07   0.50   0.19   0.50   0.50   0.18   0.65   0.19   0.91   0.50   0.80   0.50   0.50   0.50   0.93   0.50   0.50   0.50   0.50   0.01   0.31   0.17   0.50   0.50   0.50   0.35   0.50   0.50   0.71   0.58   0.80   0.50   0.50   0.50   0.50   0.51   0.50   0.28   0.08   0.50   0.50   0.85   0.50   0.50   0.84   0.50   0.50   0.50   0.87   0.50   0.88   0.90   0.50   0.71   
0.00   0.05   0.60   0.08   0.86   0.11   0.20   0.73   0.73   0.97   0.02   0.11   0.02   0.69   0.05   0.03   0.73   0.73   0.10   0.98   0.02   0.64   0.90   0.37   0.04   0.98   0.01   0.73   0.73   0.01   0.06   0.01   0.99   0.73   0.95   0.89   0.98   0.20   0.96   0.02   0.98   0.91   0.98   0.00   0.03   0.07   0.73   0.01   0.91   0.17   0.98   0.98   1.00   0.98   0.98   0.97   0.98   0.98   0.98   0.97   0.76   0.82   0.01   0.98   0.98   0.90   0.98   0.98   0.98   0.98   0.98   0.98   0.97   0.97   0.99   0.95   0.98   0.98   
0.50   0.50   0.45   0.06   0.69   0.22   0.48   0.50   0.61   0.50   0.50   0.26   0.50   0.87   0.50   0.57   0.50   0.50   0.19   0.96   0.50   0.48   0.81   0.18   0.06   0.50   0.14   0.50   0.50   0.11   0.52   0.13   0.95   0.50   0.82   0.50   0.50   0.50   0.94   0.50   0.50   0.50   0.50   0.50   0.31   0.11   0.50   0.50   0.50   0.37   0.50   0.50   0.50   0.52   0.79   0.50   0.50   0.50   0.50   0.40   0.50   0.20   0.50   0.50   0.50   0.84   0.50   0.50   0.76   0.50   0.50   0.50   0.90   0.50   0.92   0.95   0.50   0.81   
0.06   0.04   0.22   0.02   0.77   0.12   0.31   0.74   0.75   0.98   0.77   0.15   0.77   0.78   0.04   0.08   0.74   0.74   0.10   0.98   0.77   0.69   0.95   0.35   0.05   0.98   0.00   0.74   0.74   0.00   0.02   0.00   0.99   0.74   0.96   0.89   0.98   0.17   0.96   0.77   0.98   0.91   0.98   0.06   0.05   0.06   0.74   0.02   0.91   0.22   0.98   0.99   0.99   0.98   0.98   0.98   0.98   0.98   0.98   0.96   0.76   0.80   0.06   0.98   0.98   0.86   0.98   0.98   0.96   0.98   0.98   0.98   0.97   0.97   1.00   0.98   0.98   0.99   
0.50   0.50   0.46   0.05   0.70   0.13   0.51   0.50   0.59   0.50   0.50   0.16   0.50   0.90   0.50   0.64   0.50   0.50   0.20   0.96   0.50   0.35   0.78   0.17   0.04   0.50   0.50   0.50   0.50   0.50   0.48   0.50   0.95   0.50   0.80   0.50   0.50   0.50   0.96   0.50   0.50   0.50   0.50   0.50   0.31   0.11   0.50   0.50   0.50   0.37   0.50   0.50   0.50   0.60   0.88   0.50   0.50   0.50   0.50   0.50   0.50   0.24   0.50   0.50   0.50   0.89   0.50   0.50   0.82   0.50   0.50   0.50   0.91   0.50   0.50   0.96   0.50   0.75   
0.05   0.04   0.18   0.01   0.73   0.05   0.76   0.73   0.34   0.98   0.75   0.06   0.75   0.92   0.04   0.09   0.73   0.73   0.08   0.99   0.75   0.21   0.96   0.61   0.02   0.98   0.02   0.73   0.73   0.02   0.01   0.02   0.99   0.73   0.96   0.90   0.98   0.16   0.96   0.75   0.98   0.92   0.98   0.05   0.04   0.04   0.73   0.02   0.92   0.18   0.98   0.99   0.99   0.97   0.99   0.98   0.98   0.98   0.98   0.96   0.75   0.79   0.05   0.98   0.98   0.87   0.98   0.98   0.98   0.98   0.98   0.98   0.97   0.97   0.93   0.98   0.98   0.99   
0.50   0.50   0.47   0.06   0.82   0.13   0.60   0.50   0.61   0.50   0.50   0.16   0.50   0.90   0.50   0.62   0.50   0.50   0.23   0.92   0.50   0.38   0.77   0.17   0.05   0.50   0.50   0.50   0.50   0.50   0.48   0.50   0.50   0.50   0.78   0.50   0.50   0.50   0.95   0.50   0.50   0.50   0.50   0.50   0.31   0.11   0.50   0.50   0.50   0.40   0.50   0.50   0.50   0.66   0.77   0.50   0.50   0.50   0.50   0.40   0.50   0.25   0.50   0.50   0.50   0.91   0.50   0.50   0.76   0.50   0.50   0.50   0.90   0.50   0.50   0.96   0.50   0.74   
0.05   0.04   0.13   0.01   0.77   0.04   0.77   0.73   0.28   0.98   0.75   0.05   0.75   0.96   0.04   0.38   0.73   0.73   0.07   0.98   0.75   0.17   0.96   0.62   0.02   0.98   0.01   0.73   0.73   0.01   0.01   0.01   0.90   0.73   0.97   0.90   0.98   0.14   0.93   0.75   0.98   0.92   0.98   0.05   0.04   0.10   0.73   0.02   0.92   0.14   0.98   0.99   0.99   0.98   0.97   0.98   0.98   0.98   0.98   0.89   0.74   0.70   0.05   0.98   0.98   0.86   0.98   0.98   0.97   0.98   0.98   0.98   0.94   0.96   0.93   0.99   0.98   0.99   
0.50   0.50   0.49   0.08   0.81   0.16   0.61   0.50   0.62   0.50   0.50   0.19   0.50   0.89   0.50   0.62   0.50   0.50   0.26   0.91   0.50   0.41   0.76   0.20   0.07   0.50   0.50   0.50   0.50   0.50   0.50   0.50   0.50   0.50   0.77   0.50   0.50   0.50   0.94   0.50   0.50   0.50   0.50   0.50   0.34   0.13   0.50   0.50   0.50   0.42   0.50   0.50   0.50   0.67   0.77   0.50   0.50   0.50   0.50   0.43   0.50   0.28   0.50   0.50   0.50   0.90   0.50   0.50   0.75   0.50   0.50   0.50   0.89   0.50   0.50   0.95   0.50   0.74   
0.05   0.04   0.23   0.03   0.73   0.04   0.75   0.71   0.26   0.98   0.73   0.05   0.73   0.96   0.04   0.33   0.71   0.71   0.12   0.97   0.73   0.17   0.96   0.63   0.04   0.98   0.01   0.71   0.71   0.01   0.01   0.01   0.90   0.71   0.97   0.90   0.98   0.15   0.94   0.73   0.98   0.92   0.98   0.05   0.04   0.10   0.71   0.02   0.92   0.14   0.98   0.99   0.99   0.97   0.97   0.98   0.98   0.98   0.98   0.88   0.74   0.73   0.05   0.98   0.98   0.81   0.98   0.98   0.97   0.98   0.98   0.98   0.92   0.96   0.92   0.98   0.98   0.99   
0.50   0.50   0.51   0.06   0.85   0.14   0.64   0.50   0.65   0.50   0.50   0.17   0.50   0.92   0.50   0.65   0.50   0.50   0.25   0.93   0.50   0.41   0.80   0.18   0.05   0.50   0.50   0.50   0.50   0.50   0.52   0.50   0.50   0.50   0.81   0.50   0.50   0.50   0.96   0.50   0.50   0.50   0.50   0.50   0.33   0.11   0.50   0.50   0.50   0.43   0.50   0.50   0.50   0.70   0.80   0.50   0.50   0.50   0.50   0.43   0.50   0.26   0.50   0.50   0.50   0.93   0.50   0.50   0.79   0.50   0.50   0.50   0.92   0.50   0.50   0.97   0.50   0.78   
0.06   0.04   0.31   0.03   0.83   0.02   0.81   0.72   0.67   0.98   0.73   0.08   0.73   0.98   0.04   0.71   0.72   0.72   0.07   0.99   0.73   0.26   0.97   0.64   0.02   0.99   0.02   0.72   0.72   0.02   0.01   0.02   0.90   0.72   0.98   0.91   0.99   0.17   0.97   0.73   0.98   0.93   0.98   0.06   0.09   0.13   0.72   0.02   0.93   0.23   0.98   0.99   0.99   0.98   0.98   0.98   0.98   0.98   0.99   0.89   0.75   0.72   0.06   0.99   0.98   0.90   0.99   0.98   0.98   0.98   0.99   0.99   0.91   0.96   0.93   0.98   0.98   0.99   
0.50   0.50   0.52   0.08   0.84   0.16   0.65   0.50   0.65   0.50   0.50   0.20   0.50   0.91   0.50   0.66   0.50   0.50   0.27   0.93   0.50   0.43   0.79   0.20   0.07   0.50   0.50   0.50   0.50   0.50   0.53   0.50   0.50   0.50   0.81   0.50   0.50   0.50   0.96   0.50   0.50   0.50   0.50   0.50   0.36   0.13   0.50   0.50   0.50   0.45   0.50   0.50   0.50   0.70   0.80   0.50   0.50   0.50   0.50   0.45   0.50   0.29   0.50   0.50   0.50   0.92   0.50   0.50   0.79   0.50   0.50   0.50   0.91   0.50   0.50   0.97   0.50   0.77   
0.05   0.04   0.28   0.03   0.78   0.02   0.78   0.70   0.36   0.98   0.71   0.07   0.71   0.98   0.04   0.46   0.70   0.70   0.06   0.99   0.71   0.23   0.98   0.71   0.02   0.99   0.01   0.70   0.70   0.01   0.01   0.01   0.89   0.70   0.98   0.91   0.99   0.15   0.95   0.71   0.98   0.93   0.98   0.05   0.08   0.12   0.70   0.02   0.93   0.20   0.98   0.99   0.99   0.97   0.96   0.98   0.98   0.98   0.99   0.85   0.73   0.67   0.05   0.99   0.98   0.86   0.99   0.98   0.97   0.98   0.99   0.99   0.87   0.96   0.92   0.97   0.98   0.99   
0.50   0.50   0.53   0.07   0.86   0.16   0.66   0.50   0.67   0.50   0.50   0.19   0.50   0.92   0.50   0.67   0.50   0.50   0.27   0.94   0.50   0.44   0.81   0.20   0.06   0.50   0.50   0.50   0.50   0.50   0.54   0.50   0.50   0.50   0.82   0.50   0.50   0.50   0.96   0.50   0.50   0.50   0.50   0.50   0.36   0.13   0.50   0.50   0.50   0.46   0.50   0.50   0.50   0.72   0.82   0.50   0.50   0.50   0.50   0.46   0.50   0.29   0.50   0.50   0.50   0.93   0.50   0.50   0.80   0.50   0.50   0.50   0.92   0.50   0.50   0.97   0.50   0.79   
0.06   0.04   0.57   0.04   0.84   0.03   0.83   0.72   0.68   0.98   0.73   0.09   0.73   0.99   0.04   0.73   0.72   0.72   0.08   0.99   0.73   0.29   0.98   0.74   0.02   0.99   0.02   0.72   0.72   0.02   0.01   0.02   0.91   0.72   0.98   0.92   0.99   0.16   0.97   0.73   0.98   0.93   0.98   0.06   0.11   0.15   0.72   0.02   0.93   0.26   0.98   0.99   0.99   0.98   0.97   0.98   0.98   0.98   0.99   0.87   0.76   0.71   0.06   0.99   0.98   0.91   0.99   0.98   0.98   0.98   0.99   0.99   0.91   0.96   0.93   0.98   0.98   0.99   
0.50   0.50   0.50   0.06   0.85   0.13   0.63   0.50   0.64   0.50   0.50   0.17   0.50   0.92   0.50   0.65   0.50   0.50   0.24   0.93   0.50   0.40   0.79   0.17   0.05   0.50   0.50   0.50   0.50   0.50   0.51   0.50   0.50   0.50   0.80   0.50   0.50   0.50   0.96   0.50   0.50   0.50   0.50   0.50   0.32   0.11   0.50   0.50   0.50   0.42   0.50   0.50   0.50   0.69   0.80   0.50   0.50   0.50   0.50   0.42   0.50   0.26   0.50   0.50   0.50   0.93   0.50   0.50   0.78   0.50   0.50   0.50   0.91   0.50   0.50   0.97   0.50   0.77   
0.05   0.04   0.25   0.02   0.77   0.02   0.75   0.71   0.34   0.98   0.72   0.05   0.72   0.98   0.04   0.44   0.71   0.71   0.05   0.99   0.72   0.20   0.98   0.73   0.01   0.99   0.01   0.71   0.71   0.01   0.01   0.01   0.90   0.71   0.97   0.91   0.99   0.14   0.95   0.72   0.98   0.93   0.98   0.05   0.06   0.09   0.71   0.02   0.93   0.17   0.98   0.99   0.99   0.97   0.97   0.98   0.98   0.98   0.99   0.81   0.74   0.47   0.05   0.99   0.98   0.87   0.99   0.98   0.98   0.98   0.99   0.99   0.87   0.96   0.92   0.97   0.98   0.98   
0.50   0.50   0.53   0.08   0.85   0.16   0.65   0.50   0.66   0.50   0.50   0.20   0.50   0.92   0.50   0.67   0.50   0.50   0.27   0.93   0.50   0.43   0.80   0.20   0.06   0.50   0.50   0.50   0.50   0.50   0.54   0.50   0.50   0.50   0.81   0.50   0.50   0.50   0.96   0.50   0.50   0.50   0.50   0.50   0.36   0.13   0.50   0.50   0.50   0.45   0.50   0.50   0.50   0.71   0.81   0.50   0.50   0.50   0.50   0.46   0.50   0.29   0.50   0.50   0.50   0.93   0.50   0.50   0.79   0.50   0.50   0.50   0.92   0.50   0.50   0.97   0.50   0.78   
0.05   0.04   0.25   0.02   0.77   0.02   0.75   0.70   0.35   0.98   0.73   0.07   0.73   0.98   0.04   0.45   0.70   0.70   0.05   0.99   0.73   0.21   0.98   0.76   0.01   0.99   0.01   0.70   0.70   0.01   0.01   0.01   0.89   0.70   0.98   0.91   0.99   0.14   0.95   0.73   0.98   0.93   0.98   0.05   0.09   0.10   0.70   0.02   0.93   0.22   0.98   0.99   0.99   0.98   0.97   0.98   0.98   0.98   0.99   0.82   0.73   0.63   0.05   0.99   0.98   0.86   0.99   0.98   0.98   0.98   0.99   0.99   0.86   0.96   0.92   0.97   0.98   0.98   
0.50   0.50   0.52   0.08   0.84   0.16   0.64   0.50   0.65   0.50   0.50   0.19   0.50   0.91   0.50   0.65   0.50   0.50   0.27   0.93   0.50   0.43   0.79   0.20   0.06   0.50   0.50   0.50   0.50   0.50   0.53   0.50   0.50   0.50   0.80   0.50   0.50   0.50   0.96   0.50   0.50   0.50   0.50   0.50   0.35   0.13   0.50   0.50   0.50   0.44   0.50   0.50   0.50   0.70   0.80   0.50   0.50   0.50   0.50   0.45   0.50   0.28   0.50   0.50   0.50   0.92   0.50   0.50   0.78   0.50   0.50   0.50   0.91   0.50   0.50   0.97   0.50   0.77   
0.04   0.03   0.23   0.02   0.74   0.02   0.73   0.70   0.32   0.98   0.73   0.07   0.73   0.97   0.03   0.41   0.70   0.70   0.05   0.98   0.73   0.19   0.98   0.74   0.01   0.99   0.01   0.70   0.70   0.01   0.01   0.01   0.89   0.70   0.97   0.91   0.99   0.12   0.94   0.73   0.98   0.93   0.98   0.04   0.08   0.10   0.70   0.02   0.93   0.19   0.98   0.99   0.99   0.97   0.97   0.98   0.98   0.98   0.99   0.80   0.72   0.49   0.04   0.99   0.98   0.84   0.99   0.98   0.98   0.98   0.99   0.99   0.84   0.96   0.92   0.97   0.98   0.98   
0.50   0.50   0.46   0.06   0.82   0.12   0.59   0.50   0.60   0.50   0.50   0.15   0.50   0.90   0.50   0.60   0.50   0.50   0.21   0.92   0.50   0.36   0.76   0.15   0.05   0.50   0.50   0.50   0.50   0.50   0.47   0.50   0.50   0.50   0.77   0.50   0.50   0.50   0.95   0.50   0.50   0.50   0.50   0.50   0.29   0.10   0.50   0.50   0.50   0.38   0.50   0.50   0.50   0.65   0.77   0.50   0.50   0.50   0.50   0.38   0.50   0.23   0.50   0.50   0.50   0.91   0.50   0.50   0.75   0.50   0.50   0.50   0.90   0.50   0.50   0.96   0.50   0.73   
0.04   0.03   0.17   0.01   0.68   0.01   0.48   0.70   0.24   0.98   0.73   0.04   0.73   0.96   0.03   0.34   0.70   0.70   0.03   0.98   0.73   0.12   0.97   0.61   0.01   0.99   0.01   0.70   0.70   0.01   0.01   0.01   0.88   0.70   0.96   0.90   0.99   0.11   0.93   0.73   0.98   0.92   0.98   0.04   0.04   0.06   0.70   0.02   0.92   0.14   0.98   0.99   0.99   0.96   0.96   0.98   0.98   0.98   0.99   0.74   0.70   0.39   0.04   0.99   0.98   0.81   0.99   0.98   0.97   0.98   0.99   0.99   0.80   0.95   0.91   0.96   0.98   0.98   
0.50   0.50   0.56   0.09   0.85   0.17   0.64   0.50   0.70   0.50   0.50   0.20   0.50   0.89   0.50   0.69   0.50   0.50   0.30   0.90   0.50   0.32   0.87   0.20   0.50   0.50   0.50   0.50   0.50   0.50   0.50   0.50   0.50   0.50   0.78   0.50   0.50   0.50   0.95   0.50   0.50   0.50   0.50   0.50   0.38   0.18   0.50   0.50   0.50   0.43   0.50   0.50   0.50   0.73   0.86   0.50   0.50   0.50   0.50   0.39   0.50   0.25   0.50   0.50   0.50   0.94   0.50   0.50   0.81   0.50   0.50   0.50   0.94   0.50   0.50   0.95   0.50   0.84   
0.04   0.03   0.26   0.03   0.75   0.02   0.73   0.70   0.37   0.98   0.73   0.06   0.73   0.97   0.03   0.46   0.70   0.70   0.05   0.98   0.73   0.12   0.99   0.73   0.13   0.99   0.01   0.70   0.70   0.01   0.01   0.01   0.89   0.70   0.97   0.91   0.99   0.12   0.92   0.73   0.98   0.93   0.98   0.04   0.08   0.14   0.70   0.02   0.93   0.18   0.98   0.99   0.99   0.98   0.98   0.98   0.98   0.98   0.99   0.77   0.72   0.45   0.04   0.99   0.98   0.88   0.99   0.98   0.98   0.98   0.99   0.99   0.89   0.96   0.92   0.95   0.98   0.99   
0.50   0.50   0.49   0.06   0.82   0.13   0.57   0.50   0.65   0.50   0.50   0.15   0.50   0.88   0.50   0.64   0.50   0.50   0.24   0.88   0.50   0.26   0.84   0.15   0.50   0.50   0.50   0.50   0.50   0.50   0.50   0.50   0.50   0.50   0.74   0.50   0.50   0.50   0.94   0.50   0.50   0.50   0.50   0.50   0.31   0.14   0.50   0.50   0.50   0.36   0.50   0.50   0.50   0.68   0.83   0.50   0.50   0.50   0.50   0.32   0.50   0.20   0.50   0.50   0.50   0.93   0.50   0.50   0.78   0.50   0.50   0.50   0.93   0.50   0.50   0.94   0.50   0.81   
0.04   0.03   0.18   0.01   0.65   0.03   0.45   0.68   0.28   0.98   0.72   0.07   0.72   0.96   0.03   0.36   0.68   0.68   0.03   0.96   0.72   0.12   0.98   0.66   0.14   0.99   0.01   0.68   0.68   0.01   0.01   0.01   0.87   0.68   0.96   0.90   0.99   0.12   0.89   0.72   0.98   0.92   0.98   0.04   0.10   0.09   0.68   0.02   0.92   0.14   0.98   0.99   0.99   0.96   0.97   0.98   0.98   0.98   0.99   0.69   0.71   0.37   0.04   0.99   0.98   0.82   0.99   0.98   0.97   0.98   0.99   0.99   0.83   0.95   0.90   0.92   0.98   0.99   
0.50   0.50   0.49   0.06   0.82   0.13   0.57   0.50   0.65   0.50   0.50   0.15   0.50   0.87   0.50   0.64   0.50   0.50   0.24   0.88   0.50   0.26   0.84   0.15   0.50   0.50   0.50   0.50   0.50   0.50   0.50   0.50   0.50   0.50   0.74   0.50   0.50   0.50   0.93   0.50   0.50   0.50   0.50   0.50   0.31   0.14   0.50   0.50   0.50   0.36   0.50   0.50   0.50   0.68   0.83   0.50   0.50   0.50   0.50   0.32   0.50   0.20   0.50   0.50   0.50   0.93   0.50   0.50   0.78   0.50   0.50   0.50   0.92   0.50   0.50   0.94   0.50   0.81   
0.04   0.03   0.18   0.02   0.65   0.03   0.45   0.68   0.28   0.98   0.72   0.07   0.72   0.96   0.03   0.36   0.68   0.68   0.03   0.96   0.72   0.12   0.98   0.66   0.14   0.99   0.01   0.68   0.68   0.01   0.01   0.01   0.87   0.68   0.96   0.90   0.99   0.12   0.89   0.72   0.98   0.92   0.98   0.04   0.10   0.09   0.68   0.02   0.92   0.14   0.98   0.99   0.99   0.96   0.97   0.98   0.98   0.98   0.99   0.68   0.71   0.37   0.04   0.99   0.98   0.81   0.99   0.98   0.97   0.98   0.99   0.99   0.83   0.95   0.90   0.92   0.98   0.98   
