5.00   5.00   5.00   5.00   5.00   5.00   5.00   5.00   5.00   5.00   5.00   5.00   5.00   5.00   5.00   5.00   5.00   5.00   5.00   5.00   5.00   5.00   5.00   5.00   5.00   5.00   5.00   5.00   5.00   5.00   5.00   5.00   5.00   5.00   5.00   5.00   5.00   5.00   5.00   5.00   5.00   5.00   5.00   5.00   5.00   5.00   5.00   5.00   5.00   5.00   5.00   5.00   5.00   5.00   5.00   5.00   5.00   5.00   5.00   5.00   5.00   5.00   5.00   5.00   5.00   5.00   5.00   5.00   5.00   5.00   5.00   5.00   5.00   5.00   5.00   5.00   5.00   5.00   
0.05   0.05   0.05   0.05   0.05   0.05   0.05   0.05   0.05   0.98   0.25   0.25   0.25   0.05   0.05   0.05   0.05   0.05   0.05   0.05   0.25   0.05   0.05   0.05   0.05   0.93   0.05   0.05   0.05   0.05   0.05   0.05   0.05   0.05   0.05   0.05   0.93   0.05   0.05   0.25   0.93   0.05   0.93   0.05   0.05   0.05   0.05   0.25   0.05   0.05   0.93   0.98   0.93   0.93   0.93   0.98   0.93   0.93   0.93   0.93   0.05   0.98   0.05   0.93   0.93   0.05   0.93   0.93   0.05   0.93   0.93   0.93   0.05   0.93   0.93   0.98   0.93   0.93   
5.00   5.00   5.00   5.00   5.00   5.00   5.00   5.00   5.00   5.00   5.00   5.00   5.00   5.00   5.00   5.00   5.00   5.00   5.00   5.00   5.00   5.00   5.00   5.00   5.00   5.00   5.00   5.00   5.00   5.00   5.00   5.00   5.00   5.00   5.00   5.00   5.00   5.00   5.00   5.00   5.00   5.00   5.00   5.00   5.00   5.00   5.00   5.00   5.00   5.00   5.00   5.00   5.00   5.00   5.00   5.00   5.00   5.00   5.00   5.00   5.00   5.00   5.00   5.00   5.00   5.00   5.00   5.00   5.00   5.00   5.00   5.00   5.00   5.00   5.00   5.00   5.00   5.00   
0.89   0.05   0.89   0.89   0.89   0.05   0.05   0.05   0.05   0.98   0.90   0.06   0.06   0.89   0.05   0.05   0.05   0.05   0.05   0.89   0.06   0.89   0.05   0.89   0.89   0.98   0.05   0.05   0.05   0.05   0.05   0.05   0.05   0.05   0.05   0.05   0.98   0.89   0.89   0.90   0.98   0.89   0.98   0.89   0.89   0.05   0.05   0.06   0.89   0.05   0.63   0.65   0.63   0.98   0.63   0.98   0.98   0.63   0.98   0.98   0.89   0.98   0.89   0.98   0.98   0.05   0.98   0.63   0.05   0.63   0.98   0.98   0.05   0.63   0.63   0.65   0.63   0.63   
5.00   5.00   5.00   5.00   5.00   5.00   5.00   5.00   5.00   5.00   5.00   5.00   5.00   5.00   5.00   5.00   5.00   5.00   5.00   5.00   5.00   5.00   5.00   5.00   5.00   5.00   5.00   5.00   5.00   5.00   5.00   5.00   5.00   5.00   5.00   5.00   5.00   5.00   5.00   5.00   5.00   5.00   5.00   5.00   5.00   5.00   5.00   5.00   5.00   5.00   5.00   5.00   5.00   5.00   5.00   5.00   5.00   5.00   5.00   5.00   5.00   5.00   5.00   5.00   5.00   5.00   5.00   5.00   5.00   5.00   5.00   5.00   5.00   5.00   5.00   5.00   5.00   5.00   
0.59   0.04   0.59   0.59   0.59   0.04   0.04   0.04   0.04   0.98   0.58   0.04   0.04   0.59   0.04   0.04   0.04   0.04   0.04   0.59   0.04   0.59   0.04   0.59   0.59   0.98   0.04   0.04   0.04   0.04   0.04   0.04   0.04   0.04   0.82   0.82   0.98   0.59   0.59   0.58   0.98   0.87   0.98   0.59   0.59   0.04   0.04   0.04   0.87   0.04   0.95   0.95   0.95   0.98   0.82   0.98   0.98   0.82   0.88   0.88   0.59   0.88   0.59   0.98   0.88   0.04   0.98   0.95   0.82   0.82   0.98   0.98   0.04   0.82   0.82   0.82   0.95   0.95   
5.00   5.00   5.00   5.00   5.00   5.00   5.00   5.00   5.00   5.00   5.00   5.00   5.00   5.00   5.00   5.00   5.00   5.00   5.00   5.00   5.00   5.00   5.00   5.00   5.00   5.00   5.00   5.00   5.00   5.00   5.00   5.00   5.00   5.00   5.00   5.00   5.00   5.00   5.00   5.00   5.00   5.00   5.00   5.00   5.00   5.00   5.00   5.00   5.00   5.00   5.00   5.00   5.00   5.00   5.00   5.00   5.00   5.00   5.00   5.00   5.00   5.00   5.00   5.00   5.00   5.00   5.00   5.00   5.00   5.00   5.00   5.00   5.00   5.00   5.00   5.00   5.00   5.00   
0.23   0.03   0.23   0.23   0.23   0.03   0.03   0.03   0.03   0.91   0.20   0.02   0.02   0.23   0.03   0.03   0.03   0.03   0.03   0.23   0.02   0.23   0.55   0.65   0.23   0.91   0.03   0.03   0.03   0.03   0.03   0.03   0.55   0.03   0.67   0.82   0.99   0.23   0.23   0.20   0.99   0.74   0.99   0.23   0.23   0.03   0.03   0.02   0.74   0.03   0.88   0.96   0.96   0.91   0.64   0.98   0.99   0.64   0.72   0.86   0.23   0.86   0.23   0.99   0.72   0.03   0.91   0.96   0.82   0.64   0.91   0.99   0.55   0.82   0.64   0.63   0.96   0.96   
5.00   5.00   5.00   5.00   5.00   5.00   5.00   5.00   5.00   5.00   5.00   5.00   5.00   5.00   5.00   5.00   5.00   5.00   5.00   5.00   5.00   5.00   5.00   5.00   5.00   5.00   5.00   5.00   5.00   5.00   5.00   5.00   5.00   5.00   5.00   5.00   5.00   5.00   5.00   5.00   5.00   5.00   5.00   5.00   5.00   5.00   5.00   5.00   5.00   5.00   5.00   5.00   5.00   5.00   5.00   5.00   5.00   5.00   5.00   5.00   5.00   5.00   5.00   5.00   5.00   5.00   5.00   5.00   5.00   5.00   5.00   5.00   5.00   5.00   5.00   5.00   5.00   5.00   
0.14   0.03   0.14   0.14   0.14   0.03   0.03   0.03   0.03   0.82   0.11   0.02   0.02   0.14   0.03   0.03   0.03   0.03   0.03   0.14   0.02   0.14   0.48   0.56   0.14   0.83   0.03   0.03   0.03   0.03   0.03   0.03   0.77   0.03   0.57   0.89   0.99   0.14   0.14   0.11   0.91   0.83   0.99   0.14   0.14   0.03   0.03   0.02   0.63   0.03   0.92   0.97   0.98   0.94   0.81   0.99   0.99   0.55   0.62   0.92   0.14   0.78   0.14   0.99   0.62   0.03   0.83   0.89   0.75   0.55   0.94   0.99   0.48   0.90   0.81   0.53   0.98   0.89   
5.00   5.00   5.00   5.00   5.00   5.00   5.00   5.00   5.00   5.00   5.00   5.00   5.00   5.00   5.00   5.00   5.00   5.00   5.00   5.00   5.00   5.00   5.00   5.00   5.00   5.00   5.00   5.00   5.00   5.00   5.00   5.00   5.00   5.00   5.00   5.00   5.00   5.00   5.00   5.00   5.00   5.00   5.00   5.00   5.00   5.00   5.00   5.00   5.00   5.00   5.00   5.00   5.00   5.00   5.00   5.00   5.00   5.00   5.00   5.00   5.00   5.00   5.00   5.00   5.00   5.00   5.00   5.00   5.00   5.00   5.00   5.00   5.00   5.00   5.00   5.00   5.00   5.00   
0.02   0.14   0.20   0.20   0.20   0.14   0.14   0.14   0.14   0.82   0.20   0.14   0.14   0.02   0.14   0.01   0.14   0.14   0.14   0.20   0.14   0.20   0.54   0.58   0.20   0.82   0.01   0.01   0.01   0.01   0.01   0.01   0.77   0.14   0.58   0.88   0.99   0.20   0.20   0.02   0.77   0.65   0.99   0.02   0.02   0.14   0.14   0.14   0.61   0.14   0.92   0.98   0.98   0.93   0.81   0.99   0.99   0.59   0.62   0.91   0.20   0.79   0.02   0.99   0.62   0.14   0.82   0.90   0.76   0.59   0.93   0.99   0.54   0.90   0.81   0.32   0.98   0.90   
5.00   5.00   5.00   5.00   5.00   5.00   5.00   5.00   5.00   5.00   5.00   5.00   5.00   5.00   5.00   5.00   5.00   5.00   5.00   5.00   5.00   5.00   5.00   5.00   5.00   5.00   5.00   5.00   5.00   5.00   5.00   5.00   5.00   5.00   5.00   5.00   5.00   5.00   5.00   5.00   5.00   5.00   5.00   5.00   5.00   5.00   5.00   5.00   5.00   5.00   5.00   5.00   5.00   5.00   5.00   5.00   5.00   5.00   5.00   5.00   5.00   5.00   5.00   5.00   5.00   5.00   5.00   5.00   5.00   5.00   5.00   5.00   5.00   5.00   5.00   5.00   5.00   5.00   
0.01   0.08   0.14   0.14   0.14   0.23   0.23   0.08   0.23   0.86   0.33   0.24   0.24   0.05   0.23   0.03   0.23   0.08   0.23   0.32   0.24   0.32   0.62   0.66   0.32   0.86   0.01   0.01   0.01   0.01   0.01   0.01   0.78   0.08   0.67   0.91   0.99   0.14   0.14   0.05   0.84   0.75   0.99   0.01   0.05   0.23   0.23   0.08   0.70   0.23   0.94   0.96   0.98   0.95   0.85   0.97   0.99   0.68   0.71   0.93   0.32   0.84   0.05   0.99   0.71   0.08   0.86   0.89   0.76   0.68   0.95   0.99   0.53   0.92   0.85   0.38   0.96   0.91   
5.00   5.00   5.00   5.00   5.00   5.00   5.00   5.00   5.00   5.00   5.00   5.00   5.00   5.00   5.00   5.00   5.00   5.00   5.00   5.00   5.00   5.00   5.00   5.00   5.00   5.00   5.00   5.00   5.00   5.00   5.00   5.00   5.00   5.00   5.00   5.00   5.00   5.00   5.00   5.00   5.00   5.00   5.00   5.00   5.00   5.00   5.00   5.00   5.00   5.00   5.00   5.00   5.00   5.00   5.00   5.00   5.00   5.00   5.00   5.00   5.00   5.00   5.00   5.00   5.00   5.00   5.00   5.00   5.00   5.00   5.00   5.00   5.00   5.00   5.00   5.00   5.00   5.00   
0.02   0.05   0.11   0.11   0.11   0.19   0.57   0.05   0.19   0.90   0.29   0.18   0.18   0.44   0.19   0.03   0.19   0.05   0.19   0.62   0.18   0.30   0.76   0.78   0.30   0.91   0.01   0.01   0.01   0.01   0.01   0.01   0.84   0.05   0.81   0.94   0.99   0.11   0.11   0.06   0.91   0.87   0.99   0.02   0.07   0.19   0.19   0.05   0.83   0.19   0.91   0.93   0.99   0.92   0.82   0.98   0.99   0.77   0.79   0.90   0.30   0.80   0.07   0.96   0.67   0.05   0.91   0.87   0.85   0.77   0.96   0.99   0.51   0.89   0.88   0.35   0.97   0.94   
5.00   5.00   5.00   5.00   5.00   5.00   5.00   5.00   5.00   5.00   5.00   5.00   5.00   5.00   5.00   5.00   5.00   5.00   5.00   5.00   5.00   5.00   5.00   5.00   5.00   5.00   5.00   5.00   5.00   5.00   5.00   5.00   5.00   5.00   5.00   5.00   5.00   5.00   5.00   5.00   5.00   5.00   5.00   5.00   5.00   5.00   5.00   5.00   5.00   5.00   5.00   5.00   5.00   5.00   5.00   5.00   5.00   5.00   5.00   5.00   5.00   5.00   5.00   5.00   5.00   5.00   5.00   5.00   5.00   5.00   5.00   5.00   5.00   5.00   5.00   5.00   5.00   5.00   
0.01   0.04   0.07   0.07   0.07   0.16   0.55   0.04   0.16   0.88   0.21   0.14   0.14   0.68   0.16   0.42   0.16   0.04   0.16   0.75   0.14   0.23   0.82   0.83   0.23   0.93   0.01   0.01   0.01   0.01   0.01   0.01   0.80   0.04   0.87   0.96   0.99   0.07   0.07   0.07   0.94   0.91   0.96   0.01   0.08   0.55   0.16   0.03   0.88   0.16   0.93   0.94   0.99   0.94   0.86   0.98   0.99   0.84   0.76   0.86   0.23   0.74   0.08   0.93   0.61   0.04   0.93   0.83   0.89   0.84   0.97   0.99   0.41   0.90   0.91   0.58   0.98   0.95   
5.00   5.00   5.00   5.00   5.00   5.00   5.00   5.00   5.00   5.00   5.00   5.00   5.00   5.00   5.00   5.00   5.00   5.00   5.00   5.00   5.00   5.00   5.00   5.00   5.00   5.00   5.00   5.00   5.00   5.00   5.00   5.00   5.00   5.00   5.00   5.00   5.00   5.00   5.00   5.00   5.00   5.00   5.00   5.00   5.00   5.00   5.00   5.00   5.00   5.00   5.00   5.00   5.00   5.00   5.00   5.00   5.00   5.00   5.00   5.00   5.00   5.00   5.00   5.00   5.00   5.00   5.00   5.00   5.00   5.00   5.00   5.00   5.00   5.00   5.00   5.00   5.00   5.00   
0.01   0.04   0.07   0.07   0.07   0.15   0.53   0.04   0.15   0.87   0.21   0.13   0.13   0.67   0.15   0.40   0.15   0.04   0.15   0.74   0.13   0.22   0.81   0.82   0.23   0.93   0.01   0.01   0.01   0.01   0.01   0.01   0.79   0.04   0.86   0.95   0.99   0.07   0.07   0.06   0.94   0.91   0.96   0.01   0.07   0.53   0.15   0.03   0.87   0.15   0.93   0.94   0.99   0.93   0.85   0.98   0.99   0.83   0.75   0.85   0.23   0.73   0.07   0.92   0.59   0.04   0.93   0.82   0.88   0.83   0.97   0.99   0.40   0.90   0.90   0.57   0.97   0.95   
5.00   5.00   5.00   5.00   5.00   5.00   5.00   5.00   5.00   5.00   5.00   5.00   5.00   5.00   5.00   5.00   5.00   5.00   5.00   5.00   5.00   5.00   5.00   5.00   5.00   5.00   5.00   5.00   5.00   5.00   5.00   5.00   5.00   5.00   5.00   5.00   5.00   5.00   5.00   5.00   5.00   5.00   5.00   5.00   5.00   5.00   5.00   5.00   5.00   5.00   5.00   5.00   5.00   5.00   5.00   5.00   5.00   5.00   5.00   5.00   5.00   5.00   5.00   5.00   5.00   5.00   5.00   5.00   5.00   5.00   5.00   5.00   5.00   5.00   5.00   5.00   5.00   5.00   
0.01   0.01   0.15   0.15   0.15   0.03   0.54   0.11   0.19   0.89   0.24   0.18   0.18   0.69   0.19   0.37   0.19   0.01   0.03   0.76   0.18   0.25   0.82   0.84   0.04   0.94   0.01   0.01   0.01   0.01   0.01   0.01   0.81   0.11   0.88   0.97   0.99   0.15   0.15   0.14   0.94   0.93   0.97   0.09   0.14   0.51   0.03   0.11   0.90   0.19   0.93   0.94   0.99   0.94   0.85   0.98   0.99   0.83   0.75   0.84   0.25   0.70   0.14   0.93   0.14   0.11   0.94   0.82   0.90   0.83   0.98   0.99   0.07   0.89   0.91   0.15   0.98   0.96   
5.00   5.00   5.00   5.00   5.00   5.00   5.00   5.00   5.00   5.00   5.00   5.00   5.00   5.00   5.00   5.00   5.00   5.00   5.00   5.00   5.00   5.00   5.00   5.00   5.00   5.00   5.00   5.00   5.00   5.00   5.00   5.00   5.00   5.00   5.00   5.00   5.00   5.00   5.00   5.00   5.00   5.00   5.00   5.00   5.00   5.00   5.00   5.00   5.00   5.00   5.00   5.00   5.00   5.00   5.00   5.00   5.00   5.00   5.00   5.00   5.00   5.00   5.00   5.00   5.00   5.00   5.00   5.00   5.00   5.00   5.00   5.00   5.00   5.00   5.00   5.00   5.00   5.00   
0.01   0.01   0.14   0.14   0.13   0.03   0.55   0.10   0.17   0.88   0.22   0.16   0.16   0.80   0.17   0.37   0.17   0.01   0.03   0.84   0.16   0.23   0.87   0.88   0.04   0.96   0.01   0.01   0.01   0.01   0.01   0.01   0.78   0.10   0.92   0.98   0.99   0.13   0.14   0.13   0.94   0.95   0.96   0.08   0.14   0.49   0.03   0.10   0.93   0.17   0.92   0.92   0.98   0.93   0.82   0.97   0.99   0.82   0.73   0.81   0.23   0.66   0.14   0.91   0.10   0.10   0.93   0.79   0.90   0.82   0.97   0.99   0.06   0.87   0.90   0.12   0.97   0.95   
5.00   5.00   5.00   5.00   5.00   5.00   5.00   5.00   5.00   5.00   5.00   5.00   5.00   5.00   5.00   5.00   5.00   5.00   5.00   5.00   5.00   5.00   5.00   5.00   5.00   5.00   5.00   5.00   5.00   5.00   5.00   5.00   5.00   5.00   5.00   5.00   5.00   5.00   5.00   5.00   5.00   5.00   5.00   5.00   5.00   5.00   5.00   5.00   5.00   5.00   5.00   5.00   5.00   5.00   5.00   5.00   5.00   5.00   5.00   5.00   5.00   5.00   5.00   5.00   5.00   5.00   5.00   5.00   5.00   5.00   5.00   5.00   5.00   5.00   5.00   5.00   5.00   5.00   
0.01   0.01   0.14   0.14   0.14   0.03   0.57   0.10   0.18   0.88   0.23   0.17   0.17   0.81   0.18   0.38   0.18   0.01   0.03   0.85   0.17   0.24   0.88   0.89   0.04   0.96   0.01   0.01   0.01   0.01   0.01   0.01   0.79   0.10   0.92   0.98   0.99   0.14   0.14   0.13   0.94   0.95   0.96   0.09   0.14   0.51   0.03   0.10   0.93   0.18   0.92   0.93   0.98   0.93   0.82   0.98   0.99   0.83   0.74   0.81   0.24   0.67   0.14   0.91   0.11   0.10   0.94   0.80   0.90   0.83   0.97   0.99   0.06   0.88   0.90   0.12   0.97   0.95   
5.00   5.00   5.00   5.00   5.00   5.00   5.00   5.00   5.00   5.00   5.00   5.00   5.00   5.00   5.00   5.00   5.00   5.00   5.00   5.00   5.00   5.00   5.00   5.00   5.00   5.00   5.00   5.00   5.00   5.00   5.00   5.00   5.00   5.00   5.00   5.00   5.00   5.00   5.00   5.00   5.00   5.00   5.00   5.00   5.00   5.00   5.00   5.00   5.00   5.00   5.00   5.00   5.00   5.00   5.00   5.00   5.00   5.00   5.00   5.00   5.00   5.00   5.00   5.00   5.00   5.00   5.00   5.00   5.00   5.00   5.00   5.00   5.00   5.00   5.00   5.00   5.00   5.00   
0.01   0.01   0.13   0.13   0.12   0.02   0.51   0.09   0.16   0.86   0.20   0.15   0.15   0.79   0.16   0.35   0.16   0.01   0.03   0.83   0.15   0.22   0.92   0.93   0.03   0.95   0.01   0.01   0.01   0.01   0.01   0.01   0.77   0.09   0.91   0.99   0.99   0.12   0.13   0.12   0.96   0.94   0.97   0.08   0.13   0.47   0.03   0.09   0.92   0.16   0.94   0.91   0.97   0.95   0.89   0.96   0.99   0.80   0.70   0.79   0.22   0.63   0.13   0.90   0.09   0.09   0.92   0.77   0.93   0.80   0.96   0.99   0.06   0.86   0.88   0.10   0.96   0.94   
5.00   5.00   5.00   5.00   5.00   5.00   5.00   5.00   5.00   5.00   5.00   5.00   5.00   5.00   5.00   5.00   5.00   5.00   5.00   5.00   5.00   5.00   5.00   5.00   5.00   5.00   5.00   5.00   5.00   5.00   5.00   5.00   5.00   5.00   5.00   5.00   5.00   5.00   5.00   5.00   5.00   5.00   5.00   5.00   5.00   5.00   5.00   5.00   5.00   5.00   5.00   5.00   5.00   5.00   5.00   5.00   5.00   5.00   5.00   5.00   5.00   5.00   5.00   5.00   5.00   5.00   5.00   5.00   5.00   5.00   5.00   5.00   5.00   5.00   5.00   5.00   5.00   5.00   
0.01   0.01   0.12   0.12   0.12   0.02   0.49   0.09   0.15   0.84   0.25   0.19   0.19   0.79   0.20   0.33   0.15   0.01   0.02   0.81   0.14   0.20   0.91   0.92   0.03   0.94   0.01   0.01   0.01   0.01   0.01   0.01   0.74   0.08   0.90   0.98   0.99   0.12   0.12   0.15   0.96   0.94   0.97   0.07   0.16   0.44   0.03   0.11   0.91   0.20   0.94   0.91   0.97   0.94   0.87   0.96   0.99   0.80   0.68   0.78   0.20   0.65   0.16   0.89   0.09   0.09   0.92   0.75   0.92   0.78   0.96   0.99   0.05   0.85   0.89   0.10   0.95   0.94   
5.00   5.00   5.00   5.00   5.00   5.00   5.00   5.00   5.00   5.00   5.00   5.00   5.00   5.00   5.00   5.00   5.00   5.00   5.00   5.00   5.00   5.00   5.00   5.00   5.00   5.00   5.00   5.00   5.00   5.00   5.00   5.00   5.00   5.00   5.00   5.00   5.00   5.00   5.00   5.00   5.00   5.00   5.00   5.00   5.00   5.00   5.00   5.00   5.00   5.00   5.00   5.00   5.00   5.00   5.00   5.00   5.00   5.00   5.00   5.00   5.00   5.00   5.00   5.00   5.00   5.00   5.00   5.00   5.00   5.00   5.00   5.00   5.00   5.00   5.00   5.00   5.00   5.00   
0.01   0.01   0.11   0.11   0.11   0.03   0.45   0.08   0.14   0.83   0.23   0.17   0.17   0.77   0.18   0.30   0.14   0.01   0.02   0.79   0.13   0.18   0.90   0.91   0.03   0.93   0.01   0.01   0.01   0.01   0.01   0.01   0.72   0.08   0.88   0.98   0.99   0.11   0.11   0.14   0.96   0.93   0.97   0.10   0.15   0.40   0.03   0.10   0.90   0.18   0.95   0.90   0.97   0.94   0.86   0.95   0.99   0.78   0.65   0.75   0.19   0.62   0.15   0.88   0.08   0.08   0.91   0.73   0.92   0.76   0.95   0.99   0.05   0.83   0.87   0.09   0.94   0.93   
5.00   5.00   5.00   5.00   5.00   5.00   5.00   5.00   5.00   5.00   5.00   5.00   5.00   5.00   5.00   5.00   5.00   5.00   5.00   5.00   5.00   5.00   5.00   5.00   5.00   5.00   5.00   5.00   5.00   5.00   5.00   5.00   5.00   5.00   5.00   5.00   5.00   5.00   5.00   5.00   5.00   5.00   5.00   5.00   5.00   5.00   5.00   5.00   5.00   5.00   5.00   5.00   5.00   5.00   5.00   5.00   5.00   5.00   5.00   5.00   5.00   5.00   5.00   5.00   5.00   5.00   5.00   5.00   5.00   5.00   5.00   5.00   5.00   5.00   5.00   5.00   5.00   5.00   
0.01   0.01   0.10   0.10   0.10   0.03   0.42   0.08   0.13   0.81   0.22   0.19   0.16   0.75   0.17   0.28   0.13   0.01   0.02   0.77   0.12   0.20   0.89   0.91   0.04   0.93   0.01   0.01   0.01   0.01   0.01   0.01   0.69   0.07   0.87   0.98   0.99   0.10   0.10   0.16   0.96   0.93   0.97   0.10   0.17   0.38   0.03   0.10   0.89   0.17   0.94   0.89   0.96   0.93   0.85   0.94   0.99   0.77   0.63   0.73   0.18   0.60   0.14   0.86   0.08   0.08   0.90   0.70   0.92   0.74   0.95   0.99   0.05   0.81   0.86   0.09   0.93   0.92   
5.00   5.00   5.00   5.00   5.00   5.00   5.00   5.00   5.00   5.00   5.00   5.00   5.00   5.00   5.00   5.00   5.00   5.00   5.00   5.00   5.00   5.00   5.00   5.00   5.00   5.00   5.00   5.00   5.00   5.00   5.00   5.00   5.00   5.00   5.00   5.00   5.00   5.00   5.00   5.00   5.00   5.00   5.00   5.00   5.00   5.00   5.00   5.00   5.00   5.00   5.00   5.00   5.00   5.00   5.00   5.00   5.00   5.00   5.00   5.00   5.00   5.00   5.00   5.00   5.00   5.00   5.00   5.00   5.00   5.00   5.00   5.00   5.00   5.00   5.00   5.00   5.00   5.00   
0.01   0.01   0.11   0.11   0.11   0.03   0.44   0.07   0.14   0.81   0.23   0.20   0.16   0.75   0.19   0.27   0.12   0.01   0.02   0.77   0.12   0.21   0.89   0.91   0.04   0.93   0.01   0.01   0.01   0.01   0.01   0.01   0.69   0.08   0.87   0.98   0.99   0.11   0.11   0.15   0.96   0.93   0.97   0.09   0.16   0.39   0.03   0.10   0.88   0.17   0.94   0.88   0.96   0.93   0.84   0.94   0.99   0.76   0.62   0.72   0.17   0.61   0.16   0.86   0.08   0.07   0.90   0.69   0.91   0.74   0.94   0.99   0.05   0.81   0.86   0.09   0.93   0.93   
5.00   5.00   5.00   5.00   5.00   5.00   5.00   5.00   5.00   5.00   5.00   5.00   5.00   5.00   5.00   5.00   5.00   5.00   5.00   5.00   5.00   5.00   5.00   5.00   5.00   5.00   5.00   5.00   5.00   5.00   5.00   5.00   5.00   5.00   5.00   5.00   5.00   5.00   5.00   5.00   5.00   5.00   5.00   5.00   5.00   5.00   5.00   5.00   5.00   5.00   5.00   5.00   5.00   5.00   5.00   5.00   5.00   5.00   5.00   5.00   5.00   5.00   5.00   5.00   5.00   5.00   5.00   5.00   5.00   5.00   5.00   5.00   5.00   5.00   5.00   5.00   5.00   5.00   
0.01   0.01   0.10   0.10   0.10   0.08   0.39   0.06   0.13   0.82   0.22   0.36   0.15   0.78   0.17   0.24   0.11   0.01   0.02   0.72   0.11   0.36   0.85   0.91   0.05   0.91   0.01   0.01   0.01   0.01   0.01   0.01   0.72   0.07   0.87   0.96   0.99   0.10   0.10   0.16   0.96   0.94   0.95   0.09   0.31   0.35   0.04   0.10   0.88   0.15   0.94   0.85   0.96   0.90   0.80   0.94   0.99   0.78   0.57   0.75   0.29   0.66   0.15   0.86   0.09   0.06   0.86   0.64   0.88   0.69   0.92   0.99   0.05   0.83   0.87   0.10   0.93   0.93   
5.00   5.00   5.00   5.00   5.00   5.00   5.00   5.00   5.00   5.00   5.00   5.00   5.00   5.00   5.00   5.00   5.00   5.00   5.00   5.00   5.00   5.00   5.00   5.00   5.00   5.00   5.00   5.00   5.00   5.00   5.00   5.00   5.00   5.00   5.00   5.00   5.00   5.00   5.00   5.00   5.00   5.00   5.00   5.00   5.00   5.00   5.00   5.00   5.00   5.00   5.00   5.00   5.00   5.00   5.00   5.00   5.00   5.00   5.00   5.00   5.00   5.00   5.00   5.00   5.00   5.00   5.00   5.00   5.00   5.00   5.00   5.00   5.00   5.00   5.00   5.00   5.00   5.00   
0.01   0.01   0.10   0.10   0.10   0.08   0.39   0.06   0.13   0.82   0.22   0.36   0.15   0.78   0.17   0.24   0.11   0.01   0.02   0.72   0.11   0.36   0.85   0.91   0.05   0.91   0.01   0.01   0.01   0.01   0.01   0.01   0.72   0.07   0.87   0.96   0.99   0.10   0.10   0.16   0.96   0.94   0.95   0.09   0.31   0.35   0.04   0.10   0.88   0.15   0.94   0.85   0.96   0.90   0.80   0.94   0.99   0.78   0.57   0.75   0.29   0.66   0.15   0.86   0.09   0.06   0.86   0.64   0.88   0.69   0.92   0.99   0.05   0.83   0.87   0.10   0.93   0.93   
